155
0 7
0 11
0 13
0 21
0 29
0 36
0 44
0 55
0 58
0 83
0 94
0 99
0 103
0 107
0 110
0 113
0 122
0 130
0 137
0 143
0 145
0 146
1 3
1 4
1 5
1 14
1 17
1 19
1 22
1 26
1 28
1 29
1 38
1 43
1 47
1 55
1 56
1 61
1 66
1 79
1 82
1 83
1 84
1 94
1 98
1 100
1 110
1 111
1 116
1 129
1 133
1 134
1 139
1 146
1 147
2 5
2 15
2 25
2 34
2 35
2 37
2 38
2 40
2 48
2 60
2 66
2 72
2 77
2 81
2 84
2 87
2 94
2 95
2 99
2 109
2 113
2 122
2 125
2 128
2 129
2 130
2 134
2 135
2 139
2 140
2 141
2 144
2 145
2 154
3 2
3 7
3 8
3 9
3 11
3 17
3 19
3 29
3 34
3 39
3 44
3 47
3 52
3 57
3 64
3 69
3 76
3 78
3 82
3 89
3 90
3 92
3 110
3 119
3 124
3 126
3 133
3 134
3 142
3 152
3 153
4 1
4 7
4 9
4 12
4 20
4 23
4 26
4 28
4 29
4 30
4 33
4 34
4 36
4 39
4 41
4 47
4 50
4 54
4 59
4 67
4 94
4 98
4 106
4 107
4 108
4 110
4 111
4 114
4 117
4 129
4 133
4 134
4 137
4 138
4 141
4 142
4 149
4 153
4 154
5 0
5 6
5 12
5 16
5 22
5 24
5 25
5 26
5 39
5 41
5 51
5 55
5 62
5 67
5 74
5 83
5 86
5 90
5 93
5 99
5 101
5 116
5 119
5 120
5 121
5 129
5 139
5 144
5 148
5 154
6 4
6 8
6 11
6 13
6 15
6 19
6 30
6 34
6 38
6 45
6 47
6 51
6 54
6 59
6 61
6 62
6 65
6 72
6 92
6 105
6 107
6 108
6 109
6 110
6 122
6 129
6 137
6 145
6 152
6 153
7 0
7 3
7 16
7 19
7 25
7 33
7 37
7 43
7 47
7 48
7 50
7 52
7 58
7 63
7 67
7 69
7 71
7 72
7 73
7 101
7 102
7 106
7 110
7 112
7 113
7 115
7 122
7 124
7 134
7 135
7 136
7 139
7 140
7 141
7 143
7 145
7 154
8 10
8 12
8 18
8 19
8 20
8 24
8 31
8 38
8 41
8 48
8 51
8 53
8 60
8 62
8 64
8 69
8 72
8 84
8 95
8 96
8 101
8 102
8 108
8 112
8 114
8 116
8 133
8 142
8 149
8 151
8 152
9 2
9 11
9 17
9 19
9 23
9 25
9 33
9 34
9 35
9 36
9 37
9 40
9 45
9 48
9 50
9 52
9 58
9 62
9 63
9 65
9 76
9 82
9 87
9 91
9 92
9 93
9 96
9 97
9 102
9 105
9 114
9 117
9 122
9 129
9 131
9 139
9 147
10 4
10 5
10 8
10 9
10 20
10 21
10 28
10 32
10 34
10 35
10 36
10 49
10 52
10 53
10 54
10 65
10 72
10 73
10 74
10 77
10 81
10 82
10 84
10 93
10 97
10 99
10 106
10 107
10 111
10 112
10 115
10 117
10 120
10 143
10 146
10 150
11 2
11 5
11 17
11 31
11 37
11 40
11 43
11 45
11 49
11 54
11 60
11 61
11 69
11 73
11 79
11 81
11 106
11 114
11 120
11 121
11 122
11 123
11 124
11 126
11 134
11 138
11 151
11 152
11 154
12 1
12 6
12 13
12 15
12 18
12 20
12 29
12 31
12 42
12 48
12 53
12 55
12 61
12 65
12 66
12 67
12 68
12 71
12 82
12 83
12 85
12 93
12 94
12 100
12 101
12 106
12 117
12 120
12 122
12 126
12 139
12 143
12 146
13 0
13 1
13 4
13 6
13 9
13 12
13 17
13 19
13 20
13 22
13 30
13 33
13 35
13 36
13 43
13 53
13 57
13 60
13 63
13 69
13 72
13 74
13 77
13 81
13 84
13 85
13 92
13 100
13 105
13 113
13 119
13 120
13 134
13 136
13 140
13 148
13 150
13 152
14 1
14 2
14 11
14 26
14 33
14 35
14 36
14 39
14 43
14 48
14 51
14 53
14 56
14 59
14 61
14 65
14 81
14 96
14 97
14 98
14 101
14 102
14 109
14 112
14 113
14 115
14 118
14 120
14 121
14 125
14 126
14 130
14 131
14 132
14 136
14 137
14 139
14 142
14 146
14 148
14 150
14 151
15 3
15 6
15 13
15 19
15 22
15 29
15 34
15 42
15 50
15 54
15 56
15 57
15 63
15 65
15 68
15 83
15 90
15 91
15 92
15 98
15 100
15 103
15 104
15 107
15 108
15 109
15 120
15 125
15 130
15 145
15 146
16 0
16 6
16 12
16 14
16 31
16 33
16 39
16 43
16 52
16 55
16 56
16 59
16 64
16 66
16 79
16 82
16 83
16 87
16 91
16 98
16 107
16 113
16 115
16 116
16 129
16 131
16 134
16 139
16 140
16 141
17 0
17 1
17 5
17 11
17 13
17 15
17 16
17 18
17 21
17 23
17 25
17 27
17 28
17 29
17 34
17 46
17 49
17 59
17 63
17 71
17 75
17 86
17 91
17 96
17 102
17 103
17 104
17 106
17 109
17 112
17 121
17 122
17 130
17 138
17 143
17 144
17 145
17 151
18 7
18 10
18 16
18 29
18 30
18 32
18 48
18 51
18 59
18 66
18 69
18 71
18 76
18 78
18 80
18 90
18 97
18 98
18 118
18 121
18 124
18 125
18 127
18 130
18 136
18 147
18 150
18 151
18 152
19 0
19 5
19 8
19 18
19 20
19 22
19 23
19 30
19 39
19 45
19 47
19 50
19 58
19 64
19 66
19 69
19 71
19 77
19 81
19 88
19 97
19 104
19 105
19 106
19 116
19 127
19 128
19 145
19 147
19 150
19 151
19 152
20 16
20 17
20 31
20 40
20 43
20 46
20 48
20 56
20 57
20 58
20 62
20 64
20 65
20 66
20 67
20 69
20 85
20 86
20 92
20 100
20 112
20 113
20 114
20 116
20 121
20 124
20 125
20 146
20 153
21 0
21 10
21 11
21 18
21 20
21 22
21 29
21 32
21 36
21 37
21 47
21 48
21 50
21 63
21 74
21 75
21 82
21 84
21 89
21 91
21 94
21 109
21 111
21 113
21 116
21 117
21 135
21 137
21 151
21 153
22 11
22 13
22 31
22 32
22 34
22 39
22 43
22 52
22 58
22 59
22 66
22 74
22 80
22 85
22 87
22 89
22 93
22 104
22 109
22 112
22 133
22 138
22 139
22 140
22 152
23 14
23 20
23 22
23 44
23 49
23 54
23 56
23 57
23 64
23 66
23 67
23 75
23 82
23 87
23 90
23 94
23 96
23 97
23 101
23 102
23 104
23 107
23 110
23 115
23 126
23 151
23 153
24 0
24 8
24 13
24 14
24 19
24 25
24 27
24 36
24 37
24 46
24 55
24 59
24 68
24 71
24 73
24 76
24 77
24 81
24 85
24 90
24 92
24 95
24 96
24 97
24 103
24 108
24 110
24 116
24 119
24 122
24 127
24 139
25 0
25 6
25 15
25 17
25 19
25 23
25 45
25 49
25 50
25 53
25 55
25 64
25 65
25 67
25 69
25 70
25 78
25 82
25 94
25 98
25 100
25 101
25 105
25 110
25 112
25 113
25 124
25 131
25 152
26 7
26 8
26 10
26 22
26 25
26 32
26 39
26 57
26 61
26 64
26 74
26 75
26 77
26 78
26 91
26 93
26 94
26 95
26 104
26 109
26 123
26 128
26 146
26 151
27 1
27 10
27 12
27 15
27 20
27 24
27 34
27 38
27 41
27 42
27 43
27 45
27 49
27 55
27 60
27 72
27 74
27 75
27 87
27 89
27 90
27 105
27 106
27 109
27 111
27 114
27 120
27 123
27 124
27 126
27 129
27 130
27 140
27 145
27 146
27 148
27 149
27 154
28 1
28 5
28 7
28 11
28 17
28 20
28 29
28 31
28 32
28 42
28 52
28 61
28 62
28 70
28 71
28 75
28 81
28 89
28 91
28 92
28 95
28 97
28 100
28 105
28 106
28 107
28 110
28 116
28 118
28 121
28 138
28 140
28 143
28 145
28 148
28 149
28 150
29 2
29 16
29 17
29 23
29 26
29 27
29 33
29 34
29 52
29 66
29 67
29 70
29 72
29 75
29 78
29 80
29 81
29 83
29 84
29 85
29 95
29 101
29 102
29 104
29 106
29 116
29 120
29 121
29 122
29 124
29 125
29 126
29 127
29 130
29 143
29 144
29 145
29 149
29 150
29 153
30 2
30 4
30 6
30 8
30 11
30 12
30 21
30 29
30 35
30 38
30 46
30 48
30 50
30 67
30 68
30 70
30 82
30 89
30 90
30 91
30 101
30 109
30 122
30 124
30 125
30 127
30 128
30 144
30 148
30 149
31 4
31 24
31 29
31 51
31 58
31 62
31 65
31 73
31 76
31 80
31 81
31 82
31 87
31 92
31 93
31 95
31 114
31 115
31 118
31 124
31 135
31 137
31 151
31 154
32 12
32 17
32 25
32 42
32 46
32 48
32 51
32 65
32 68
32 69
32 71
32 87
32 97
32 98
32 100
32 101
32 102
32 111
32 113
32 114
32 119
32 125
32 132
32 134
32 136
32 140
32 151
33 9
33 14
33 17
33 25
33 27
33 28
33 35
33 39
33 40
33 43
33 51
33 53
33 54
33 69
33 80
33 84
33 94
33 95
33 98
33 108
33 109
33 114
33 115
33 128
33 133
33 138
33 149
34 1
34 2
34 6
34 8
34 11
34 14
34 15
34 16
34 24
34 26
34 27
34 29
34 31
34 35
34 36
34 46
34 51
34 58
34 63
34 69
34 79
34 81
34 82
34 96
34 98
34 100
34 102
34 104
34 105
34 106
34 107
34 110
34 112
34 113
34 116
34 119
34 124
34 137
34 152
35 4
35 10
35 11
35 13
35 14
35 15
35 21
35 28
35 29
35 44
35 47
35 52
35 53
35 67
35 74
35 81
35 87
35 97
35 99
35 108
35 110
35 123
35 124
35 131
35 133
35 138
35 139
35 144
35 145
35 147
36 1
36 3
36 9
36 17
36 22
36 24
36 27
36 31
36 34
36 38
36 40
36 45
36 48
36 54
36 56
36 57
36 69
36 77
36 79
36 88
36 89
36 95
36 97
36 102
36 103
36 115
36 118
36 125
36 128
36 133
36 138
36 140
36 144
37 2
37 3
37 17
37 23
37 25
37 30
37 40
37 45
37 54
37 68
37 76
37 82
37 86
37 88
37 92
37 101
37 102
37 104
37 114
37 115
37 119
37 126
37 130
37 148
37 149
38 3
38 9
38 11
38 21
38 27
38 33
38 35
38 36
38 48
38 49
38 51
38 58
38 74
38 75
38 80
38 90
38 93
38 96
38 97
38 99
38 101
38 103
38 117
38 120
38 123
38 132
38 136
38 138
38 143
38 148
38 151
39 1
39 13
39 17
39 21
39 23
39 28
39 33
39 34
39 35
39 36
39 46
39 50
39 51
39 54
39 64
39 76
39 82
39 90
39 91
39 96
39 98
39 109
39 110
39 116
39 117
39 124
39 125
39 129
39 141
39 144
39 145
39 150
39 153
40 5
40 10
40 11
40 15
40 18
40 20
40 24
40 31
40 37
40 38
40 41
40 46
40 48
40 52
40 58
40 72
40 73
40 75
40 76
40 78
40 107
40 108
40 116
40 120
40 121
40 127
40 129
40 133
40 137
40 144
40 145
40 146
41 1
41 3
41 8
41 11
41 17
41 22
41 33
41 39
41 45
41 46
41 47
41 52
41 54
41 55
41 57
41 59
41 63
41 71
41 72
41 74
41 79
41 83
41 90
41 102
41 108
41 109
41 115
41 122
41 126
41 132
41 138
41 147
41 149
41 154
42 1
42 3
42 4
42 11
42 14
42 20
42 22
42 27
42 31
42 33
42 34
42 41
42 49
42 50
42 55
42 56
42 76
42 89
42 92
42 97
42 110
42 111
42 114
42 117
42 119
42 120
42 133
42 144
42 148
42 149
42 151
43 6
43 14
43 21
43 22
43 25
43 28
43 32
43 34
43 36
43 42
43 46
43 52
43 55
43 57
43 59
43 60
43 61
43 65
43 66
43 70
43 75
43 78
43 85
43 93
43 97
43 99
43 105
43 108
43 116
43 117
43 119
43 125
43 137
43 141
43 146
43 149
43 150
43 153
44 2
44 4
44 17
44 21
44 35
44 47
44 49
44 50
44 54
44 55
44 60
44 66
44 71
44 72
44 73
44 74
44 75
44 81
44 82
44 88
44 107
44 114
44 123
44 127
44 136
44 145
44 151
44 154
45 6
45 10
45 11
45 15
45 18
45 26
45 27
45 32
45 33
45 51
45 52
45 53
45 57
45 59
45 70
45 72
45 74
45 75
45 77
45 84
45 91
45 92
45 99
45 103
45 110
45 111
45 121
45 123
45 126
45 131
45 140
45 144
45 146
45 148
45 154
46 2
46 16
46 28
46 33
46 42
46 44
46 49
46 61
46 67
46 72
46 74
46 78
46 79
46 82
46 85
46 94
46 99
46 101
46 103
46 107
46 109
46 111
46 124
46 125
46 138
46 150
46 154
47 0
47 10
47 14
47 15
47 19
47 22
47 23
47 24
47 27
47 32
47 34
47 36
47 37
47 38
47 40
47 46
47 50
47 53
47 57
47 58
47 63
47 69
47 78
47 79
47 80
47 93
47 97
47 99
47 107
47 109
47 111
47 116
47 122
47 129
47 133
48 6
48 8
48 15
48 16
48 20
48 22
48 52
48 56
48 57
48 58
48 61
48 62
48 65
48 66
48 68
48 72
48 78
48 79
48 84
48 85
48 92
48 93
48 98
48 99
48 101
48 107
48 117
48 122
48 125
48 127
48 128
48 130
48 138
48 149
48 152
49 0
49 5
49 10
49 13
49 17
49 24
49 34
49 37
49 41
49 45
49 52
49 56
49 64
49 65
49 67
49 69
49 75
49 79
49 80
49 89
49 94
49 101
49 112
49 116
49 118
49 120
49 124
49 130
49 132
49 135
49 151
50 9
50 13
50 14
50 15
50 16
50 18
50 21
50 29
50 37
50 41
50 47
50 59
50 61
50 69
50 73
50 74
50 89
50 96
50 111
50 113
50 115
50 118
50 129
50 130
50 139
50 140
50 141
50 142
50 149
50 152
50 154
51 2
51 8
51 11
51 19
51 23
51 24
51 29
51 36
51 42
51 45
51 49
51 55
51 60
51 69
51 76
51 79
51 80
51 91
51 93
51 100
51 103
51 120
51 121
51 122
51 129
51 130
51 139
51 141
51 144
51 146
51 149
51 153
52 0
52 17
52 24
52 31
52 50
52 56
52 62
52 63
52 66
52 67
52 71
52 74
52 75
52 76
52 91
52 93
52 96
52 97
52 108
52 123
52 131
52 132
52 141
52 143
52 145
52 153
53 3
53 6
53 7
53 16
53 17
53 20
53 25
53 26
53 27
53 28
53 31
53 35
53 36
53 37
53 54
53 55
53 61
53 67
53 68
53 86
53 90
53 93
53 97
53 100
53 103
53 110
53 112
53 118
53 123
53 135
53 138
54 2
54 5
54 10
54 11
54 14
54 15
54 18
54 51
54 56
54 58
54 59
54 62
54 64
54 66
54 68
54 75
54 78
54 80
54 83
54 88
54 89
54 90
54 94
54 95
54 104
54 111
54 121
54 122
54 125
54 129
54 133
54 135
54 139
54 150
55 22
55 25
55 26
55 33
55 37
55 40
55 45
55 49
55 53
55 56
55 58
55 64
55 65
55 67
55 69
55 93
55 106
55 107
55 109
55 112
55 116
55 118
55 122
55 123
55 127
55 145
56 0
56 4
56 8
56 13
56 16
56 25
56 26
56 29
56 33
56 39
56 44
56 54
56 60
56 61
56 63
56 67
56 78
56 83
56 84
56 95
56 96
56 115
56 116
56 127
56 131
56 132
56 145
56 146
57 2
57 7
57 12
57 14
57 28
57 33
57 38
57 40
57 41
57 46
57 49
57 55
57 59
57 60
57 73
57 74
57 78
57 80
57 86
57 89
57 97
57 101
57 111
57 115
57 120
57 121
57 123
57 127
57 128
57 132
57 139
57 140
57 141
57 143
57 147
57 148
58 8
58 9
58 23
58 26
58 36
58 55
58 65
58 74
58 90
58 97
58 103
58 107
58 112
58 121
58 122
58 124
58 125
58 132
58 137
58 138
58 139
58 141
58 148
59 4
59 13
59 14
59 16
59 17
59 25
59 28
59 29
59 31
59 38
59 40
59 45
59 52
59 55
59 58
59 61
59 63
59 72
59 74
59 77
59 79
59 91
59 95
59 96
59 97
59 100
59 111
59 113
59 116
59 117
59 120
59 127
59 128
59 138
59 139
59 142
59 154
60 0
60 1
60 3
60 8
60 9
60 11
60 12
60 13
60 26
60 27
60 34
60 35
60 37
60 43
60 44
60 45
60 50
60 58
60 61
60 62
60 65
60 67
60 70
60 74
60 86
60 99
60 101
60 104
60 116
60 119
60 122
60 124
60 127
60 128
60 136
60 144
60 145
60 150
60 152
60 153
61 12
61 21
61 43
61 45
61 47
61 59
61 66
61 80
61 82
61 89
61 91
61 92
61 94
61 104
61 111
61 114
61 127
61 136
61 142
61 145
61 149
61 150
61 151
62 3
62 10
62 12
62 18
62 19
62 20
62 23
62 32
62 36
62 39
62 42
62 48
62 53
62 59
62 61
62 65
62 78
62 90
62 95
62 97
62 107
62 108
62 118
62 122
62 123
62 124
62 133
62 135
62 138
62 143
62 144
62 147
62 152
63 6
63 9
63 12
63 24
63 25
63 33
63 37
63 48
63 54
63 55
63 56
63 58
63 60
63 64
63 71
63 75
63 77
63 87
63 89
63 90
63 94
63 99
63 103
63 109
63 112
63 114
63 124
63 127
63 129
63 134
63 135
63 137
63 141
63 143
64 1
64 2
64 5
64 6
64 8
64 11
64 12
64 16
64 20
64 21
64 22
64 23
64 29
64 31
64 52
64 55
64 57
64 58
64 62
64 65
64 69
64 79
64 89
64 96
64 97
64 99
64 105
64 106
64 112
64 114
64 116
64 119
64 120
64 130
64 136
64 142
64 145
64 146
64 148
64 150
65 5
65 10
65 11
65 15
65 18
65 29
65 61
65 62
65 86
65 90
65 109
65 111
65 120
65 127
65 136
65 141
65 143
65 148
65 152
65 153
66 9
66 20
66 23
66 25
66 26
66 28
66 33
66 34
66 35
66 40
66 48
66 49
66 51
66 52
66 54
66 58
66 61
66 62
66 70
66 79
66 80
66 84
66 89
66 90
66 96
66 97
66 100
66 104
66 105
66 112
66 114
66 115
66 117
66 121
66 124
66 126
66 132
66 134
66 136
66 137
66 139
66 143
66 147
66 148
66 151
67 0
67 3
67 7
67 11
67 20
67 21
67 25
67 29
67 41
67 55
67 65
67 66
67 68
67 70
67 73
67 74
67 76
67 93
67 95
67 96
67 99
67 123
67 130
67 132
67 137
67 138
67 146
67 147
67 151
67 152
67 154
68 0
68 10
68 13
68 16
68 20
68 22
68 29
68 33
68 35
68 38
68 42
68 51
68 53
68 56
68 66
68 70
68 81
68 83
68 88
68 109
68 112
68 115
68 123
68 132
68 140
68 151
69 6
69 7
69 11
69 12
69 18
69 22
69 35
69 37
69 41
69 50
69 64
69 68
69 79
69 80
69 91
69 95
69 108
69 113
69 114
69 120
69 125
69 130
69 135
69 143
69 145
69 146
70 4
70 20
70 25
70 27
70 28
70 30
70 32
70 43
70 49
70 50
70 56
70 58
70 61
70 74
70 80
70 85
70 95
70 98
70 101
70 102
70 105
70 119
70 122
70 129
70 134
70 140
70 152
71 3
71 15
71 21
71 30
71 35
71 36
71 40
71 52
71 59
71 60
71 81
71 86
71 90
71 93
71 94
71 96
71 97
71 98
71 99
71 102
71 106
71 113
71 117
71 118
71 120
71 125
71 135
71 148
71 151
72 3
72 10
72 11
72 30
72 32
72 34
72 41
72 54
72 55
72 63
72 70
72 71
72 76
72 79
72 87
72 89
72 98
72 103
72 114
72 123
72 126
72 127
72 138
72 141
72 142
72 146
73 2
73 7
73 8
73 12
73 21
73 22
73 24
73 29
73 30
73 31
73 39
73 40
73 44
73 46
73 54
73 56
73 63
73 74
73 75
73 98
73 105
73 107
73 112
73 115
73 119
73 124
73 125
73 131
73 134
73 141
73 151
74 6
74 11
74 13
74 14
74 15
74 19
74 23
74 24
74 32
74 34
74 39
74 41
74 51
74 58
74 63
74 65
74 69
74 76
74 85
74 92
74 99
74 105
74 113
74 116
74 124
74 126
74 137
74 144
75 1
75 3
75 12
75 13
75 14
75 26
75 28
75 31
75 43
75 45
75 54
75 56
75 61
75 64
75 66
75 70
75 72
75 73
75 78
75 80
75 82
75 87
75 90
75 99
75 101
75 103
75 109
75 112
75 115
75 117
75 128
75 129
75 132
75 137
75 139
75 140
75 144
75 146
75 151
75 154
76 2
76 6
76 7
76 10
76 11
76 12
76 18
76 19
76 20
76 22
76 27
76 40
76 43
76 64
76 67
76 68
76 70
76 78
76 80
76 81
76 82
76 83
76 89
76 96
76 105
76 108
76 120
76 121
76 124
76 125
76 127
76 130
76 134
76 138
76 147
76 148
76 151
77 0
77 3
77 17
77 32
77 36
77 38
77 44
77 50
77 68
77 85
77 86
77 90
77 98
77 99
77 101
77 105
77 113
77 119
77 126
77 135
77 136
77 147
77 148
78 7
78 12
78 21
78 28
78 40
78 41
78 55
78 65
78 69
78 71
78 77
78 79
78 82
78 89
78 92
78 94
78 95
78 96
78 99
78 103
78 111
78 120
78 123
78 129
78 132
78 140
78 152
79 4
79 8
79 10
79 19
79 22
79 24
79 31
79 33
79 56
79 57
79 62
79 66
79 67
79 76
79 87
79 94
79 96
79 112
79 116
79 119
79 137
79 142
79 150
79 153
80 1
80 2
80 8
80 9
80 18
80 22
80 25
80 30
80 31
80 34
80 45
80 46
80 49
80 52
80 59
80 65
80 68
80 70
80 76
80 77
80 82
80 83
80 87
80 89
80 91
80 94
80 95
80 96
80 97
80 100
80 106
80 108
80 111
80 118
80 119
80 130
80 144
81 5
81 10
81 11
81 13
81 30
81 38
81 46
81 47
81 50
81 52
81 57
81 69
81 74
81 86
81 90
81 96
81 112
81 120
81 124
81 126
81 130
81 153
82 0
82 1
82 13
82 14
82 19
82 30
82 36
82 41
82 45
82 57
82 72
82 76
82 77
82 89
82 94
82 102
82 105
82 111
82 122
82 133
82 134
82 140
82 144
82 149
82 150
83 1
83 8
83 9
83 16
83 17
83 22
83 32
83 33
83 35
83 45
83 46
83 55
83 66
83 69
83 71
83 78
83 90
83 91
83 94
83 102
83 108
83 115
83 120
83 124
83 126
83 131
83 133
83 134
83 139
83 140
83 146
83 152
83 153
84 6
84 7
84 9
84 16
84 17
84 18
84 33
84 35
84 44
84 48
84 51
84 61
84 64
84 65
84 74
84 77
84 89
84 90
84 96
84 100
84 114
84 134
84 139
84 142
84 143
84 144
84 147
84 152
85 1
85 13
85 14
85 20
85 21
85 28
85 29
85 38
85 55
85 57
85 58
85 65
85 70
85 76
85 80
85 83
85 92
85 101
85 102
85 104
85 108
85 125
85 137
85 148
85 152
86 1
86 5
86 6
86 15
86 16
86 38
86 48
86 58
86 59
86 61
86 62
86 64
86 69
86 72
86 79
86 89
86 90
86 91
86 96
86 98
86 101
86 103
86 124
86 126
86 129
86 136
86 137
86 139
86 145
87 1
87 2
87 3
87 4
87 5
87 7
87 8
87 14
87 19
87 22
87 25
87 26
87 30
87 31
87 36
87 48
87 49
87 54
87 55
87 59
87 61
87 62
87 63
87 64
87 69
87 74
87 77
87 79
87 80
87 98
87 104
87 108
87 123
87 124
87 126
87 129
87 130
87 136
87 140
87 142
87 145
87 148
87 152
88 2
88 7
88 16
88 18
88 28
88 38
88 39
88 53
88 57
88 68
88 73
88 74
88 80
88 81
88 84
88 85
88 86
88 91
88 96
88 106
88 112
88 117
88 119
88 122
88 129
88 131
88 140
89 10
89 16
89 20
89 26
89 28
89 47
89 49
89 51
89 52
89 54
89 57
89 66
89 67
89 69
89 73
89 74
89 78
89 84
89 93
89 99
89 106
89 108
89 110
89 116
89 122
89 124
89 127
89 130
89 134
89 144
89 149
90 1
90 3
90 5
90 6
90 16
90 17
90 21
90 23
90 28
90 38
90 41
90 45
90 50
90 55
90 69
90 70
90 85
90 88
90 89
90 95
90 96
90 106
90 108
90 115
90 118
90 124
90 126
90 129
90 130
90 136
91 4
91 12
91 15
91 29
91 34
91 37
91 38
91 41
91 45
91 47
91 49
91 53
91 63
91 73
91 80
91 87
91 92
91 102
91 111
91 116
91 130
91 138
91 145
91 147
91 149
91 153
92 0
92 3
92 9
92 10
92 16
92 19
92 25
92 29
92 32
92 33
92 35
92 41
92 47
92 62
92 66
92 68
92 74
92 75
92 76
92 84
92 89
92 96
92 97
92 98
92 105
92 106
92 109
92 113
92 121
92 133
92 134
92 138
92 146
92 148
92 151
93 2
93 6
93 7
93 10
93 11
93 28
93 36
93 38
93 39
93 43
93 46
93 55
93 60
93 63
93 65
93 81
93 82
93 89
93 91
93 92
93 102
93 109
93 120
93 121
93 128
93 130
93 134
93 144
93 147
94 3
94 4
94 17
94 19
94 26
94 28
94 30
94 31
94 35
94 43
94 48
94 54
94 66
94 98
94 106
94 113
94 119
94 123
94 127
94 132
94 133
94 135
94 139
94 148
94 149
94 151
95 0
95 1
95 7
95 18
95 24
95 28
95 32
95 38
95 40
95 54
95 59
95 62
95 74
95 90
95 98
95 100
95 117
95 123
95 125
95 130
95 132
95 138
95 152
96 9
96 10
96 12
96 14
96 15
96 17
96 18
96 24
96 26
96 32
96 36
96 39
96 46
96 51
96 54
96 55
96 58
96 64
96 71
96 74
96 82
96 83
96 86
96 90
96 93
96 98
96 100
96 102
96 104
96 112
96 113
96 122
96 123
96 135
96 141
96 147
97 6
97 7
97 8
97 10
97 17
97 19
97 20
97 23
97 24
97 27
97 31
97 36
97 43
97 45
97 46
97 51
97 61
97 62
97 63
97 67
97 68
97 75
97 77
97 80
97 87
97 92
97 110
97 113
97 119
97 129
97 130
97 136
97 144
97 150
97 151
97 152
98 3
98 6
98 7
98 9
98 10
98 11
98 23
98 24
98 25
98 40
98 45
98 53
98 59
98 60
98 61
98 63
98 73
98 74
98 79
98 83
98 84
98 87
98 107
98 118
98 125
98 127
98 130
98 132
98 144
98 145
98 148
98 151
99 5
99 11
99 12
99 17
99 18
99 29
99 35
99 44
99 49
99 56
99 57
99 60
99 67
99 70
99 72
99 75
99 87
99 89
99 94
99 102
99 103
99 104
99 109
99 114
99 116
99 119
99 120
99 132
99 135
99 139
99 141
99 142
99 144
99 148
99 149
99 154
100 0
100 3
100 10
100 11
100 19
100 21
100 23
100 29
100 31
100 32
100 36
100 47
100 51
100 57
100 69
100 79
100 80
100 90
100 92
100 122
100 134
100 141
100 144
100 146
100 153
100 154
101 3
101 6
101 21
101 28
101 31
101 33
101 35
101 47
101 49
101 50
101 68
101 88
101 91
101 94
101 96
101 102
101 106
101 112
101 118
101 121
101 124
101 131
101 140
102 1
102 4
102 5
102 6
102 8
102 10
102 14
102 27
102 29
102 34
102 35
102 39
102 41
102 43
102 46
102 47
102 51
102 52
102 61
102 67
102 80
102 84
102 99
102 104
102 109
102 114
102 118
102 121
102 126
102 129
102 135
102 138
102 143
102 144
102 145
102 148
102 150
103 6
103 17
103 18
103 20
103 21
103 26
103 32
103 35
103 42
103 46
103 48
103 49
103 57
103 68
103 81
103 83
103 90
103 96
103 97
103 106
103 110
103 111
103 120
103 121
103 122
103 134
103 143
103 144
103 146
104 5
104 9
104 14
104 23
104 27
104 31
104 37
104 40
104 65
104 77
104 81
104 82
104 92
104 93
104 96
104 112
104 117
104 119
104 127
104 128
104 130
104 131
104 139
104 144
104 149
105 0
105 6
105 9
105 18
105 24
105 37
105 41
105 43
105 44
105 52
105 60
105 68
105 70
105 74
105 78
105 79
105 85
105 90
105 100
105 101
105 111
105 114
105 115
105 120
105 121
105 125
105 128
105 136
105 137
105 142
105 144
105 150
106 2
106 4
106 6
106 8
106 21
106 23
106 26
106 32
106 34
106 36
106 41
106 42
106 48
106 54
106 56
106 66
106 70
106 74
106 76
106 80
106 81
106 89
106 104
106 110
106 115
106 119
106 123
106 126
106 133
106 137
106 142
106 147
106 151
106 152
107 20
107 22
107 23
107 31
107 35
107 37
107 44
107 47
107 48
107 52
107 62
107 70
107 73
107 84
107 92
107 98
107 114
107 115
107 117
107 119
107 122
107 132
107 137
107 144
108 0
108 5
108 7
108 8
108 11
108 14
108 18
108 19
108 20
108 21
108 23
108 28
108 31
108 32
108 33
108 36
108 42
108 43
108 44
108 48
108 52
108 55
108 56
108 64
108 67
108 79
108 95
108 102
108 103
108 105
108 111
108 115
108 118
108 122
108 124
108 126
108 128
108 132
108 137
108 150
109 0
109 2
109 29
109 37
109 43
109 47
109 55
109 58
109 59
109 62
109 66
109 68
109 71
109 85
109 106
109 110
109 124
109 129
109 130
109 140
109 142
109 146
109 148
109 149
109 153
110 3
110 5
110 6
110 16
110 20
110 23
110 24
110 26
110 27
110 32
110 34
110 39
110 40
110 44
110 48
110 49
110 57
110 60
110 61
110 69
110 73
110 74
110 81
110 87
110 94
110 97
110 99
110 103
110 105
110 109
110 118
110 122
110 125
110 126
110 134
110 135
110 137
110 139
110 152
110 153
111 4
111 6
111 8
111 15
111 18
111 20
111 42
111 45
111 48
111 50
111 60
111 61
111 62
111 63
111 64
111 65
111 69
111 73
111 96
111 97
111 100
111 105
111 107
111 108
111 123
111 126
111 130
111 131
111 140
111 145
111 149
111 151
111 152
112 3
112 10
112 11
112 12
112 20
112 31
112 40
112 42
112 51
112 53
112 62
112 65
112 68
112 70
112 73
112 78
112 97
112 98
112 108
112 111
112 118
112 120
112 121
112 126
112 131
112 135
112 138
112 148
113 8
113 12
113 15
113 21
113 31
113 32
113 35
113 43
113 49
113 51
113 52
113 65
113 69
113 70
113 74
113 80
113 95
113 100
113 104
113 118
113 120
113 127
113 130
113 131
113 141
114 7
114 11
114 17
114 19
114 22
114 27
114 30
114 45
114 53
114 56
114 62
114 66
114 67
114 69
114 71
114 82
114 83
114 89
114 90
114 92
114 93
114 94
114 100
114 102
114 106
114 121
114 130
114 135
114 142
114 144
114 147
114 151
114 153
114 154
115 8
115 10
115 11
115 18
115 19
115 20
115 23
115 29
115 31
115 35
115 44
115 45
115 48
115 49
115 52
115 54
115 55
115 58
115 59
115 64
115 72
115 74
115 85
115 97
115 101
115 102
115 105
115 110
115 113
115 127
115 133
115 140
115 146
115 148
115 149
116 0
116 3
116 6
116 7
116 19
116 34
116 42
116 44
116 48
116 56
116 57
116 62
116 64
116 65
116 71
116 72
116 86
116 88
116 96
116 101
116 104
116 105
116 106
116 107
116 112
116 128
116 129
116 138
116 142
116 149
116 152
117 6
117 8
117 16
117 18
117 25
117 29
117 40
117 43
117 47
117 50
117 60
117 61
117 68
117 71
117 74
117 77
117 78
117 79
117 89
117 91
117 103
117 105
117 109
117 110
117 113
117 119
117 125
117 128
117 137
117 138
117 149
117 151
117 152
118 3
118 5
118 14
118 15
118 16
118 23
118 26
118 29
118 36
118 40
118 48
118 49
118 55
118 56
118 62
118 68
118 73
118 80
118 81
118 92
118 94
118 99
118 106
118 107
118 111
118 112
118 115
118 125
118 133
118 135
118 141
118 145
118 154
119 9
119 20
119 26
119 43
119 48
119 49
119 50
119 54
119 57
119 61
119 64
119 69
119 79
119 80
119 81
119 82
119 87
119 96
119 100
119 102
119 107
119 111
119 115
119 121
119 126
119 128
119 133
119 134
119 137
119 141
119 142
119 149
119 150
120 0
120 1
120 5
120 10
120 11
120 13
120 15
120 16
120 24
120 28
120 31
120 33
120 41
120 51
120 52
120 60
120 73
120 75
120 84
120 85
120 87
120 90
120 94
120 95
120 98
120 102
120 103
120 104
120 105
120 121
120 126
120 129
120 130
120 142
120 150
120 154
121 1
121 2
121 3
121 7
121 8
121 21
121 23
121 28
121 30
121 35
121 36
121 38
121 40
121 47
121 48
121 54
121 56
121 60
121 68
121 69
121 70
121 82
121 89
121 93
121 97
121 103
121 109
121 116
121 117
121 124
121 127
121 128
121 135
121 139
121 152
122 7
122 12
122 19
122 38
122 40
122 42
122 54
122 55
122 58
122 66
122 80
122 83
122 84
122 97
122 99
122 115
122 131
122 132
122 133
122 136
122 139
122 140
122 153
122 154
123 7
123 9
123 16
123 17
123 18
123 20
123 29
123 34
123 48
123 52
123 53
123 58
123 65
123 67
123 69
123 74
123 76
123 93
123 99
123 100
123 103
123 106
123 107
123 112
123 119
123 121
123 132
123 141
123 145
123 151
124 7
124 16
124 18
124 26
124 28
124 30
124 40
124 41
124 43
124 45
124 50
124 52
124 56
124 59
124 66
124 71
124 73
124 79
124 84
124 88
124 91
124 93
124 103
124 107
124 123
124 129
124 130
124 137
124 141
124 146
124 147
124 154
125 14
125 15
125 27
125 29
125 36
125 37
125 44
125 52
125 61
125 62
125 63
125 68
125 84
125 85
125 86
125 91
125 98
125 102
125 104
125 108
125 110
125 111
125 120
125 139
125 140
125 145
125 152
125 154
126 0
126 10
126 15
126 17
126 23
126 29
126 40
126 45
126 64
126 67
126 69
126 78
126 81
126 90
126 93
126 95
126 97
126 102
126 106
126 109
126 111
126 117
126 124
126 127
126 129
126 130
126 133
126 136
126 151
126 153
127 6
127 8
127 10
127 23
127 25
127 27
127 39
127 45
127 52
127 56
127 64
127 68
127 69
127 70
127 73
127 78
127 85
127 88
127 89
127 92
127 95
127 97
127 98
127 103
127 106
127 107
127 108
127 109
127 115
127 121
127 144
127 147
127 148
128 0
128 1
128 3
128 13
128 15
128 19
128 23
128 25
128 27
128 46
128 47
128 50
128 51
128 52
128 57
128 64
128 68
128 71
128 80
128 86
128 88
128 98
128 105
128 119
128 121
128 124
128 125
128 131
128 139
128 145
128 146
128 148
128 150
128 151
128 153
129 0
129 2
129 3
129 4
129 26
129 27
129 30
129 35
129 39
129 54
129 60
129 65
129 73
129 75
129 77
129 79
129 82
129 89
129 91
129 94
129 100
129 105
129 111
129 114
129 121
129 122
129 137
129 142
129 143
129 145
129 148
130 4
130 6
130 8
130 21
130 24
130 25
130 36
130 37
130 39
130 44
130 45
130 50
130 53
130 55
130 60
130 69
130 76
130 77
130 81
130 82
130 83
130 86
130 99
130 100
130 110
130 115
130 117
130 124
130 126
130 132
130 139
130 145
130 148
130 149
130 153
131 4
131 9
131 12
131 13
131 14
131 15
131 16
131 18
131 20
131 22
131 24
131 25
131 30
131 41
131 42
131 44
131 50
131 52
131 60
131 62
131 63
131 65
131 67
131 74
131 79
131 83
131 85
131 86
131 89
131 90
131 96
131 107
131 108
131 111
131 115
131 116
131 122
131 135
131 142
131 143
131 145
131 147
131 152
132 2
132 13
132 17
132 21
132 23
132 27
132 28
132 30
132 40
132 47
132 48
132 49
132 51
132 52
132 54
132 63
132 70
132 72
132 76
132 78
132 86
132 88
132 90
132 92
132 100
132 103
132 107
132 112
132 114
132 117
132 135
132 140
132 146
133 8
133 11
133 12
133 16
133 20
133 21
133 25
133 26
133 38
133 40
133 58
133 59
133 62
133 63
133 64
133 69
133 70
133 71
133 72
133 84
133 88
133 92
133 96
133 107
133 110
133 115
133 118
133 125
133 128
133 142
133 146
133 147
133 151
134 2
134 27
134 36
134 42
134 49
134 54
134 62
134 66
134 67
134 69
134 75
134 83
134 84
134 90
134 93
134 98
134 101
134 106
134 107
134 116
134 119
134 120
134 123
134 128
134 137
134 139
134 149
134 152
135 5
135 10
135 11
135 16
135 17
135 18
135 20
135 23
135 30
135 32
135 34
135 36
135 42
135 55
135 59
135 62
135 64
135 67
135 68
135 77
135 83
135 88
135 89
135 96
135 107
135 133
135 134
135 136
135 139
135 142
135 143
135 148
135 149
135 150
135 152
135 153
136 6
136 10
136 11
136 16
136 17
136 26
136 27
136 34
136 35
136 38
136 39
136 41
136 46
136 47
136 57
136 77
136 78
136 79
136 98
136 104
136 108
136 110
136 112
136 115
136 117
136 118
136 125
136 127
136 132
136 149
136 150
137 0
137 7
137 8
137 9
137 11
137 13
137 17
137 20
137 27
137 32
137 46
137 48
137 55
137 59
137 67
137 71
137 72
137 74
137 77
137 78
137 90
137 93
137 94
137 104
137 111
137 115
137 116
137 119
137 122
137 134
137 135
137 140
137 144
137 147
137 148
137 151
137 153
138 3
138 8
138 14
138 24
138 31
138 34
138 39
138 42
138 44
138 45
138 48
138 51
138 54
138 57
138 60
138 61
138 67
138 85
138 92
138 101
138 103
138 109
138 117
138 118
138 121
138 124
138 129
138 130
138 143
138 145
138 148
138 149
139 2
139 9
139 11
139 14
139 20
139 26
139 30
139 35
139 50
139 52
139 56
139 58
139 65
139 70
139 76
139 79
139 89
139 91
139 93
139 100
139 109
139 123
139 131
139 140
139 143
139 144
139 145
139 146
139 150
140 2
140 3
140 14
140 16
140 20
140 29
140 45
140 61
140 64
140 65
140 72
140 86
140 90
140 94
140 102
140 118
140 120
140 125
140 133
140 134
140 137
140 138
140 141
140 149
140 151
141 0
141 2
141 7
141 8
141 15
141 16
141 18
141 38
141 45
141 54
141 55
141 65
141 75
141 81
141 84
141 96
141 103
141 105
141 110
141 111
141 112
141 117
141 120
141 121
141 125
141 131
141 135
141 145
141 149
141 150
142 4
142 5
142 12
142 17
142 18
142 20
142 27
142 29
142 32
142 34
142 40
142 55
142 56
142 67
142 69
142 74
142 83
142 87
142 92
142 95
142 131
142 134
142 136
142 138
142 140
142 151
142 154
143 28
143 33
143 46
143 48
143 52
143 60
143 63
143 73
143 77
143 81
143 84
143 93
143 98
143 100
143 103
143 106
143 111
143 117
143 118
143 123
143 138
143 144
143 145
143 146
143 150
143 151
144 1
144 9
144 12
144 20
144 28
144 31
144 41
144 44
144 50
144 60
144 70
144 73
144 80
144 87
144 89
144 101
144 103
144 113
144 128
144 137
144 141
144 153
145 0
145 3
145 9
145 10
145 11
145 21
145 25
145 30
145 32
145 33
145 34
145 36
145 44
145 49
145 51
145 59
145 63
145 64
145 74
145 76
145 83
145 86
145 90
145 91
145 100
145 110
145 112
145 117
145 119
145 125
145 130
145 136
145 138
145 152
145 153
146 3
146 6
146 11
146 12
146 17
146 20
146 27
146 30
146 32
146 34
146 35
146 36
146 45
146 46
146 47
146 54
146 58
146 62
146 69
146 70
146 73
146 74
146 79
146 82
146 85
146 87
146 99
146 100
146 107
146 112
146 123
146 134
146 147
146 149
146 150
147 1
147 3
147 4
147 9
147 13
147 16
147 30
147 31
147 32
147 36
147 38
147 40
147 45
147 63
147 65
147 75
147 83
147 88
147 91
147 95
147 97
147 104
147 105
147 108
147 115
147 121
147 128
147 131
147 134
147 139
147 140
147 143
147 144
147 152
147 154
148 2
148 6
148 10
148 17
148 35
148 44
148 53
148 54
148 55
148 56
148 63
148 64
148 69
148 71
148 72
148 73
148 75
148 80
148 85
148 87
148 91
148 101
148 103
148 104
148 106
148 109
148 113
148 117
148 128
148 138
148 140
148 149
148 150
149 4
149 24
149 26
149 30
149 34
149 37
149 39
149 40
149 44
149 45
149 47
149 53
149 66
149 67
149 69
149 86
149 96
149 108
149 109
149 112
149 114
149 115
149 117
149 119
149 130
149 137
149 139
149 145
150 3
150 13
150 25
150 29
150 31
150 32
150 40
150 43
150 46
150 52
150 60
150 63
150 65
150 69
150 71
150 88
150 93
150 105
150 113
150 127
150 128
150 129
150 131
150 134
150 137
150 140
150 141
150 143
150 144
150 154
151 0
151 2
151 3
151 5
151 6
151 7
151 8
151 12
151 14
151 16
151 21
151 30
151 37
151 39
151 48
151 53
151 61
151 63
151 64
151 70
151 71
151 73
151 81
151 85
151 88
151 90
151 101
151 106
151 110
151 113
151 116
151 117
151 118
151 128
151 137
151 142
151 146
151 154
152 4
152 22
152 23
152 25
152 28
152 30
152 31
152 35
152 45
152 56
152 61
152 62
152 71
152 77
152 79
152 86
152 88
152 94
152 99
152 103
152 105
152 115
152 118
152 119
152 127
152 129
152 133
152 136
152 139
152 140
152 146
152 150
152 153
153 1
153 4
153 6
153 9
153 25
153 29
153 49
153 50
153 58
153 61
153 65
153 69
153 70
153 71
153 73
153 75
153 76
153 77
153 79
153 82
153 83
153 94
153 95
153 97
153 100
153 105
153 114
153 117
153 120
153 122
153 131
153 134
153 141
153 143
153 144
153 150
154 4
154 6
154 8
154 9
154 10
154 12
154 21
154 31
154 32
154 34
154 36
154 39
154 55
154 56
154 57
154 69
154 76
154 82
154 83
154 84
154 87
154 92
154 97
154 99
154 100
154 103
154 104
154 112
154 117
154 118
154 121
154 137
154 146
