115
0 9
0 11
0 12
0 14
0 21
0 22
0 28
0 38
0 40
0 44
0 46
0 49
0 52
0 57
0 58
0 60
0 62
0 64
0 66
0 70
0 71
0 74
0 83
0 84
0 85
0 88
0 91
0 92
0 93
0 94
0 102
0 107
1 4
1 5
1 11
1 16
1 20
1 21
1 25
1 28
1 32
1 33
1 38
1 39
1 43
1 51
1 60
1 62
1 69
1 76
1 78
1 83
1 89
1 90
1 92
1 93
1 96
1 97
1 102
1 107
2 7
2 8
2 12
2 14
2 19
2 23
2 35
2 43
2 49
2 50
2 53
2 55
2 59
2 63
2 65
2 67
2 75
2 84
2 85
2 87
2 113
3 1
3 4
3 5
3 11
3 26
3 28
3 40
3 43
3 45
3 49
3 54
3 64
3 69
3 71
3 78
3 84
3 89
3 90
3 91
3 93
3 96
3 99
3 108
3 113
4 0
4 13
4 16
4 21
4 25
4 26
4 31
4 33
4 34
4 41
4 42
4 44
4 49
4 50
4 62
4 66
4 70
4 72
4 74
4 76
4 78
4 81
4 87
4 93
4 100
4 102
4 106
5 15
5 28
5 29
5 39
5 41
5 42
5 52
5 60
5 63
5 69
5 71
5 84
5 93
5 95
5 101
5 102
5 103
5 105
5 107
5 113
6 0
6 2
6 9
6 19
6 21
6 22
6 37
6 44
6 46
6 47
6 54
6 56
6 57
6 64
6 79
6 83
6 86
6 89
6 90
6 96
6 98
6 99
6 105
6 108
7 1
7 6
7 11
7 13
7 19
7 21
7 24
7 30
7 33
7 35
7 36
7 45
7 47
7 49
7 50
7 55
7 57
7 65
7 67
7 68
7 70
7 74
7 81
7 91
7 94
7 97
7 102
7 107
7 112
7 113
8 10
8 12
8 14
8 17
8 19
8 23
8 34
8 39
8 42
8 43
8 44
8 52
8 53
8 60
8 63
8 64
8 67
8 68
8 69
8 70
8 78
8 86
8 94
8 108
9 4
9 10
9 18
9 19
9 21
9 23
9 37
9 38
9 39
9 40
9 49
9 52
9 65
9 71
9 79
9 90
9 103
9 104
9 108
9 109
9 112
10 11
10 35
10 37
10 42
10 49
10 50
10 54
10 60
10 65
10 69
10 76
10 81
10 97
10 98
10 99
11 0
11 6
11 9
11 17
11 25
11 28
11 35
11 38
11 47
11 52
11 60
11 67
11 69
11 73
11 74
11 76
11 84
11 103
11 104
11 109
11 112
11 113
12 2
12 7
12 10
12 14
12 20
12 21
12 23
12 26
12 33
12 34
12 37
12 47
12 74
12 75
12 77
12 91
12 108
12 109
12 111
12 112
12 113
13 0
13 1
13 3
13 4
13 7
13 16
13 17
13 22
13 27
13 37
13 41
13 45
13 48
13 49
13 55
13 57
13 58
13 75
13 76
13 78
13 79
13 83
13 84
13 85
13 92
13 95
13 96
13 104
14 0
14 1
14 2
14 4
14 6
14 20
14 24
14 26
14 28
14 30
14 46
14 50
14 55
14 59
14 63
14 64
14 69
14 74
14 81
14 82
14 83
14 85
14 89
14 94
14 97
14 104
14 108
14 112
15 12
15 16
15 23
15 24
15 36
15 41
15 45
15 52
15 55
15 65
15 67
15 76
15 79
15 83
15 84
15 89
15 92
15 93
15 95
15 97
15 98
15 100
15 102
15 105
16 1
16 5
16 6
16 9
16 19
16 22
16 30
16 36
16 48
16 52
16 55
16 57
16 65
16 67
16 72
16 84
16 87
16 89
16 100
16 104
16 105
16 108
16 113
17 4
17 11
17 16
17 21
17 26
17 40
17 42
17 46
17 53
17 54
17 57
17 59
17 64
17 74
17 75
17 77
17 79
17 82
17 86
17 99
17 102
17 104
17 107
17 114
18 2
18 8
18 12
18 20
18 25
18 26
18 34
18 35
18 36
18 39
18 41
18 43
18 44
18 47
18 57
18 59
18 63
18 66
18 67
18 68
18 80
18 81
18 83
18 96
18 99
18 100
18 101
18 110
18 114
19 1
19 2
19 13
19 17
19 22
19 23
19 25
19 31
19 33
19 53
19 57
19 61
19 65
19 77
19 82
19 86
19 95
19 96
19 97
19 100
19 101
19 104
19 108
19 112
20 3
20 5
20 9
20 12
20 13
20 14
20 15
20 16
20 17
20 22
20 27
20 38
20 39
20 51
20 56
20 57
20 72
20 82
20 86
20 88
20 92
20 93
20 96
20 99
20 105
20 106
20 109
21 1
21 2
21 3
21 5
21 6
21 8
21 12
21 14
21 30
21 32
21 33
21 39
21 48
21 50
21 58
21 60
21 78
21 80
21 85
21 87
21 91
21 97
21 100
21 102
21 112
21 113
22 1
22 11
22 25
22 26
22 29
22 35
22 45
22 47
22 50
22 55
22 61
22 71
22 72
22 74
22 79
22 89
22 97
22 100
22 103
22 104
22 111
22 113
23 0
23 2
23 5
23 13
23 15
23 16
23 21
23 26
23 29
23 48
23 49
23 51
23 53
23 61
23 69
23 73
23 82
23 83
23 95
23 99
23 109
23 110
23 113
24 0
24 13
24 14
24 21
24 22
24 30
24 34
24 36
24 38
24 39
24 41
24 42
24 47
24 48
24 55
24 63
24 64
24 71
24 82
24 83
24 93
24 95
24 98
24 102
24 103
24 113
25 7
25 10
25 15
25 17
25 20
25 23
25 30
25 36
25 41
25 48
25 52
25 53
25 65
25 71
25 78
25 82
25 84
25 85
25 98
25 103
25 109
25 111
26 4
26 11
26 14
26 19
26 23
26 24
26 27
26 30
26 46
26 50
26 57
26 63
26 64
26 65
26 71
26 73
26 75
26 77
26 79
26 89
26 92
27 4
27 5
27 11
27 18
27 25
27 26
27 31
27 45
27 53
27 63
27 65
27 76
27 78
27 87
27 88
27 89
27 91
27 95
27 96
27 97
27 98
27 100
27 102
27 108
28 6
28 11
28 14
28 15
28 17
28 25
28 31
28 34
28 35
28 36
28 41
28 49
28 57
28 58
28 72
28 75
28 85
28 87
28 113
29 0
29 1
29 3
29 6
29 9
29 10
29 11
29 12
29 14
29 18
29 21
29 22
29 23
29 41
29 44
29 46
29 51
29 56
29 59
29 61
29 63
29 71
29 72
29 73
29 79
29 81
29 83
29 86
29 87
29 88
29 91
29 104
29 111
29 113
30 3
30 5
30 12
30 21
30 23
30 34
30 36
30 37
30 40
30 42
30 44
30 45
30 56
30 63
30 93
30 99
30 101
30 110
31 0
31 1
31 2
31 16
31 18
31 19
31 26
31 29
31 38
31 43
31 44
31 45
31 49
31 50
31 56
31 57
31 60
31 62
31 68
31 72
31 76
31 81
31 83
31 86
31 99
31 114
32 7
32 12
32 19
32 20
32 29
32 39
32 51
32 57
32 59
32 73
32 88
32 92
32 105
32 107
32 108
33 1
33 2
33 3
33 11
33 14
33 19
33 20
33 40
33 44
33 46
33 48
33 50
33 61
33 63
33 69
33 74
33 84
33 105
33 106
33 107
33 111
33 113
34 2
34 15
34 17
34 20
34 24
34 29
34 31
34 35
34 43
34 46
34 47
34 50
34 59
34 71
34 73
34 74
34 75
34 76
34 79
34 85
34 87
34 90
34 92
34 98
34 105
34 109
35 5
35 16
35 21
35 31
35 32
35 36
35 42
35 50
35 52
35 53
35 64
35 72
35 73
35 76
35 78
35 84
35 85
35 87
35 90
35 102
35 108
35 114
36 2
36 5
36 6
36 8
36 16
36 17
36 31
36 44
36 49
36 58
36 64
36 73
36 75
36 77
36 82
36 92
36 98
36 101
36 103
36 106
36 110
37 7
37 12
37 13
37 14
37 16
37 18
37 19
37 21
37 34
37 40
37 41
37 43
37 44
37 48
37 49
37 53
37 61
37 65
37 73
37 78
37 79
37 80
37 87
37 88
37 90
37 103
37 110
37 111
38 3
38 9
38 15
38 17
38 19
38 25
38 26
38 27
38 46
38 59
38 65
38 70
38 71
38 77
38 79
38 83
38 89
38 95
38 99
38 100
38 101
38 102
38 107
38 109
39 0
39 1
39 8
39 10
39 12
39 21
39 22
39 23
39 28
39 29
39 47
39 51
39 53
39 56
39 57
39 58
39 67
39 70
39 72
39 73
39 81
39 92
39 95
39 98
39 110
40 1
40 3
40 4
40 15
40 21
40 41
40 47
40 48
40 61
40 65
40 67
40 70
40 78
40 89
40 90
40 92
40 93
40 97
40 99
40 108
41 1
41 5
41 6
41 12
41 18
41 20
41 22
41 24
41 26
41 33
41 36
41 43
41 50
41 55
41 58
41 62
41 69
41 71
41 75
41 76
41 77
41 81
41 85
41 89
41 103
41 107
41 113
42 0
42 3
42 5
42 7
42 9
42 13
42 20
42 28
42 29
42 31
42 34
42 39
42 41
42 47
42 54
42 59
42 62
42 63
42 66
42 80
42 82
42 87
42 88
42 90
42 92
42 98
42 101
42 104
42 108
42 110
42 112
43 0
43 2
43 3
43 6
43 7
43 9
43 15
43 25
43 28
43 33
43 34
43 36
43 38
43 44
43 59
43 65
43 69
43 71
43 74
43 78
43 80
43 83
43 87
43 90
43 96
43 97
43 109
44 5
44 7
44 15
44 17
44 22
44 26
44 27
44 36
44 37
44 46
44 52
44 56
44 58
44 60
44 77
44 79
44 81
44 83
44 87
44 93
44 100
44 104
44 108
45 0
45 8
45 21
45 22
45 53
45 61
45 63
45 66
45 67
45 75
45 83
45 86
45 89
45 91
45 94
45 99
45 102
45 106
45 108
45 111
46 3
46 4
46 6
46 7
46 10
46 13
46 18
46 25
46 26
46 29
46 37
46 41
46 43
46 49
46 50
46 54
46 55
46 75
46 79
46 84
46 87
46 89
46 94
46 101
46 106
46 107
46 109
46 113
47 1
47 6
47 9
47 15
47 18
47 21
47 25
47 26
47 31
47 32
47 35
47 39
47 55
47 62
47 65
47 67
47 73
47 74
47 77
47 79
47 87
47 90
47 91
47 97
47 99
47 100
47 104
47 113
48 1
48 8
48 10
48 26
48 41
48 43
48 46
48 51
48 55
48 56
48 62
48 74
48 76
48 104
48 108
48 109
49 3
49 7
49 23
49 31
49 37
49 39
49 44
49 46
49 56
49 60
49 63
49 67
49 74
49 81
49 96
49 108
49 109
50 1
50 14
50 23
50 32
50 36
50 39
50 44
50 53
50 77
50 80
50 81
50 85
50 98
50 103
50 105
50 112
51 14
51 24
51 27
51 28
51 29
51 37
51 39
51 43
51 54
51 68
51 69
51 84
51 85
51 88
51 105
51 106
51 109
51 110
51 111
51 112
52 1
52 10
52 11
52 12
52 13
52 20
52 26
52 27
52 40
52 41
52 42
52 54
52 57
52 61
52 62
52 65
52 66
52 77
52 84
52 87
52 91
52 93
52 101
52 102
52 107
52 113
52 114
53 3
53 5
53 8
53 10
53 12
53 14
53 15
53 17
53 21
53 27
53 28
53 40
53 45
53 52
53 59
53 60
53 66
53 67
53 69
53 75
53 77
53 78
53 81
53 86
53 91
53 96
53 97
53 100
53 105
53 106
53 108
54 3
54 16
54 17
54 22
54 26
54 28
54 29
54 30
54 31
54 37
54 42
54 45
54 60
54 65
54 70
54 80
54 83
54 85
54 86
54 101
54 104
54 110
54 113
55 3
55 15
55 16
55 20
55 30
55 49
55 67
55 69
55 77
55 78
55 84
56 8
56 11
56 21
56 25
56 26
56 31
56 33
56 41
56 44
56 46
56 50
56 52
56 58
56 71
56 80
56 81
56 85
56 104
56 105
56 106
56 111
57 2
57 5
57 7
57 40
57 49
57 58
57 72
57 79
57 81
57 86
57 87
57 92
57 93
57 95
57 104
57 105
57 106
58 2
58 4
58 9
58 14
58 25
58 31
58 38
58 41
58 46
58 50
58 52
58 55
58 60
58 62
58 63
58 69
58 73
58 83
58 85
58 87
58 97
58 100
58 103
58 107
58 112
59 1
59 3
59 6
59 8
59 14
59 15
59 19
59 22
59 30
59 33
59 40
59 44
59 48
59 51
59 57
59 60
59 61
59 63
59 67
59 75
59 76
59 80
59 86
59 87
59 92
59 109
59 112
60 2
60 3
60 16
60 17
60 24
60 28
60 41
60 44
60 46
60 48
60 50
60 54
60 59
60 65
60 75
60 82
60 83
60 90
60 100
60 106
60 110
61 1
61 12
61 19
61 22
61 27
61 41
61 45
61 46
61 57
61 72
61 73
61 77
61 82
61 84
61 85
61 89
61 90
61 92
61 95
61 101
61 102
61 106
61 107
61 113
62 8
62 11
62 12
62 15
62 22
62 24
62 26
62 29
62 37
62 48
62 54
62 57
62 60
62 63
62 71
62 78
62 85
62 86
62 87
62 92
62 96
62 99
62 101
62 105
63 2
63 10
63 12
63 25
63 35
63 40
63 41
63 43
63 48
63 51
63 57
63 60
63 65
63 68
63 70
63 72
63 77
63 83
63 90
63 92
63 96
63 102
63 103
63 113
64 4
64 5
64 6
64 7
64 8
64 23
64 25
64 31
64 33
64 34
64 44
64 56
64 57
64 60
64 62
64 63
64 66
64 71
64 76
64 86
64 88
64 93
64 95
64 105
64 107
64 108
64 109
64 110
64 112
64 113
65 2
65 7
65 14
65 16
65 17
65 18
65 23
65 24
65 28
65 29
65 30
65 44
65 50
65 53
65 56
65 62
65 68
65 76
65 79
65 83
65 84
65 85
65 92
65 97
65 100
65 101
66 6
66 7
66 18
66 23
66 27
66 33
66 35
66 36
66 46
66 50
66 53
66 57
66 59
66 60
66 62
66 64
66 65
66 68
66 72
66 73
66 76
66 77
66 86
66 87
66 91
66 94
66 101
66 104
66 105
66 106
66 108
66 109
66 114
67 9
67 14
67 16
67 17
67 19
67 28
67 29
67 30
67 39
67 49
67 58
67 61
67 70
67 72
67 76
67 90
67 96
67 99
67 103
67 105
67 106
67 112
68 5
68 7
68 16
68 18
68 20
68 23
68 27
68 28
68 29
68 31
68 40
68 44
68 46
68 49
68 53
68 57
68 65
68 72
68 77
68 82
68 84
68 89
68 91
68 95
68 96
68 97
68 98
68 100
69 2
69 6
69 7
69 8
69 21
69 23
69 25
69 30
69 34
69 36
69 37
69 39
69 49
69 57
69 58
69 64
69 80
69 83
69 88
69 95
69 100
69 104
69 109
69 110
70 10
70 11
70 15
70 18
70 21
70 30
70 40
70 41
70 45
70 52
70 59
70 62
70 73
70 84
70 87
70 90
70 104
70 112
71 0
71 3
71 7
71 13
71 19
71 20
71 21
71 23
71 25
71 28
71 38
71 41
71 45
71 46
71 53
71 55
71 58
71 61
71 62
71 66
71 67
71 72
71 84
71 87
71 88
71 94
71 98
71 108
71 111
72 3
72 6
72 11
72 13
72 16
72 21
72 26
72 28
72 51
72 53
72 58
72 62
72 66
72 69
72 70
72 73
72 82
72 85
72 88
72 89
72 92
72 94
72 96
72 98
72 105
72 109
73 1
73 6
73 8
73 13
73 17
73 20
73 22
73 25
73 26
73 33
73 37
73 43
73 45
73 64
73 67
73 83
73 90
73 94
73 98
73 112
74 6
74 8
74 9
74 18
74 19
74 31
74 35
74 45
74 55
74 58
74 65
74 90
74 92
74 93
74 96
75 0
75 14
75 21
75 26
75 27
75 37
75 42
75 48
75 50
75 52
75 58
75 60
75 67
75 70
75 71
75 74
75 76
75 82
75 88
75 90
75 92
75 97
75 105
75 112
76 9
76 11
76 13
76 27
76 30
76 38
76 39
76 43
76 48
76 51
76 52
76 53
76 55
76 61
76 63
76 66
76 67
76 71
76 87
76 88
76 96
76 97
76 98
76 110
76 112
77 0
77 5
77 11
77 17
77 19
77 23
77 25
77 28
77 29
77 30
77 31
77 39
77 40
77 41
77 44
77 46
77 49
77 52
77 55
77 58
77 63
77 76
77 81
77 88
77 89
77 94
77 102
77 107
77 110
77 112
77 114
78 6
78 7
78 22
78 25
78 28
78 29
78 30
78 31
78 41
78 44
78 47
78 59
78 63
78 66
78 67
78 69
78 74
78 75
78 90
78 109
79 7
79 14
79 29
79 30
79 34
79 40
79 46
79 48
79 51
79 61
79 69
79 81
79 86
79 89
79 93
79 102
79 113
80 9
80 13
80 15
80 22
80 24
80 31
80 36
80 38
80 43
80 44
80 46
80 50
80 52
80 57
80 58
80 61
80 62
80 67
80 68
80 71
80 73
80 76
80 82
80 94
80 99
80 108
80 110
81 3
81 4
81 10
81 13
81 16
81 17
81 21
81 22
81 23
81 27
81 29
81 37
81 40
81 46
81 49
81 57
81 60
81 62
81 65
81 66
81 70
81 76
81 83
81 87
81 90
81 91
81 98
81 104
81 113
82 3
82 11
82 15
82 19
82 22
82 25
82 33
82 40
82 56
82 67
82 75
82 76
82 77
82 83
82 85
82 86
82 95
82 105
82 111
83 0
83 4
83 7
83 12
83 14
83 25
83 29
83 30
83 33
83 35
83 37
83 39
83 48
83 50
83 58
83 62
83 63
83 78
83 81
83 97
83 98
83 100
83 106
83 109
83 111
84 9
84 31
84 34
84 39
84 42
84 49
84 51
84 52
84 57
84 58
84 63
84 66
84 68
84 73
84 76
84 85
84 86
84 87
84 90
84 94
84 101
84 104
84 106
84 109
84 110
84 113
85 3
85 28
85 38
85 41
85 43
85 49
85 57
85 60
85 63
85 65
85 71
85 77
85 79
85 83
85 84
85 92
85 95
85 97
85 98
85 101
85 103
85 106
86 0
86 1
86 12
86 15
86 18
86 28
86 30
86 36
86 40
86 42
86 47
86 50
86 55
86 62
86 66
86 69
86 78
86 82
86 83
86 89
86 98
86 109
87 4
87 10
87 29
87 34
87 35
87 39
87 45
87 46
87 47
87 48
87 49
87 54
87 60
87 79
87 81
87 82
87 85
87 86
87 90
87 95
87 102
87 108
87 109
87 114
88 4
88 7
88 9
88 12
88 17
88 18
88 20
88 21
88 22
88 29
88 37
88 51
88 55
88 59
88 67
88 75
88 77
88 91
88 92
88 98
88 100
88 101
88 102
88 111
88 112
88 114
89 0
89 3
89 10
89 24
89 29
89 41
89 45
89 46
89 49
89 53
89 57
89 61
89 71
89 108
89 110
89 112
89 113
90 5
90 6
90 7
90 10
90 14
90 18
90 24
90 32
90 35
90 38
90 39
90 40
90 45
90 46
90 54
90 56
90 63
90 65
90 77
90 78
90 80
90 83
90 86
90 96
90 100
90 103
90 104
90 107
90 109
90 114
91 16
91 25
91 26
91 29
91 30
91 32
91 34
91 35
91 44
91 49
91 50
91 52
91 65
91 73
91 76
91 80
91 81
91 90
91 93
91 101
91 110
92 3
92 7
92 9
92 11
92 15
92 17
92 18
92 21
92 22
92 32
92 35
92 38
92 49
92 59
92 61
92 63
92 66
92 70
92 71
92 76
92 95
92 96
92 97
92 105
92 108
92 111
92 113
93 2
93 5
93 13
93 16
93 22
93 24
93 31
93 36
93 40
93 43
93 45
93 49
93 57
93 64
93 67
93 69
93 76
93 81
93 97
93 101
93 106
93 110
94 0
94 1
94 9
94 29
94 32
94 40
94 41
94 56
94 67
94 69
94 70
94 90
95 1
95 2
95 5
95 11
95 18
95 25
95 32
95 40
95 41
95 44
95 45
95 49
95 53
95 55
95 58
95 59
95 65
95 67
95 68
95 71
95 72
95 74
95 79
95 80
95 86
95 93
95 101
95 103
95 106
95 111
95 113
96 1
96 4
96 9
96 10
96 19
96 21
96 37
96 38
96 40
96 41
96 56
96 58
96 60
96 61
96 64
96 83
96 101
96 105
96 108
96 112
96 114
97 0
97 2
97 8
97 9
97 13
97 19
97 20
97 28
97 30
97 38
97 40
97 49
97 55
97 63
97 69
97 75
97 83
97 89
97 90
97 95
97 96
97 100
97 105
97 108
97 111
98 1
98 18
98 29
98 41
98 42
98 44
98 47
98 48
98 54
98 64
98 67
98 68
98 69
98 79
98 86
98 88
98 96
98 104
99 1
99 4
99 8
99 15
99 16
99 19
99 27
99 29
99 41
99 56
99 58
99 59
99 70
99 73
99 74
99 85
99 86
99 89
99 93
99 94
99 101
99 106
99 110
99 111
99 113
100 1
100 4
100 5
100 6
100 8
100 13
100 15
100 16
100 23
100 27
100 28
100 30
100 34
100 37
100 43
100 59
100 65
100 69
100 73
100 85
100 97
100 101
100 102
101 19
101 28
101 30
101 31
101 39
101 41
101 42
101 43
101 46
101 54
101 55
101 59
101 73
101 77
101 79
101 81
101 87
101 90
101 91
101 93
101 94
101 95
101 96
101 106
101 107
101 108
101 112
102 4
102 5
102 6
102 27
102 28
102 29
102 32
102 37
102 39
102 48
102 50
102 56
102 59
102 61
102 66
102 68
102 78
102 81
102 82
102 87
102 89
102 90
102 94
102 96
102 98
102 104
102 105
102 114
103 2
103 12
103 14
103 22
103 26
103 27
103 34
103 36
103 40
103 41
103 48
103 52
103 62
103 72
103 76
103 77
103 79
103 91
103 112
103 114
104 11
104 19
104 24
104 25
104 29
104 30
104 34
104 35
104 42
104 48
104 60
104 61
104 73
104 85
104 87
104 90
104 95
104 97
104 105
104 110
105 2
105 11
105 15
105 24
105 25
105 34
105 39
105 42
105 45
105 51
105 53
105 57
105 61
105 74
105 76
105 85
105 93
105 96
105 98
105 108
105 111
106 7
106 10
106 11
106 21
106 22
106 25
106 31
106 35
106 47
106 48
106 54
106 58
106 59
106 60
106 68
106 77
106 85
106 88
106 93
106 95
106 97
106 98
106 100
106 101
106 102
106 112
106 113
106 114
107 5
107 10
107 11
107 12
107 13
107 15
107 24
107 26
107 28
107 50
107 51
107 53
107 60
107 63
107 68
107 71
107 78
107 79
107 86
107 90
107 95
107 97
107 98
107 102
107 109
108 22
108 26
108 40
108 42
108 58
108 78
108 81
108 82
108 83
108 87
108 89
108 90
108 92
108 95
108 101
108 109
108 113
109 6
109 10
109 17
109 29
109 35
109 45
109 54
109 64
109 80
109 82
109 83
109 91
109 100
109 111
109 114
110 1
110 24
110 28
110 30
110 40
110 41
110 45
110 64
110 72
110 73
110 76
110 80
110 87
110 93
110 96
110 100
110 101
110 106
111 1
111 3
111 4
111 8
111 10
111 16
111 19
111 20
111 28
111 29
111 34
111 40
111 41
111 44
111 46
111 49
111 54
111 63
111 66
111 70
111 71
111 76
111 79
111 81
111 85
111 89
111 90
111 93
111 94
111 96
111 101
111 104
112 6
112 8
112 10
112 12
112 13
112 17
112 28
112 34
112 39
112 45
112 50
112 52
112 63
112 66
112 68
112 69
112 76
112 77
112 78
112 79
112 80
112 82
112 96
112 98
112 104
112 108
112 114
113 1
113 7
113 10
113 13
113 16
113 24
113 26
113 27
113 39
113 42
113 46
113 63
113 66
113 70
113 71
113 75
113 78
113 84
113 90
113 91
113 94
113 97
113 105
113 110
113 111
113 112
114 8
114 9
114 17
114 18
114 19
114 32
114 43
114 51
114 62
114 66
114 70
114 76
114 78
114 79
114 81
114 84
114 89
114 95
114 102
114 103
114 106
114 108
