80
0 1
0 8
0 10
0 19
0 23
0 32
0 36
0 49
0 50
0 53
0 61
0 63
0 79
1 0
1 3
1 12
1 16
1 17
1 19
1 20
1 21
1 22
1 23
1 26
1 31
1 35
1 43
1 44
1 47
1 59
1 71
1 72
1 74
1 76
2 1
2 22
2 25
2 26
2 27
2 28
2 31
2 33
2 36
2 48
2 50
2 53
2 56
2 58
2 59
2 70
2 73
2 75
3 0
3 7
3 13
3 14
3 16
3 24
3 26
3 32
3 36
3 38
3 40
3 44
3 50
3 54
3 58
3 66
3 68
3 70
4 2
4 7
4 11
4 12
4 15
4 19
4 26
4 31
4 37
4 48
4 49
4 56
4 60
4 63
4 67
4 73
5 1
5 9
5 29
5 32
5 33
5 37
5 42
5 46
5 48
5 50
5 57
5 68
5 75
5 77
6 0
6 8
6 13
6 26
6 31
6 36
6 55
6 62
6 65
6 68
6 73
7 10
7 11
7 25
7 37
7 49
7 52
7 55
7 58
7 59
7 62
7 66
7 71
7 79
8 20
8 29
8 30
8 35
8 38
8 40
8 51
8 52
8 56
8 60
8 61
8 64
8 67
8 70
8 71
8 73
9 4
9 10
9 17
9 23
9 24
9 32
9 45
9 46
9 49
9 50
9 59
9 68
9 70
9 72
9 76
9 78
10 2
10 5
10 23
10 34
10 35
10 37
10 41
10 44
10 60
10 63
10 71
11 0
11 1
11 2
11 5
11 9
11 16
11 26
11 28
11 31
11 35
11 38
11 46
11 48
11 53
11 56
11 61
11 64
11 68
11 75
11 76
12 3
12 5
12 10
12 11
12 19
12 24
12 26
12 30
12 32
12 36
12 43
12 46
12 58
12 60
12 61
12 74
12 75
13 15
13 29
13 39
13 41
13 44
13 49
13 51
13 55
13 58
13 60
13 65
13 67
13 71
13 73
14 13
14 21
14 23
14 25
14 27
14 28
14 32
14 35
14 41
14 42
14 52
14 56
14 61
14 72
14 75
14 76
15 0
15 1
15 9
15 17
15 31
15 34
15 55
15 57
15 65
15 68
15 79
16 1
16 4
16 9
16 11
16 12
16 17
16 25
16 26
16 30
16 37
16 44
16 56
16 69
16 77
17 8
17 12
17 16
17 19
17 21
17 32
17 34
17 42
17 60
17 65
17 67
17 70
17 71
17 74
18 1
18 7
18 13
18 20
18 21
18 25
18 30
18 32
18 35
18 37
18 39
18 43
18 44
18 48
18 62
19 5
19 9
19 18
19 23
19 24
19 35
19 37
19 42
19 53
19 57
19 67
19 71
19 75
19 77
20 0
20 9
20 10
20 12
20 16
20 22
20 23
20 29
20 31
20 35
20 37
20 42
20 43
20 45
20 54
20 56
20 59
20 60
20 64
20 65
20 71
20 79
21 4
21 5
21 14
21 19
21 28
21 42
21 47
21 51
21 57
21 58
21 69
21 71
21 73
22 3
22 8
22 9
22 10
22 12
22 13
22 15
22 17
22 24
22 25
22 39
22 42
22 43
22 45
22 46
22 49
22 64
22 73
23 1
23 11
23 15
23 21
23 24
23 26
23 39
23 42
23 43
23 45
23 49
23 54
23 60
23 73
24 13
24 15
24 17
24 21
24 23
24 31
24 33
24 35
24 38
24 56
24 58
24 61
24 66
24 73
24 77
24 78
25 10
25 11
25 19
25 21
25 31
25 40
25 49
25 50
25 52
25 58
25 60
25 62
25 66
25 71
25 74
25 76
26 8
26 15
26 18
26 22
26 28
26 29
26 30
26 31
26 32
26 33
26 43
26 45
26 47
26 55
26 74
27 7
27 10
27 11
27 22
27 28
27 31
27 37
27 39
27 53
27 55
27 56
27 57
27 63
27 65
27 68
27 75
28 12
28 16
28 17
28 23
28 32
28 33
28 41
28 48
28 51
28 52
28 53
28 55
28 62
28 64
28 72
29 2
29 12
29 15
29 16
29 22
29 32
29 34
29 38
29 39
29 43
29 46
29 48
29 52
29 56
29 58
29 60
29 62
29 64
29 68
29 70
29 71
29 75
29 77
30 0
30 1
30 21
30 32
30 33
30 34
30 47
30 57
30 58
30 65
30 67
30 69
30 71
30 73
30 75
30 79
31 6
31 7
31 10
31 16
31 19
31 21
31 34
31 36
31 38
31 43
31 51
31 54
31 57
31 63
31 72
31 73
31 77
31 79
32 0
32 1
32 2
32 4
32 7
32 12
32 30
32 34
32 41
32 42
32 53
32 58
32 62
32 70
32 75
32 79
33 0
33 3
33 17
33 18
33 20
33 23
33 26
33 36
33 38
33 39
33 41
33 44
33 46
33 49
33 50
33 52
33 55
33 56
33 65
33 71
33 73
33 77
33 78
34 8
34 18
34 25
34 26
34 27
34 30
34 37
34 41
34 43
34 44
34 51
34 56
34 57
34 58
34 65
34 69
34 73
34 75
34 77
35 3
35 6
35 10
35 15
35 19
35 24
35 30
35 31
35 33
35 36
35 47
35 48
35 50
35 52
35 66
35 69
35 70
35 72
35 75
36 8
36 22
36 25
36 31
36 34
36 40
36 51
36 54
36 59
36 60
36 69
36 72
36 73
36 75
37 3
37 5
37 43
37 48
37 53
37 57
37 60
37 64
37 65
37 73
37 79
38 0
38 3
38 6
38 7
38 19
38 26
38 35
38 40
38 50
38 60
38 61
38 62
38 63
38 69
38 72
38 75
38 76
39 3
39 5
39 7
39 8
39 10
39 12
39 13
39 15
39 17
39 28
39 33
39 36
39 54
39 58
39 59
39 60
39 69
39 70
39 72
40 0
40 4
40 8
40 11
40 19
40 22
40 27
40 29
40 30
40 35
40 43
40 49
40 52
40 54
40 55
40 56
40 60
40 61
40 66
40 71
40 74
40 78
41 4
41 6
41 10
41 16
41 19
41 22
41 25
41 26
41 30
41 33
41 36
41 38
41 42
41 48
41 49
41 51
41 52
41 62
41 65
41 71
41 77
41 79
42 7
42 22
42 23
42 34
42 36
42 40
42 43
42 51
42 59
42 60
42 63
42 65
42 66
42 68
42 72
42 73
42 75
42 79
43 2
43 12
43 22
43 24
43 34
43 38
43 45
43 47
43 56
44 2
44 5
44 11
44 12
44 13
44 18
44 23
44 26
44 30
44 38
44 42
44 51
44 65
44 72
44 79
45 1
45 2
45 7
45 9
45 18
45 29
45 42
45 46
45 48
45 53
45 55
45 56
45 59
45 63
45 64
45 72
45 73
45 74
45 75
45 77
45 78
46 2
46 9
46 10
46 16
46 18
46 20
46 25
46 29
46 30
46 35
46 36
46 43
46 54
46 58
46 62
46 63
46 66
46 73
46 74
46 77
46 79
47 1
47 7
47 15
47 20
47 30
47 33
47 35
47 41
47 44
47 46
47 60
47 61
47 63
47 76
47 77
48 4
48 5
48 21
48 23
48 34
48 36
48 41
48 51
48 52
48 53
48 60
48 67
48 70
48 77
49 0
49 2
49 3
49 8
49 16
49 21
49 28
49 35
49 41
49 44
49 51
49 57
49 58
49 60
49 70
50 5
50 14
50 15
50 20
50 25
50 31
50 45
50 51
50 52
50 56
50 64
50 70
50 79
51 4
51 5
51 8
51 9
51 14
51 16
51 27
51 31
51 33
51 34
51 35
51 36
51 45
51 49
51 50
51 53
51 65
51 67
51 68
51 70
51 74
52 1
52 4
52 8
52 19
52 27
52 28
52 40
52 42
52 45
52 47
52 56
52 64
52 68
53 7
53 13
53 16
53 18
53 23
53 29
53 38
53 44
53 54
53 56
53 64
53 65
53 71
53 79
54 3
54 4
54 14
54 16
54 22
54 27
54 29
54 31
54 35
54 36
54 49
54 55
54 58
54 59
54 60
54 61
55 1
55 3
55 10
55 11
55 13
55 14
55 26
55 28
55 30
55 33
55 38
55 39
55 46
55 48
55 54
55 65
55 67
55 68
55 74
55 78
56 10
56 17
56 19
56 23
56 27
56 29
56 32
56 34
56 38
56 43
56 44
56 49
56 57
56 63
56 66
56 69
56 70
56 74
56 76
56 78
57 0
57 2
57 14
57 20
57 23
57 25
57 26
57 34
57 48
57 61
57 65
57 67
57 68
57 71
57 76
57 77
57 79
58 6
58 7
58 8
58 14
58 16
58 21
58 28
58 37
58 43
58 50
58 61
58 71
58 74
59 0
59 13
59 14
59 17
59 34
59 39
59 42
59 43
59 44
59 55
59 57
59 58
59 72
59 78
60 4
60 9
60 13
60 14
60 15
60 21
60 24
60 31
60 35
60 36
60 41
60 45
60 57
60 70
60 78
60 79
61 1
61 6
61 8
61 10
61 11
61 12
61 13
61 19
61 20
61 21
61 26
61 27
61 36
61 42
61 45
61 46
61 51
61 63
61 67
61 74
61 79
62 3
62 6
62 8
62 12
62 29
62 30
62 32
62 33
62 38
62 42
62 49
62 51
62 55
62 58
62 64
62 68
62 71
62 75
63 1
63 3
63 7
63 13
63 18
63 21
63 30
63 33
63 42
63 43
63 44
63 50
63 53
63 58
63 62
63 78
63 79
64 1
64 6
64 10
64 15
64 16
64 21
64 27
64 29
64 30
64 35
64 44
64 48
64 50
64 55
64 67
64 72
64 73
64 77
65 3
65 10
65 11
65 13
65 14
65 15
65 18
65 23
65 25
65 26
65 28
65 31
65 33
65 42
65 48
65 58
65 60
65 62
65 68
65 70
66 14
66 19
66 20
66 25
66 27
66 32
66 34
66 51
66 59
66 72
66 77
66 79
67 17
67 29
67 34
67 36
67 49
67 50
67 58
67 61
67 62
67 73
67 74
67 78
68 3
68 4
68 6
68 8
68 9
68 17
68 18
68 21
68 28
68 33
68 34
68 41
68 45
68 61
68 70
68 79
69 10
69 12
69 13
69 19
69 20
69 21
69 33
69 36
69 38
69 44
69 50
69 51
69 53
69 57
69 58
69 59
69 68
69 70
69 74
69 76
69 78
69 79
70 10
70 11
70 13
70 21
70 26
70 33
70 50
70 53
70 57
70 58
70 62
70 65
70 66
70 67
70 69
70 71
70 72
70 75
71 2
71 3
71 5
71 15
71 16
71 17
71 21
71 26
71 34
71 37
71 40
71 47
71 48
71 49
71 58
71 62
71 65
71 67
71 70
71 76
72 6
72 7
72 13
72 24
72 26
72 27
72 30
72 31
72 36
72 37
72 39
72 48
72 50
72 56
72 61
72 69
72 76
73 3
73 4
73 9
73 11
73 15
73 18
73 26
73 29
73 41
73 43
73 52
73 54
73 60
73 69
74 11
74 12
74 14
74 23
74 26
74 28
74 29
74 35
74 36
74 37
74 42
74 44
74 49
74 50
74 51
74 63
74 66
74 67
74 71
75 16
75 22
75 23
75 24
75 25
75 27
75 33
75 40
75 45
75 48
75 52
75 56
75 58
75 64
75 70
75 72
75 74
76 5
76 6
76 15
76 20
76 26
76 31
76 34
76 40
76 44
76 45
76 60
76 66
76 77
77 3
77 10
77 11
77 17
77 20
77 22
77 30
77 33
77 40
77 43
77 49
77 53
77 61
77 64
77 70
77 71
78 0
78 8
78 9
78 14
78 15
78 27
78 34
78 35
78 44
78 47
78 51
78 60
78 64
78 67
78 72
78 79
79 0
79 11
79 12
79 13
79 17
79 19
79 30
79 32
79 35
79 37
79 39
79 46
79 47
79 58
79 66
79 69
79 70
79 71
