45
0 12
0 18
0 19
0 23
0 35
0 37
0 41
1 2
1 5
1 6
1 9
1 11
1 16
1 18
1 27
1 32
1 44
2 8
2 9
2 13
2 16
2 17
2 22
2 30
2 35
2 36
2 41
2 43
2 44
3 1
3 16
3 23
3 24
3 33
3 39
3 44
4 3
4 5
4 8
4 12
4 26
4 29
5 3
5 18
5 21
5 23
5 24
6 1
6 7
6 8
6 9
6 10
6 14
6 18
6 21
6 29
6 38
6 39
7 3
7 6
7 12
7 13
7 14
7 17
7 18
7 26
7 27
7 28
7 30
7 33
7 35
8 3
8 9
8 12
8 29
8 34
8 36
8 38
9 2
9 4
9 18
9 22
9 23
9 25
9 33
9 34
9 40
9 43
10 4
10 6
10 13
10 14
10 15
10 34
10 36
10 39
11 9
11 16
11 22
11 27
11 32
11 38
11 43
12 0
12 2
12 7
12 8
12 19
12 21
12 23
12 27
12 29
12 37
13 12
13 19
13 21
13 22
13 23
13 38
13 43
14 3
14 5
14 10
14 16
14 18
14 21
14 24
14 28
14 35
15 3
15 19
15 22
15 26
15 30
15 31
15 33
15 38
16 4
16 5
16 8
16 17
16 22
16 23
16 34
16 38
17 8
17 9
17 11
17 13
17 15
17 22
17 31
17 32
17 36
17 39
17 41
17 42
17 43
18 0
18 5
18 16
18 22
18 25
18 27
18 31
18 36
18 42
18 44
19 4
19 6
19 8
19 9
19 10
19 14
19 15
19 21
19 24
19 31
19 34
19 41
19 43
20 0
20 10
20 21
20 25
20 26
20 29
20 35
20 38
20 40
21 3
21 9
21 15
21 19
21 20
21 30
21 37
21 42
22 1
22 2
22 8
22 9
22 12
22 16
22 26
22 34
22 38
22 40
22 41
22 42
23 2
23 6
23 20
23 28
24 1
24 3
24 5
24 14
24 15
24 17
24 20
24 30
24 31
24 32
24 38
25 0
25 1
25 3
25 6
25 7
25 10
25 16
25 20
25 27
25 29
25 31
25 32
25 35
25 37
26 1
26 3
26 18
26 19
26 24
26 28
26 34
26 44
27 4
27 19
27 28
27 35
28 3
28 9
28 12
28 19
28 32
28 34
28 41
28 43
29 17
29 20
29 21
29 27
29 32
29 34
29 39
29 43
30 8
30 10
30 16
30 22
30 26
30 28
30 34
30 37
31 2
31 15
31 16
31 20
31 28
31 34
31 36
31 37
31 40
31 42
31 44
32 11
32 17
32 21
32 31
32 33
33 8
33 9
33 23
33 27
33 39
34 7
34 11
34 13
34 16
34 24
34 28
34 33
34 39
35 0
35 1
35 7
35 8
35 9
35 20
35 25
35 27
35 31
35 33
35 41
36 1
36 18
36 25
36 28
36 34
36 41
37 11
37 15
37 16
37 21
37 26
37 28
37 41
38 5
38 6
38 12
38 17
38 39
38 42
39 3
39 5
39 7
39 13
39 15
39 27
39 29
39 32
39 42
39 44
40 1
40 14
40 30
40 33
41 12
41 18
41 26
41 28
41 35
41 36
41 39
42 2
42 9
42 22
42 25
42 40
42 43
43 5
43 6
43 9
43 15
43 19
43 20
43 22
44 0
44 8
44 19
44 24
44 38
