110
0 3
0 4
0 7
0 12
0 14
0 26
0 28
0 41
0 51
0 53
0 60
0 66
0 70
0 72
0 81
0 84
0 92
0 104
0 106
1 11
1 13
1 23
1 35
1 42
1 46
1 52
1 53
1 54
1 59
1 60
1 65
1 74
1 78
1 84
1 85
1 88
1 94
1 99
1 102
1 107
2 1
2 6
2 9
2 11
2 13
2 16
2 24
2 26
2 32
2 38
2 44
2 47
2 51
2 54
2 65
2 68
2 69
2 72
2 74
2 82
2 85
2 87
2 92
2 99
2 100
2 106
3 7
3 9
3 10
3 11
3 24
3 26
3 69
3 83
3 93
3 103
3 105
4 8
4 13
4 27
4 36
4 37
4 44
4 50
4 54
4 66
4 71
4 74
4 75
4 88
4 97
4 101
4 102
5 13
5 18
5 19
5 28
5 31
5 34
5 35
5 36
5 49
5 57
5 62
5 75
5 77
5 80
5 83
5 93
5 99
5 103
5 106
6 0
6 15
6 17
6 19
6 24
6 25
6 29
6 35
6 38
6 39
6 44
6 46
6 52
6 62
6 68
6 72
6 78
6 93
6 94
6 96
6 104
6 107
7 0
7 14
7 15
7 16
7 18
7 28
7 45
7 46
7 48
7 53
7 58
7 60
7 62
7 63
7 72
7 78
7 79
7 81
7 97
7 107
7 108
8 0
8 7
8 11
8 12
8 20
8 24
8 31
8 33
8 40
8 42
8 49
8 51
8 57
8 61
8 62
8 63
8 85
8 86
8 91
8 96
9 3
9 4
9 7
9 11
9 14
9 23
9 25
9 30
9 31
9 34
9 37
9 41
9 45
9 47
9 56
9 60
9 66
9 81
9 82
9 95
9 96
9 99
9 103
9 104
9 105
10 2
10 3
10 4
10 6
10 8
10 13
10 16
10 20
10 26
10 30
10 38
10 50
10 51
10 54
10 57
10 60
10 66
10 70
10 71
10 83
10 87
10 100
10 101
10 107
11 5
11 16
11 29
11 34
11 40
11 41
11 44
11 47
11 50
11 63
11 73
11 75
11 83
11 89
11 103
12 2
12 9
12 10
12 18
12 19
12 23
12 31
12 32
12 45
12 50
12 57
12 60
12 61
12 67
12 74
12 78
12 82
12 90
12 97
13 5
13 6
13 21
13 24
13 37
13 46
13 49
13 51
13 53
13 69
13 73
13 80
13 87
13 88
13 92
13 95
13 98
13 102
13 103
13 107
14 2
14 6
14 9
14 10
14 16
14 26
14 29
14 32
14 37
14 41
14 45
14 58
14 59
14 72
14 75
14 93
14 96
15 7
15 12
15 23
15 32
15 41
15 42
15 47
15 52
15 55
15 62
15 63
15 69
15 71
15 72
15 78
15 81
15 84
15 94
15 96
15 99
15 101
16 9
16 17
16 33
16 44
16 50
16 52
16 54
16 56
16 62
16 67
16 70
16 73
16 75
16 78
16 82
16 83
16 87
16 89
16 91
16 95
16 102
16 103
17 9
17 13
17 15
17 34
17 38
17 41
17 42
17 47
17 54
17 82
17 83
17 88
18 0
18 2
18 9
18 13
18 15
18 22
18 28
18 31
18 43
18 45
18 55
18 63
18 72
18 74
18 75
18 76
18 79
18 82
18 85
18 95
18 96
18 102
18 103
19 2
19 3
19 7
19 8
19 11
19 13
19 18
19 26
19 28
19 29
19 42
19 43
19 52
19 92
19 96
20 5
20 17
20 18
20 21
20 25
20 28
20 29
20 31
20 34
20 38
20 40
20 41
20 44
20 46
20 54
20 60
20 61
20 68
20 69
20 71
20 85
20 88
20 90
20 104
20 105
20 108
20 109
21 5
21 7
21 13
21 16
21 25
21 27
21 31
21 32
21 41
21 46
21 51
21 52
21 53
21 62
21 66
21 76
21 82
21 86
21 94
21 97
21 98
21 99
21 100
21 104
21 108
22 2
22 3
22 6
22 8
22 9
22 11
22 20
22 24
22 32
22 47
22 58
22 59
22 71
22 79
22 88
22 94
22 99
22 105
22 108
23 1
23 8
23 10
23 22
23 24
23 32
23 34
23 41
23 46
23 52
23 55
23 60
23 62
23 64
23 73
23 74
23 76
23 81
23 86
23 90
23 95
23 97
23 105
24 7
24 9
24 11
24 17
24 19
24 27
24 33
24 37
24 47
24 51
24 52
24 54
24 55
24 65
24 66
24 78
24 81
24 96
24 97
24 98
24 99
24 101
24 102
24 106
25 0
25 2
25 6
25 8
25 9
25 27
25 32
25 34
25 42
25 54
25 55
25 63
25 68
25 73
25 80
25 82
25 86
25 94
25 101
26 1
26 3
26 6
26 19
26 21
26 28
26 29
26 35
26 36
26 40
26 45
26 46
26 49
26 53
26 57
26 62
26 67
26 68
26 70
26 79
26 80
26 83
26 87
26 90
26 91
27 0
27 8
27 9
27 18
27 32
27 55
27 57
27 58
27 64
27 68
27 69
27 71
27 77
27 84
27 87
27 96
27 98
27 102
28 3
28 10
28 12
28 19
28 20
28 30
28 34
28 37
28 42
28 52
28 56
28 61
28 64
28 65
28 67
28 73
28 74
28 75
28 84
28 88
28 89
28 90
28 109
29 2
29 10
29 11
29 26
29 30
29 35
29 42
29 52
29 61
29 63
29 64
29 72
29 80
29 82
29 84
29 92
29 95
29 98
29 102
29 109
30 0
30 14
30 24
30 25
30 39
30 40
30 42
30 43
30 46
30 49
30 51
30 53
30 54
30 66
30 70
30 71
30 76
30 79
30 80
30 85
30 90
30 92
30 93
30 95
30 96
30 97
30 105
31 12
31 15
31 16
31 19
31 32
31 35
31 38
31 42
31 48
31 59
31 60
31 69
31 70
31 72
31 73
31 80
31 88
31 89
31 90
31 94
31 95
31 99
31 100
31 103
31 109
32 0
32 10
32 34
32 35
32 42
32 44
32 45
32 47
32 60
32 64
32 65
32 66
32 67
32 69
32 70
32 79
32 87
32 107
32 109
33 4
33 7
33 11
33 14
33 15
33 26
33 29
33 37
33 46
33 50
33 52
33 69
33 72
33 82
33 85
33 88
33 98
33 103
33 107
34 4
34 5
34 9
34 11
34 12
34 13
34 31
34 32
34 36
34 38
34 39
34 46
34 49
34 51
34 52
34 55
34 63
34 69
34 74
34 76
34 77
34 89
35 1
35 3
35 9
35 13
35 20
35 21
35 22
35 23
35 39
35 48
35 54
35 55
35 57
35 60
35 66
35 67
35 68
35 78
35 81
35 83
35 85
35 86
35 88
35 94
35 107
36 0
36 10
36 12
36 14
36 19
36 20
36 21
36 25
36 28
36 44
36 46
36 47
36 50
36 55
36 56
36 65
36 66
36 72
36 78
36 85
36 96
36 97
36 99
36 104
36 106
36 108
37 13
37 14
37 16
37 26
37 39
37 42
37 44
37 45
37 49
37 60
37 61
37 68
37 77
37 81
37 82
37 95
37 99
37 101
37 109
38 5
38 8
38 16
38 17
38 18
38 21
38 22
38 24
38 27
38 32
38 35
38 50
38 53
38 54
38 57
38 59
38 66
38 73
38 80
38 81
38 84
38 90
38 94
38 104
39 4
39 7
39 10
39 19
39 20
39 22
39 23
39 30
39 61
39 63
39 64
39 67
39 76
39 80
39 81
39 82
39 86
39 89
39 103
39 107
40 2
40 5
40 6
40 10
40 30
40 34
40 51
40 52
40 69
40 73
40 74
40 75
40 76
40 81
40 83
40 93
40 97
40 98
40 103
41 3
41 6
41 25
41 34
41 35
41 39
41 56
41 57
41 59
41 67
41 69
41 70
41 72
41 74
41 81
41 83
41 85
41 88
41 99
41 103
41 106
42 1
42 6
42 15
42 20
42 29
42 32
42 44
42 46
42 48
42 50
42 59
42 66
42 70
42 74
42 78
42 79
42 86
42 87
42 88
42 96
42 102
42 103
42 104
42 108
43 0
43 7
43 31
43 34
43 35
43 37
43 41
43 44
43 51
43 60
43 63
43 65
43 68
43 73
43 87
43 98
43 103
43 105
43 108
43 109
44 0
44 3
44 11
44 24
44 26
44 28
44 29
44 35
44 45
44 46
44 48
44 53
44 56
44 61
44 64
44 72
44 78
44 83
44 84
44 85
44 89
44 92
44 94
44 99
44 109
45 1
45 5
45 7
45 14
45 19
45 26
45 29
45 40
45 48
45 49
45 54
45 55
45 61
45 62
45 66
45 68
45 81
45 83
45 89
45 91
45 93
45 109
46 3
46 8
46 11
46 21
46 22
46 25
46 32
46 34
46 42
46 51
46 53
46 54
46 58
46 59
46 60
46 68
46 70
46 77
46 81
46 82
46 85
46 92
46 95
46 99
46 102
46 107
46 109
47 2
47 6
47 8
47 9
47 10
47 13
47 16
47 19
47 21
47 23
47 35
47 50
47 52
47 54
47 56
47 58
47 59
47 63
47 64
47 68
47 75
47 77
47 85
47 86
47 90
47 94
47 96
47 99
47 103
47 109
48 11
48 14
48 16
48 17
48 20
48 24
48 29
48 30
48 32
48 44
48 45
48 57
48 60
48 64
48 66
48 67
48 70
48 71
48 76
48 77
48 83
48 86
48 92
48 93
48 101
48 108
49 4
49 10
49 13
49 14
49 29
49 35
49 36
49 38
49 40
49 46
49 47
49 48
49 56
49 69
49 73
49 78
49 84
49 85
49 92
49 99
49 105
49 107
49 108
50 8
50 15
50 17
50 30
50 32
50 35
50 40
50 52
50 54
50 55
50 57
50 58
50 59
50 62
50 63
50 75
50 77
50 81
50 103
50 104
50 105
51 10
51 12
51 15
51 28
51 30
51 34
51 44
51 46
51 48
51 57
51 67
51 69
51 72
51 85
51 94
51 95
51 98
51 101
51 106
52 7
52 17
52 18
52 42
52 46
52 56
52 68
52 69
52 70
52 71
52 80
52 98
52 104
53 0
53 5
53 7
53 13
53 22
53 36
53 48
53 52
53 58
53 62
53 66
53 69
53 84
53 85
53 86
53 93
53 106
54 0
54 2
54 6
54 10
54 18
54 21
54 24
54 30
54 34
54 37
54 39
54 41
54 42
54 46
54 59
54 61
54 64
54 68
54 72
54 82
54 83
54 84
54 87
54 93
54 99
55 6
55 7
55 13
55 14
55 17
55 31
55 35
55 46
55 49
55 63
55 65
55 68
55 73
55 78
55 91
55 92
55 93
55 99
55 101
55 104
55 107
55 109
56 4
56 6
56 8
56 9
56 10
56 11
56 17
56 19
56 25
56 30
56 38
56 40
56 50
56 58
56 66
56 70
56 74
56 77
56 92
56 94
56 101
56 104
56 105
57 12
57 20
57 26
57 27
57 31
57 38
57 41
57 46
57 49
57 54
57 55
57 56
57 68
57 72
57 78
57 102
57 107
58 11
58 12
58 16
58 23
58 38
58 66
58 71
58 73
58 75
58 87
58 89
58 104
59 0
59 1
59 4
59 9
59 19
59 24
59 25
59 27
59 28
59 39
59 40
59 63
59 65
59 69
59 71
59 78
59 84
59 90
59 93
59 98
59 106
59 108
59 109
60 2
60 8
60 11
60 14
60 18
60 30
60 31
60 33
60 38
60 40
60 42
60 43
60 45
60 48
60 51
60 56
60 68
60 70
60 72
60 77
60 80
60 84
60 87
60 89
60 90
60 93
60 102
60 103
60 106
61 10
61 14
61 15
61 17
61 18
61 26
61 29
61 45
61 46
61 48
61 52
61 58
61 62
61 66
61 70
61 73
61 77
61 79
61 84
61 87
61 92
61 99
61 107
62 0
62 12
62 37
62 40
62 42
62 58
62 66
62 68
62 74
62 77
62 87
62 88
62 98
62 99
62 100
62 101
62 103
62 108
63 3
63 8
63 10
63 11
63 12
63 13
63 14
63 16
63 17
63 20
63 22
63 24
63 28
63 37
63 40
63 42
63 46
63 54
63 73
63 91
63 109
64 4
64 7
64 9
64 12
64 15
64 18
64 21
64 26
64 29
64 43
64 52
64 56
64 70
64 76
64 78
64 84
64 91
64 95
64 98
64 102
64 104
64 108
65 2
65 8
65 12
65 14
65 19
65 21
65 23
65 27
65 29
65 32
65 37
65 39
65 43
65 46
65 48
65 50
65 70
65 74
65 80
65 83
65 84
65 85
65 89
65 96
65 100
65 107
66 1
66 6
66 15
66 19
66 20
66 22
66 30
66 37
66 42
66 49
66 62
66 65
66 73
66 75
66 79
66 80
66 85
66 86
66 90
66 96
66 104
66 108
67 0
67 2
67 15
67 16
67 18
67 19
67 23
67 26
67 30
67 35
67 47
67 51
67 52
67 54
67 61
67 62
67 63
67 69
67 70
67 83
67 88
67 102
67 104
67 108
68 1
68 2
68 3
68 9
68 10
68 15
68 17
68 18
68 19
68 20
68 25
68 27
68 29
68 35
68 36
68 37
68 46
68 51
68 62
68 74
68 75
68 82
69 0
69 3
69 4
69 5
69 7
69 20
69 26
69 30
69 31
69 32
69 36
69 40
69 45
69 46
69 51
69 53
69 59
69 66
69 71
69 73
69 83
69 91
69 93
69 99
69 102
69 107
70 3
70 16
70 19
70 33
70 37
70 38
70 45
70 48
70 49
70 54
70 61
70 64
70 65
70 67
70 73
70 85
70 89
70 94
70 98
70 101
70 102
70 106
71 1
71 3
71 20
71 21
71 25
71 26
71 31
71 34
71 35
71 39
71 43
71 47
71 55
71 62
71 65
71 76
71 81
71 82
71 84
71 86
71 87
71 91
71 92
71 101
71 108
72 0
72 3
72 4
72 6
72 7
72 15
72 16
72 24
72 36
72 57
72 58
72 59
72 61
72 66
72 68
72 69
72 74
72 77
72 78
72 81
72 88
72 90
72 102
73 3
73 5
73 8
73 10
73 11
73 19
73 20
73 22
73 26
73 27
73 32
73 38
73 42
73 54
73 61
73 69
73 74
73 82
73 84
73 87
73 103
74 9
74 14
74 25
74 32
74 36
74 39
74 42
74 43
74 45
74 61
74 63
74 64
74 66
74 73
74 76
74 79
74 80
74 89
74 90
74 91
74 97
74 99
74 105
74 107
74 109
75 15
75 17
75 26
75 27
75 28
75 36
75 39
75 47
75 51
75 61
75 65
75 76
75 77
75 79
75 86
75 96
75 101
75 106
76 9
76 10
76 14
76 25
76 30
76 33
76 38
76 39
76 45
76 54
76 65
76 66
76 67
76 71
76 82
76 83
76 87
77 6
77 21
77 24
77 28
77 31
77 36
77 48
77 54
77 58
77 63
77 66
77 75
77 76
77 79
77 85
77 88
77 91
77 100
77 101
77 103
77 107
78 1
78 8
78 10
78 17
78 18
78 26
78 30
78 33
78 41
78 49
78 50
78 54
78 55
78 56
78 59
78 61
78 76
78 80
78 84
78 91
78 98
78 100
78 103
78 108
79 4
79 8
79 14
79 15
79 23
79 27
79 34
79 39
79 52
79 57
79 60
79 65
79 66
79 68
79 71
79 74
79 77
79 83
79 87
79 96
79 98
79 99
79 100
79 105
80 1
80 6
80 7
80 24
80 25
80 34
80 40
80 52
80 62
80 63
80 72
80 73
80 78
80 82
80 96
80 97
80 102
80 103
80 104
81 4
81 20
81 21
81 28
81 29
81 32
81 34
81 35
81 36
81 42
81 46
81 49
81 60
81 70
81 73
81 80
81 89
81 91
81 107
82 1
82 8
82 15
82 19
82 20
82 26
82 27
82 30
82 38
82 39
82 42
82 43
82 44
82 49
82 53
82 55
82 57
82 59
82 64
82 66
82 69
82 76
82 79
82 85
82 88
82 90
82 91
82 93
82 100
82 102
83 5
83 20
83 21
83 31
83 33
83 35
83 37
83 39
83 42
83 46
83 47
83 50
83 67
83 73
83 75
83 77
83 80
83 84
83 95
83 97
83 104
83 106
83 107
84 1
84 6
84 9
84 10
84 12
84 28
84 30
84 35
84 37
84 41
84 44
84 46
84 58
84 59
84 67
84 69
84 71
84 80
84 92
84 93
84 97
84 108
84 109
85 1
85 5
85 11
85 12
85 13
85 24
85 31
85 32
85 34
85 40
85 42
85 46
85 51
85 64
85 67
85 75
85 79
85 83
85 91
85 94
85 96
85 106
85 107
85 108
85 109
86 2
86 5
86 13
86 14
86 17
86 19
86 21
86 35
86 42
86 45
86 49
86 60
86 64
86 67
86 69
86 72
86 77
86 79
86 85
86 89
86 90
86 93
86 97
86 98
86 106
87 5
87 10
87 13
87 17
87 18
87 19
87 24
87 27
87 30
87 38
87 41
87 54
87 69
87 96
87 100
87 103
87 108
87 109
88 0
88 15
88 21
88 26
88 34
88 45
88 52
88 55
88 57
88 59
88 67
88 71
88 74
88 75
88 76
88 77
88 79
88 90
88 94
88 96
88 97
88 104
89 0
89 5
89 20
89 25
89 39
89 44
89 45
89 47
89 51
89 59
89 63
89 66
89 68
89 69
89 70
89 75
89 76
89 82
89 85
89 92
89 97
89 99
89 104
90 0
90 18
90 20
90 23
90 29
90 30
90 33
90 40
90 41
90 44
90 54
90 60
90 69
90 72
90 73
90 74
90 81
90 82
90 83
90 103
90 105
90 109
91 3
91 8
91 14
91 30
91 31
91 41
91 44
91 45
91 57
91 73
91 80
91 94
91 97
91 98
91 100
91 101
91 105
91 106
91 107
92 9
92 18
92 19
92 20
92 27
92 33
92 47
92 52
92 55
92 61
92 67
92 69
92 72
92 80
92 88
92 89
92 99
92 101
93 7
93 8
93 9
93 16
93 20
93 31
93 43
93 48
93 57
93 61
93 63
93 71
93 74
93 76
93 85
93 98
93 102
94 1
94 6
94 11
94 18
94 32
94 37
94 44
94 48
94 51
94 57
94 58
94 60
94 63
94 65
94 68
94 74
94 75
94 80
94 86
94 90
94 95
94 99
94 104
95 0
95 5
95 6
95 11
95 20
95 27
95 31
95 33
95 34
95 37
95 38
95 39
95 47
95 49
95 58
95 69
95 72
95 79
95 88
95 105
95 109
96 6
96 10
96 11
96 16
96 17
96 34
96 53
96 54
96 55
96 57
96 60
96 65
96 80
96 86
96 90
96 91
96 97
96 98
96 105
97 2
97 5
97 7
97 9
97 10
97 11
97 15
97 16
97 17
97 24
97 28
97 31
97 33
97 34
97 39
97 45
97 66
97 70
97 72
97 73
97 75
97 76
97 77
97 79
97 88
97 94
98 3
98 5
98 19
98 45
98 46
98 57
98 58
98 62
98 63
98 75
98 81
98 82
98 88
98 92
98 93
98 106
98 109
99 2
99 4
99 8
99 35
99 40
99 44
99 51
99 55
99 57
99 59
99 63
99 73
99 87
99 90
99 93
100 2
100 5
100 7
100 9
100 15
100 17
100 20
100 26
100 30
100 34
100 41
100 51
100 56
100 65
100 67
100 69
100 74
100 76
100 79
100 84
100 103
100 107
101 15
101 23
101 28
101 29
101 46
101 47
101 49
101 50
101 52
101 53
101 58
101 64
101 73
101 80
101 85
101 91
101 94
101 95
101 100
101 107
102 1
102 4
102 7
102 8
102 15
102 20
102 23
102 28
102 30
102 34
102 37
102 38
102 44
102 48
102 56
102 57
102 59
102 63
102 67
102 68
102 71
102 77
102 80
102 82
102 84
102 85
102 96
102 99
102 105
102 106
103 3
103 10
103 14
103 25
103 28
103 32
103 38
103 51
103 52
103 54
103 55
103 56
103 67
103 70
103 99
104 0
104 1
104 2
104 15
104 24
104 26
104 45
104 50
104 62
104 65
104 67
104 70
104 81
104 99
104 100
104 108
105 4
105 5
105 7
105 21
105 27
105 32
105 33
105 49
105 50
105 62
105 70
105 84
105 86
105 96
105 97
106 9
106 10
106 13
106 23
106 24
106 30
106 34
106 39
106 56
106 62
106 67
106 70
106 81
106 84
106 88
106 90
106 91
106 94
106 101
107 2
107 3
107 14
107 16
107 30
107 31
107 42
107 50
107 64
107 65
107 69
107 70
107 74
107 76
107 77
107 79
107 83
107 84
107 88
107 92
107 102
107 105
107 106
108 7
108 11
108 12
108 13
108 19
108 20
108 25
108 29
108 32
108 33
108 41
108 42
108 47
108 53
108 61
108 62
108 64
108 67
108 71
108 73
108 74
108 75
108 79
108 80
108 81
108 82
108 83
108 89
108 92
108 95
108 97
108 103
108 107
109 2
109 4
109 5
109 8
109 16
109 19
109 20
109 23
109 28
109 37
109 40
109 43
109 49
109 53
109 63
109 65
109 67
109 70
109 77
109 81
109 87
109 100
109 101
109 106
109 108
