140
0 3
0 7
0 9
0 14
0 32
0 37
0 41
0 46
0 55
0 58
0 63
0 64
0 66
0 71
0 75
0 89
0 96
0 98
0 99
0 112
0 114
0 129
0 135
0 138
1 4
1 14
1 18
1 32
1 43
1 56
1 59
1 60
1 61
1 69
1 78
1 79
1 87
1 91
1 102
1 103
1 105
1 110
1 112
1 113
1 117
1 123
1 124
1 132
1 135
1 139
2 0
2 3
2 6
2 7
2 9
2 11
2 15
2 21
2 40
2 41
2 43
2 49
2 51
2 52
2 56
2 62
2 65
2 71
2 72
2 76
2 78
2 81
2 84
2 89
2 95
2 98
2 105
2 108
2 110
2 114
2 117
2 126
2 130
2 134
2 136
2 137
3 5
3 6
3 7
3 8
3 19
3 38
3 41
3 43
3 61
3 62
3 73
3 76
3 85
3 89
3 97
3 105
3 109
3 111
3 118
3 121
3 130
3 132
3 135
4 1
4 5
4 7
4 13
4 15
4 17
4 29
4 30
4 36
4 45
4 50
4 52
4 56
4 57
4 62
4 67
4 72
4 73
4 75
4 78
4 80
4 81
4 85
4 95
4 96
4 103
4 107
4 108
4 110
4 132
4 133
4 135
4 138
4 139
5 2
5 10
5 13
5 14
5 15
5 16
5 18
5 20
5 30
5 31
5 33
5 35
5 36
5 37
5 38
5 39
5 40
5 41
5 44
5 49
5 50
5 51
5 55
5 57
5 59
5 66
5 75
5 80
5 83
5 85
5 90
5 93
5 96
5 99
5 106
5 109
5 120
5 121
5 129
5 130
5 132
5 135
6 0
6 4
6 18
6 20
6 25
6 28
6 29
6 30
6 35
6 43
6 45
6 55
6 58
6 63
6 66
6 67
6 74
6 75
6 87
6 92
6 97
6 98
6 99
6 104
6 109
6 119
6 136
7 8
7 17
7 18
7 21
7 25
7 38
7 40
7 46
7 47
7 50
7 51
7 52
7 60
7 62
7 63
7 70
7 73
7 75
7 81
7 82
7 85
7 86
7 87
7 94
7 102
7 103
7 108
7 119
7 127
7 134
7 135
7 138
7 139
8 0
8 2
8 9
8 16
8 25
8 34
8 36
8 43
8 54
8 57
8 63
8 67
8 73
8 74
8 75
8 81
8 97
8 100
8 103
8 109
8 111
8 121
8 127
8 137
9 7
9 10
9 18
9 19
9 20
9 27
9 31
9 35
9 36
9 40
9 43
9 46
9 53
9 55
9 62
9 64
9 67
9 72
9 74
9 79
9 81
9 85
9 88
9 96
9 100
9 103
9 104
9 105
9 110
9 113
9 114
9 119
9 122
9 124
9 125
9 126
9 130
9 134
10 2
10 3
10 4
10 5
10 8
10 29
10 32
10 40
10 47
10 53
10 55
10 59
10 61
10 63
10 72
10 79
10 80
10 90
10 101
10 104
10 112
10 113
10 115
10 116
10 120
10 122
10 136
10 139
11 3
11 4
11 17
11 23
11 28
11 44
11 49
11 51
11 53
11 60
11 67
11 69
11 73
11 83
11 84
11 85
11 88
11 89
11 94
11 101
11 109
11 113
11 122
11 127
11 133
11 136
12 5
12 16
12 21
12 34
12 37
12 38
12 39
12 52
12 79
12 80
12 85
12 91
12 93
12 98
12 102
12 114
12 116
12 118
12 119
12 121
12 125
12 126
12 127
12 132
12 135
12 139
13 8
13 9
13 23
13 33
13 36
13 45
13 54
13 61
13 67
13 71
13 74
13 82
13 84
13 88
13 111
13 130
13 137
14 6
14 11
14 16
14 17
14 20
14 38
14 49
14 51
14 53
14 56
14 58
14 65
14 71
14 72
14 73
14 81
14 87
14 95
14 96
14 100
14 104
14 129
14 131
14 136
15 0
15 4
15 16
15 18
15 20
15 28
15 29
15 31
15 42
15 43
15 46
15 47
15 48
15 54
15 65
15 84
15 85
15 88
15 94
15 102
15 115
15 125
15 126
15 127
15 133
15 138
16 1
16 2
16 5
16 7
16 8
16 20
16 23
16 27
16 36
16 37
16 44
16 45
16 51
16 54
16 55
16 58
16 62
16 69
16 82
16 88
16 89
16 92
16 104
16 121
16 123
16 125
16 126
16 129
16 134
16 139
17 0
17 13
17 16
17 23
17 27
17 34
17 38
17 48
17 59
17 63
17 66
17 67
17 69
17 76
17 81
17 82
17 84
17 85
17 96
17 102
17 111
17 123
17 124
17 125
17 129
17 133
17 136
18 1
18 3
18 5
18 6
18 9
18 16
18 17
18 21
18 24
18 26
18 34
18 35
18 38
18 39
18 42
18 43
18 44
18 50
18 53
18 55
18 57
18 65
18 77
18 82
18 87
18 91
18 98
18 102
18 103
18 109
18 121
18 127
18 136
18 138
18 139
19 0
19 22
19 28
19 32
19 38
19 39
19 53
19 55
19 61
19 62
19 63
19 64
19 71
19 76
19 79
19 82
19 84
19 85
19 86
19 102
19 110
19 114
19 115
19 116
19 121
19 123
19 136
19 137
20 4
20 10
20 21
20 26
20 32
20 34
20 43
20 45
20 50
20 51
20 52
20 57
20 71
20 72
20 75
20 78
20 79
20 81
20 83
20 85
20 86
20 94
20 97
20 102
20 104
20 121
20 125
20 126
20 133
20 135
20 137
20 139
21 1
21 4
21 12
21 23
21 29
21 32
21 33
21 53
21 56
21 57
21 61
21 67
21 68
21 69
21 70
21 74
21 83
21 87
21 92
21 95
21 96
21 116
21 120
21 122
21 124
21 125
21 128
21 131
21 132
21 138
21 139
22 0
22 1
22 3
22 5
22 9
22 14
22 17
22 26
22 29
22 33
22 34
22 42
22 43
22 44
22 50
22 53
22 56
22 63
22 66
22 68
22 72
22 77
22 86
22 95
22 101
22 106
22 117
22 120
22 132
23 2
23 4
23 7
23 17
23 21
23 24
23 26
23 29
23 32
23 34
23 37
23 43
23 56
23 65
23 69
23 94
23 106
23 113
23 115
23 119
23 123
23 124
23 129
23 132
23 134
23 138
24 2
24 25
24 26
24 29
24 39
24 40
24 45
24 46
24 48
24 52
24 61
24 67
24 68
24 70
24 74
24 75
24 78
24 79
24 88
24 91
24 92
24 93
24 115
24 117
24 118
24 125
24 128
24 134
24 137
24 138
25 3
25 12
25 20
25 21
25 22
25 26
25 27
25 32
25 33
25 34
25 39
25 42
25 43
25 52
25 58
25 61
25 65
25 68
25 69
25 70
25 76
25 82
25 89
25 92
25 93
25 95
25 97
25 101
25 109
25 112
25 115
25 116
25 139
26 3
26 5
26 8
26 23
26 24
26 32
26 33
26 41
26 44
26 50
26 51
26 58
26 74
26 77
26 82
26 88
26 89
26 92
26 93
26 96
26 101
26 103
26 105
26 106
26 115
26 116
26 121
26 126
26 128
26 135
26 139
27 0
27 1
27 2
27 3
27 4
27 5
27 6
27 14
27 28
27 32
27 35
27 38
27 40
27 43
27 51
27 52
27 53
27 60
27 66
27 71
27 80
27 83
27 89
27 93
27 95
27 100
27 106
27 115
27 124
27 128
27 129
27 131
27 136
28 10
28 11
28 12
28 21
28 26
28 32
28 33
28 36
28 40
28 51
28 58
28 67
28 74
28 78
28 81
28 82
28 96
28 98
28 107
28 108
28 110
28 111
28 117
28 122
28 134
28 137
28 138
28 139
29 4
29 5
29 7
29 9
29 10
29 14
29 38
29 44
29 47
29 53
29 66
29 71
29 75
29 79
29 85
29 88
29 102
29 104
29 119
29 121
29 130
30 2
30 7
30 8
30 22
30 24
30 38
30 55
30 57
30 60
30 66
30 73
30 74
30 82
30 86
30 88
30 91
30 94
30 95
30 96
30 108
30 113
30 114
30 118
30 123
30 126
30 128
30 130
30 133
30 134
30 135
30 138
31 10
31 11
31 14
31 20
31 21
31 25
31 38
31 40
31 42
31 44
31 45
31 52
31 61
31 66
31 73
31 77
31 78
31 84
31 88
31 95
31 99
31 101
31 102
31 104
31 111
31 124
31 126
31 130
31 136
32 2
32 14
32 15
32 17
32 26
32 28
32 29
32 30
32 33
32 34
32 38
32 40
32 42
32 43
32 53
32 66
32 80
32 82
32 88
32 89
32 96
32 99
32 109
32 111
32 115
32 120
32 124
32 125
32 127
32 139
33 11
33 16
33 17
33 19
33 24
33 27
33 36
33 37
33 48
33 55
33 57
33 65
33 69
33 71
33 75
33 79
33 80
33 87
33 94
33 95
33 96
33 104
33 105
33 112
33 117
33 118
33 120
33 122
33 123
33 125
33 129
33 132
34 2
34 9
34 10
34 11
34 17
34 21
34 28
34 30
34 35
34 47
34 51
34 54
34 56
34 70
34 74
34 92
34 97
34 101
34 123
34 124
34 135
34 137
35 1
35 14
35 15
35 18
35 23
35 29
35 34
35 37
35 43
35 49
35 58
35 60
35 63
35 64
35 66
35 67
35 69
35 71
35 84
35 87
35 88
35 89
35 93
35 103
35 107
35 122
35 127
35 128
35 139
36 3
36 9
36 15
36 17
36 18
36 20
36 21
36 24
36 27
36 30
36 37
36 41
36 42
36 49
36 51
36 53
36 56
36 61
36 66
36 71
36 74
36 81
36 89
36 90
36 91
36 112
36 122
36 126
36 135
36 139
37 25
37 27
37 28
37 34
37 42
37 54
37 66
37 67
37 68
37 84
37 88
37 96
37 98
37 103
37 105
37 107
37 109
37 110
37 113
37 114
37 115
37 119
37 120
37 124
37 126
37 134
37 136
37 138
38 0
38 6
38 14
38 17
38 22
38 24
38 27
38 28
38 29
38 43
38 45
38 51
38 55
38 56
38 57
38 63
38 64
38 75
38 80
38 84
38 90
38 91
38 97
38 100
38 102
38 103
38 106
38 114
38 128
38 129
38 134
38 138
39 4
39 7
39 9
39 13
39 30
39 32
39 34
39 46
39 49
39 59
39 70
39 73
39 75
39 85
39 86
39 89
39 93
39 109
39 115
39 116
39 129
39 130
39 133
39 136
40 6
40 8
40 10
40 16
40 18
40 21
40 23
40 30
40 31
40 32
40 35
40 36
40 44
40 45
40 47
40 49
40 55
40 64
40 81
40 83
40 85
40 92
40 94
40 96
40 98
40 102
40 108
40 117
40 118
40 134
40 138
41 1
41 5
41 6
41 10
41 13
41 18
41 22
41 26
41 27
41 29
41 32
41 35
41 36
41 38
41 47
41 49
41 56
41 62
41 63
41 67
41 71
41 79
41 81
41 86
41 89
41 98
41 99
41 101
41 108
41 111
41 116
41 120
41 122
41 127
42 6
42 8
42 21
42 25
42 37
42 39
42 48
42 57
42 69
42 73
42 74
42 84
42 91
42 110
42 112
42 133
42 134
43 1
43 6
43 7
43 9
43 12
43 22
43 28
43 29
43 37
43 38
43 39
43 41
43 44
43 46
43 52
43 53
43 56
43 58
43 59
43 62
43 72
43 73
43 79
43 82
43 86
43 89
43 106
43 109
43 112
43 117
43 122
43 128
43 129
44 3
44 7
44 8
44 19
44 22
44 25
44 26
44 27
44 28
44 29
44 31
44 36
44 37
44 39
44 41
44 48
44 49
44 63
44 64
44 66
44 84
44 90
44 97
44 105
44 115
44 116
44 118
44 127
44 129
44 130
45 1
45 24
45 25
45 32
45 36
45 46
45 57
45 59
45 63
45 68
45 74
45 84
45 85
45 94
45 100
45 102
45 114
45 116
45 119
45 123
45 127
45 129
45 137
46 4
46 6
46 9
46 12
46 18
46 29
46 45
46 47
46 61
46 62
46 64
46 65
46 66
46 68
46 72
46 73
46 78
46 81
46 89
46 99
46 100
46 102
46 105
46 107
46 108
46 120
46 122
46 137
47 2
47 5
47 9
47 11
47 12
47 17
47 25
47 41
47 42
47 57
47 59
47 72
47 77
47 83
47 87
47 97
47 99
47 108
47 114
47 115
47 120
47 126
47 127
47 132
47 135
47 139
48 3
48 13
48 15
48 17
48 23
48 28
48 38
48 43
48 46
48 59
48 60
48 66
48 69
48 70
48 75
48 81
48 85
48 86
48 91
48 111
48 114
48 115
48 117
48 137
48 138
49 5
49 7
49 8
49 10
49 11
49 12
49 14
49 21
49 23
49 33
49 34
49 37
49 47
49 52
49 56
49 59
49 66
49 68
49 73
49 77
49 79
49 80
49 81
49 87
49 90
49 96
49 99
49 105
49 113
49 116
49 121
49 132
49 137
49 138
50 0
50 2
50 20
50 23
50 35
50 44
50 45
50 49
50 68
50 81
50 88
50 90
50 93
50 94
50 109
50 114
50 120
50 129
50 130
50 136
51 3
51 5
51 11
51 13
51 31
51 36
51 59
51 64
51 68
51 69
51 85
51 97
51 107
51 108
51 113
51 118
51 119
51 121
51 124
51 136
52 3
52 23
52 27
52 39
52 43
52 51
52 67
52 75
52 94
52 97
52 101
52 111
52 119
52 124
52 126
52 127
52 128
52 135
52 137
53 2
53 6
53 7
53 20
53 28
53 29
53 46
53 50
53 57
53 61
53 64
53 72
53 74
53 79
53 85
53 88
53 102
53 105
53 114
53 118
53 122
53 127
53 132
54 0
54 7
54 10
54 12
54 19
54 32
54 34
54 38
54 42
54 47
54 58
54 62
54 63
54 72
54 73
54 74
54 90
54 93
54 94
54 98
54 99
54 111
54 115
54 128
54 131
54 133
54 134
55 3
55 4
55 6
55 9
55 12
55 22
55 26
55 27
55 32
55 33
55 37
55 39
55 56
55 58
55 59
55 66
55 71
55 77
55 78
55 82
55 86
55 88
55 91
55 94
55 99
55 101
55 102
55 119
55 120
55 121
55 125
55 131
55 137
55 139
56 1
56 4
56 7
56 9
56 10
56 19
56 23
56 31
56 36
56 59
56 60
56 61
56 74
56 76
56 86
56 88
56 93
56 101
56 102
56 106
56 110
56 113
56 114
56 116
56 125
56 130
56 137
57 0
57 5
57 17
57 19
57 27
57 29
57 33
57 47
57 60
57 72
57 79
57 87
57 95
57 97
57 100
57 104
57 106
57 109
57 115
57 121
57 137
57 138
57 139
58 3
58 4
58 6
58 10
58 27
58 35
58 45
58 51
58 55
58 57
58 61
58 67
58 68
58 70
58 79
58 81
58 86
58 87
58 88
58 90
58 91
58 94
58 95
58 96
58 101
58 102
58 103
58 116
58 117
58 119
58 120
58 126
58 129
59 0
59 1
59 2
59 3
59 11
59 12
59 15
59 16
59 20
59 21
59 27
59 31
59 35
59 36
59 40
59 41
59 45
59 46
59 49
59 53
59 58
59 84
59 86
59 88
59 94
59 97
59 108
59 109
59 112
59 118
59 122
59 123
59 130
59 131
59 132
59 133
59 135
59 137
60 4
60 6
60 14
60 17
60 20
60 26
60 35
60 40
60 51
60 56
60 62
60 64
60 65
60 68
60 69
60 73
60 86
60 94
60 96
60 98
60 102
60 103
60 109
60 113
60 114
60 116
60 117
60 120
60 129
60 135
60 139
61 13
61 20
61 25
61 28
61 30
61 35
61 37
61 38
61 42
61 45
61 62
61 85
61 87
61 90
61 92
61 108
61 109
61 116
61 117
61 121
61 136
61 137
62 3
62 6
62 9
62 11
62 14
62 21
62 24
62 25
62 28
62 32
62 36
62 45
62 49
62 54
62 56
62 64
62 65
62 74
62 82
62 87
62 91
62 105
62 110
62 112
62 113
62 114
62 115
62 116
62 117
62 118
62 120
62 128
62 134
62 136
62 139
63 2
63 8
63 10
63 11
63 12
63 13
63 30
63 37
63 54
63 60
63 64
63 67
63 77
63 78
63 103
63 105
63 115
63 117
63 130
63 131
63 132
63 135
64 5
64 8
64 9
64 10
64 28
64 35
64 45
64 48
64 52
64 59
64 65
64 67
64 68
64 80
64 82
64 85
64 88
64 89
64 90
64 94
64 95
64 96
64 99
64 103
64 104
64 105
64 113
64 115
64 117
64 135
65 2
65 6
65 12
65 15
65 23
65 24
65 29
65 30
65 31
65 38
65 60
65 63
65 67
65 69
65 70
65 72
65 77
65 81
65 86
65 88
65 89
65 96
65 99
65 103
65 104
65 105
65 114
65 118
65 120
65 122
65 130
65 136
66 4
66 26
66 32
66 34
66 38
66 41
66 42
66 44
66 57
66 73
66 76
66 84
66 87
66 97
66 98
66 99
66 101
66 103
66 106
66 112
66 117
66 120
66 129
67 0
67 3
67 4
67 5
67 9
67 13
67 15
67 17
67 23
67 24
67 26
67 27
67 31
67 32
67 38
67 51
67 53
67 61
67 64
67 81
67 94
67 96
67 107
67 108
67 118
67 128
68 5
68 6
68 8
68 14
68 16
68 29
68 35
68 41
68 64
68 67
68 71
68 74
68 82
68 90
68 93
68 95
68 96
68 98
68 106
68 107
68 124
68 135
69 0
69 1
69 10
69 12
69 20
69 26
69 34
69 35
69 39
69 44
69 47
69 53
69 59
69 65
69 71
69 74
69 75
69 86
69 96
69 99
69 100
69 101
69 112
69 117
69 122
69 124
69 125
69 127
69 128
70 4
70 6
70 7
70 10
70 24
70 28
70 29
70 30
70 60
70 62
70 79
70 82
70 86
70 96
70 99
70 106
70 110
70 130
70 135
70 139
71 2
71 10
71 15
71 19
71 38
71 47
71 48
71 53
71 54
71 60
71 61
71 64
71 74
71 76
71 81
71 95
71 99
71 107
71 111
71 120
71 121
71 135
71 136
72 4
72 8
72 9
72 10
72 11
72 22
72 23
72 24
72 26
72 35
72 47
72 50
72 53
72 55
72 56
72 60
72 76
72 82
72 90
72 91
72 93
72 96
72 99
72 101
72 104
72 107
72 110
72 111
72 113
72 114
72 116
72 128
72 132
72 135
73 0
73 6
73 11
73 13
73 14
73 19
73 23
73 24
73 26
73 32
73 51
73 56
73 58
73 60
73 66
73 69
73 71
73 74
73 76
73 94
73 100
73 103
73 112
73 114
73 121
73 137
74 0
74 8
74 17
74 19
74 22
74 25
74 27
74 30
74 32
74 41
74 44
74 47
74 51
74 53
74 64
74 75
74 84
74 85
74 93
74 96
74 97
74 99
74 102
74 105
74 108
74 115
74 124
74 138
75 20
75 22
75 27
75 28
75 45
75 53
75 54
75 79
75 87
75 92
75 93
75 96
75 98
75 115
75 117
75 118
75 119
75 126
75 132
76 0
76 28
76 30
76 39
76 41
76 43
76 50
76 58
76 59
76 74
76 77
76 81
76 99
76 122
76 124
76 127
76 129
76 132
76 133
76 137
77 3
77 4
77 11
77 13
77 17
77 28
77 29
77 34
77 40
77 45
77 55
77 57
77 64
77 67
77 75
77 80
77 84
77 86
77 108
77 109
77 114
77 123
77 126
77 128
78 9
78 26
78 31
78 32
78 33
78 38
78 41
78 44
78 47
78 54
78 65
78 67
78 69
78 70
78 87
78 90
78 91
78 98
78 100
78 106
78 111
78 114
78 117
78 121
78 123
78 124
78 132
78 133
79 1
79 2
79 11
79 14
79 20
79 29
79 32
79 33
79 50
79 52
79 69
79 71
79 72
79 73
79 74
79 81
79 88
79 89
79 94
79 100
79 101
79 102
79 112
79 116
79 123
79 126
79 139
80 5
80 9
80 13
80 15
80 24
80 25
80 31
80 35
80 36
80 44
80 54
80 55
80 63
80 84
80 87
80 92
80 93
80 96
80 103
80 105
80 108
80 111
80 113
80 116
80 122
80 132
80 134
80 137
81 0
81 3
81 4
81 8
81 9
81 29
81 32
81 33
81 37
81 39
81 42
81 45
81 46
81 55
81 57
81 58
81 61
81 62
81 67
81 68
81 70
81 72
81 73
81 86
81 87
81 103
81 107
81 114
81 130
81 138
82 9
82 10
82 11
82 12
82 14
82 19
82 27
82 29
82 31
82 37
82 39
82 49
82 55
82 58
82 68
82 77
82 88
82 92
82 93
82 95
82 99
82 100
82 106
82 108
82 112
82 115
82 116
82 117
82 124
82 125
82 127
82 129
82 137
83 2
83 5
83 9
83 10
83 22
83 24
83 25
83 26
83 27
83 28
83 30
83 38
83 40
83 48
83 56
83 60
83 62
83 72
83 73
83 76
83 79
83 82
83 86
83 91
83 92
83 95
83 99
83 105
83 107
83 115
83 119
83 121
83 127
83 130
83 139
84 1
84 13
84 20
84 22
84 23
84 37
84 39
84 45
84 51
84 53
84 69
84 73
84 79
84 81
84 82
84 85
84 98
84 102
84 104
84 106
84 107
84 108
84 109
84 111
84 121
84 124
84 130
85 0
85 8
85 10
85 13
85 21
85 28
85 29
85 35
85 36
85 37
85 44
85 50
85 52
85 57
85 61
85 65
85 67
85 76
85 78
85 82
85 87
85 97
85 109
85 114
85 122
85 123
85 125
85 131
85 136
86 0
86 1
86 2
86 19
86 22
86 24
86 27
86 29
86 32
86 37
86 38
86 41
86 43
86 50
86 52
86 57
86 62
86 66
86 69
86 78
86 82
86 91
86 95
86 98
86 101
86 104
86 109
86 110
86 116
86 119
86 120
86 126
86 129
86 136
87 2
87 9
87 10
87 14
87 30
87 40
87 42
87 45
87 55
87 66
87 70
87 72
87 80
87 81
87 83
87 113
87 115
87 116
87 123
87 133
87 135
87 137
88 1
88 7
88 11
88 12
88 15
88 20
88 24
88 28
88 57
88 61
88 71
88 85
88 86
88 90
88 91
88 94
88 105
88 107
88 108
88 118
88 123
88 124
88 128
88 133
89 1
89 13
89 15
89 21
89 34
89 35
89 42
89 44
89 56
89 67
89 76
89 77
89 78
89 80
89 87
89 88
89 90
89 101
89 102
89 122
89 123
90 7
90 9
90 21
90 24
90 31
90 42
90 51
90 59
90 68
90 74
90 76
90 78
90 81
90 82
90 88
90 91
90 99
90 101
90 113
90 115
90 119
90 121
90 126
90 127
90 134
91 3
91 5
91 8
91 14
91 17
91 25
91 47
91 49
91 51
91 52
91 60
91 66
91 69
91 83
91 88
91 102
91 108
91 111
91 112
91 116
91 120
91 122
91 123
91 131
91 135
91 137
91 138
92 3
92 6
92 26
92 31
92 33
92 40
92 43
92 47
92 60
92 63
92 66
92 67
92 84
92 93
92 95
92 105
92 109
92 111
92 113
92 126
92 130
92 134
92 136
93 28
93 32
93 36
93 39
93 48
93 54
93 57
93 60
93 61
93 62
93 73
93 77
93 78
93 80
93 83
93 102
93 108
93 109
93 118
93 122
93 123
93 133
93 135
94 4
94 5
94 8
94 9
94 12
94 18
94 20
94 26
94 27
94 28
94 32
94 35
94 41
94 44
94 46
94 48
94 50
94 51
94 54
94 67
94 68
94 73
94 76
94 80
94 90
94 96
94 99
94 114
94 115
94 122
94 127
94 132
94 134
94 137
94 139
95 5
95 21
95 31
95 33
95 44
95 46
95 47
95 56
95 57
95 64
95 66
95 68
95 73
95 77
95 80
95 85
95 108
95 115
95 123
95 126
95 127
95 135
96 3
96 7
96 15
96 22
96 26
96 28
96 39
96 48
96 49
96 50
96 54
96 57
96 60
96 64
96 69
96 70
96 71
96 72
96 75
96 77
96 81
96 82
96 84
96 85
96 94
96 103
96 110
96 111
96 115
96 119
96 132
97 9
97 14
97 15
97 16
97 22
97 27
97 32
97 35
97 36
97 37
97 38
97 40
97 42
97 46
97 51
97 55
97 57
97 60
97 64
97 66
97 77
97 81
97 82
97 86
97 87
97 88
97 92
97 93
97 94
97 100
97 101
97 104
97 118
97 121
97 131
97 134
98 4
98 7
98 9
98 21
98 27
98 28
98 30
98 33
98 34
98 37
98 39
98 49
98 50
98 56
98 78
98 93
98 94
98 100
98 102
98 110
98 125
98 132
99 2
99 8
99 10
99 15
99 22
99 23
99 36
99 45
99 47
99 50
99 51
99 56
99 61
99 69
99 72
99 76
99 81
99 86
99 91
99 97
99 113
99 126
99 128
99 136
99 138
100 1
100 6
100 22
100 31
100 33
100 35
100 39
100 40
100 61
100 63
100 65
100 66
100 88
100 137
101 0
101 8
101 10
101 13
101 21
101 23
101 24
101 45
101 49
101 50
101 53
101 67
101 68
101 69
101 74
101 78
101 87
101 107
101 110
101 112
101 116
101 120
101 125
102 7
102 13
102 26
102 28
102 43
102 45
102 57
102 61
102 62
102 65
102 70
102 73
102 77
102 85
102 87
102 90
102 99
102 107
102 109
102 117
102 132
102 135
102 139
103 10
103 12
103 19
103 24
103 30
103 36
103 37
103 44
103 49
103 51
103 53
103 56
103 62
103 71
103 83
103 91
103 92
103 96
103 100
103 106
103 107
103 108
103 120
103 123
103 126
103 135
103 138
104 12
104 17
104 19
104 20
104 21
104 34
104 36
104 38
104 40
104 42
104 46
104 52
104 67
104 69
104 70
104 71
104 79
104 85
104 87
104 89
104 90
104 92
104 93
104 99
104 106
104 120
104 125
104 129
104 133
104 136
105 2
105 8
105 9
105 16
105 46
105 47
105 58
105 60
105 63
105 65
105 69
105 77
105 94
105 97
105 99
105 104
105 111
105 117
105 119
105 135
105 136
105 139
106 3
106 4
106 7
106 9
106 14
106 15
106 18
106 22
106 24
106 25
106 28
106 37
106 45
106 49
106 51
106 62
106 77
106 78
106 80
106 83
106 84
106 90
106 92
106 93
106 98
106 102
106 114
106 120
106 126
106 127
106 130
106 138
107 1
107 7
107 16
107 20
107 22
107 25
107 26
107 31
107 46
107 58
107 68
107 86
107 95
107 99
107 100
107 112
107 114
107 117
107 123
107 124
107 127
107 133
107 136
108 0
108 2
108 3
108 9
108 14
108 17
108 19
108 24
108 30
108 31
108 33
108 34
108 35
108 55
108 61
108 62
108 63
108 65
108 67
108 73
108 79
108 80
108 86
108 97
108 100
108 101
108 111
108 113
108 127
108 133
108 134
108 139
109 8
109 9
109 31
109 37
109 38
109 40
109 41
109 50
109 56
109 57
109 58
109 59
109 66
109 72
109 73
109 77
109 80
109 85
109 87
109 88
109 91
109 94
109 103
109 110
109 112
109 113
109 116
109 127
109 128
109 133
109 134
109 136
109 137
110 5
110 8
110 12
110 13
110 24
110 25
110 37
110 40
110 43
110 50
110 55
110 66
110 67
110 69
110 72
110 73
110 76
110 80
110 85
110 86
110 91
110 92
110 93
110 105
110 106
110 113
110 134
110 136
110 137
111 2
111 6
111 19
111 32
111 36
111 44
111 45
111 46
111 49
111 52
111 56
111 57
111 61
111 66
111 67
111 74
111 75
111 77
111 83
111 85
111 104
111 105
111 113
111 118
111 119
111 127
111 133
111 135
111 137
112 6
112 7
112 11
112 33
112 34
112 39
112 40
112 45
112 46
112 48
112 49
112 54
112 64
112 72
112 73
112 74
112 78
112 84
112 88
112 90
112 97
112 100
112 113
112 114
112 115
112 117
112 120
112 135
112 136
113 4
113 7
113 11
113 21
113 27
113 36
113 38
113 39
113 47
113 48
113 49
113 52
113 54
113 57
113 58
113 62
113 64
113 78
113 82
113 88
113 90
113 94
113 96
113 102
113 125
113 131
113 132
113 136
114 4
114 6
114 16
114 19
114 29
114 33
114 35
114 38
114 45
114 52
114 53
114 59
114 64
114 85
114 95
114 104
114 105
114 113
114 117
114 118
114 127
114 128
114 133
115 2
115 7
115 17
115 27
115 35
115 37
115 43
115 46
115 49
115 53
115 54
115 67
115 71
115 73
115 76
115 80
115 85
115 121
115 122
115 124
115 135
116 9
116 12
116 13
116 19
116 27
116 41
116 42
116 45
116 53
116 58
116 66
116 68
116 73
116 78
116 86
116 93
116 97
116 102
116 104
116 105
116 106
116 112
116 120
116 121
116 122
116 123
116 127
116 131
116 136
116 137
116 138
117 14
117 21
117 22
117 28
117 29
117 33
117 45
117 52
117 54
117 73
117 78
117 80
117 88
117 105
117 114
117 116
117 121
117 124
117 129
117 131
118 5
118 14
118 19
118 21
118 28
118 40
118 43
118 49
118 54
118 55
118 61
118 63
118 64
118 73
118 76
118 80
118 85
118 93
118 102
118 105
118 107
118 109
118 110
118 112
118 116
118 119
118 123
118 126
118 128
118 132
118 133
118 135
119 1
119 8
119 10
119 13
119 15
119 18
119 23
119 24
119 26
119 27
119 36
119 38
119 43
119 48
119 53
119 59
119 64
119 68
119 71
119 73
119 76
119 77
119 96
119 98
119 105
119 118
119 121
119 125
119 133
120 9
120 13
120 24
120 31
120 44
120 51
120 64
120 68
120 69
120 71
120 72
120 73
120 74
120 75
120 80
120 87
120 100
120 106
120 111
120 113
120 114
120 118
120 121
120 126
120 132
121 9
121 20
121 25
121 26
121 29
121 37
121 39
121 44
121 49
121 61
121 67
121 74
121 81
121 85
121 93
121 103
121 116
121 117
121 118
121 128
122 0
122 1
122 3
122 8
122 11
122 16
122 22
122 23
122 24
122 28
122 40
122 43
122 47
122 48
122 50
122 52
122 54
122 58
122 62
122 64
122 65
122 67
122 73
122 75
122 77
122 79
122 82
122 92
122 94
122 99
122 102
122 106
122 107
122 110
122 121
122 123
122 124
122 132
122 135
122 138
123 2
123 5
123 10
123 15
123 21
123 26
123 41
123 42
123 46
123 56
123 64
123 67
123 68
123 76
123 83
123 85
123 107
123 110
123 116
123 117
123 118
123 120
123 126
123 130
123 138
124 2
124 8
124 9
124 14
124 16
124 18
124 20
124 22
124 24
124 32
124 33
124 34
124 37
124 43
124 47
124 53
124 54
124 55
124 56
124 61
124 68
124 71
124 78
124 80
124 83
124 84
124 85
124 88
124 91
124 93
124 101
124 109
124 114
124 115
124 117
124 131
124 133
124 139
125 7
125 12
125 16
125 21
125 23
125 27
125 48
125 62
125 64
125 65
125 69
125 70
125 84
125 97
125 100
125 106
125 107
125 127
125 130
125 136
125 138
126 2
126 3
126 4
126 7
126 11
126 20
126 28
126 29
126 31
126 32
126 36
126 37
126 47
126 48
126 67
126 74
126 79
126 83
126 95
126 114
126 121
126 122
126 131
126 136
126 137
127 0
127 10
127 24
127 31
127 41
127 44
127 54
127 59
127 68
127 70
127 71
127 78
127 81
127 85
127 93
127 96
127 97
127 99
127 121
127 123
127 132
127 138
128 3
128 11
128 12
128 13
128 14
128 15
128 16
128 18
128 22
128 29
128 47
128 50
128 51
128 52
128 54
128 57
128 58
128 64
128 75
128 76
128 77
128 79
128 84
128 85
128 87
128 93
128 100
128 102
128 114
128 122
128 133
128 135
128 137
128 138
129 2
129 4
129 7
129 12
129 16
129 27
129 45
129 46
129 48
129 54
129 59
129 64
129 66
129 68
129 72
129 99
129 100
129 101
129 106
129 109
129 112
129 123
129 126
129 130
129 133
129 136
130 2
130 11
130 35
130 38
130 45
130 51
130 52
130 58
130 66
130 75
130 76
130 84
130 89
130 99
130 105
130 114
130 116
130 121
130 125
130 131
130 132
130 134
130 136
131 4
131 6
131 10
131 11
131 12
131 15
131 17
131 32
131 39
131 40
131 46
131 49
131 53
131 60
131 67
131 68
131 70
131 72
131 74
131 76
131 77
131 78
131 80
131 82
131 97
131 104
131 113
131 114
131 115
131 118
131 133
132 6
132 19
132 21
132 37
132 42
132 43
132 44
132 46
132 47
132 52
132 56
132 57
132 61
132 82
132 85
132 88
132 93
132 96
132 107
132 112
132 115
132 116
132 118
132 124
132 128
132 135
132 139
133 0
133 1
133 9
133 11
133 15
133 17
133 18
133 20
133 23
133 25
133 30
133 35
133 40
133 43
133 47
133 52
133 62
133 67
133 78
133 79
133 87
133 90
133 97
133 101
133 102
133 111
133 114
133 115
133 125
133 134
133 136
134 6
134 7
134 9
134 10
134 11
134 15
134 25
134 34
134 43
134 44
134 47
134 50
134 60
134 61
134 65
134 74
134 89
134 92
134 97
134 107
134 116
134 118
134 132
135 3
135 4
135 9
135 11
135 22
135 35
135 36
135 40
135 43
135 45
135 47
135 57
135 58
135 61
135 63
135 64
135 78
135 80
135 81
135 83
135 88
135 90
135 99
135 106
135 113
135 129
135 130
135 132
136 5
136 10
136 13
136 18
136 30
136 42
136 53
136 58
136 59
136 60
136 63
136 64
136 70
136 76
136 85
136 90
136 91
136 94
136 98
136 103
136 110
136 112
136 118
136 119
136 128
136 135
136 138
137 4
137 7
137 11
137 16
137 17
137 22
137 25
137 29
137 39
137 43
137 44
137 53
137 56
137 60
137 67
137 72
137 77
137 87
137 90
137 91
137 115
137 120
137 121
137 124
137 126
137 127
137 128
137 133
137 139
138 3
138 4
138 7
138 11
138 25
138 30
138 32
138 35
138 36
138 42
138 47
138 49
138 53
138 54
138 59
138 61
138 65
138 70
138 76
138 84
138 92
138 95
138 107
138 108
138 115
138 120
138 122
138 131
138 132
138 133
138 136
139 2
139 3
139 7
139 9
139 12
139 17
139 25
139 35
139 36
139 41
139 47
139 50
139 54
139 59
139 60
139 62
139 64
139 67
139 82
139 87
139 88
139 98
139 102
139 116
139 118
139 126
139 128
139 137
