245
0 8
0 10
0 11
0 13
0 20
0 21
0 22
0 23
0 26
0 37
0 40
0 52
0 56
0 65
0 69
0 81
0 82
0 83
0 89
0 91
0 94
0 97
0 104
0 121
0 122
0 125
0 127
0 129
0 130
0 137
0 140
0 142
0 147
0 151
0 153
0 159
0 161
0 171
0 176
0 178
0 180
0 181
0 182
0 186
0 189
0 192
0 193
0 211
0 217
0 218
0 219
0 223
0 235
1 2
1 10
1 12
1 17
1 34
1 43
1 46
1 47
1 51
1 60
1 62
1 67
1 68
1 69
1 71
1 78
1 79
1 83
1 86
1 89
1 92
1 99
1 105
1 106
1 108
1 112
1 115
1 121
1 127
1 128
1 130
1 133
1 135
1 137
1 140
1 153
1 159
1 165
1 167
1 176
1 184
1 194
1 195
1 197
1 199
1 205
1 208
1 212
1 213
1 215
1 219
1 233
1 234
1 240
2 0
2 1
2 11
2 12
2 20
2 21
2 22
2 24
2 25
2 29
2 36
2 37
2 39
2 43
2 49
2 51
2 54
2 62
2 65
2 73
2 77
2 86
2 88
2 89
2 93
2 96
2 98
2 109
2 110
2 113
2 114
2 116
2 138
2 147
2 156
2 163
2 166
2 192
2 194
2 195
2 209
2 227
2 231
2 237
3 2
3 4
3 11
3 12
3 14
3 17
3 30
3 32
3 35
3 44
3 74
3 82
3 88
3 89
3 91
3 98
3 104
3 106
3 115
3 121
3 125
3 126
3 129
3 135
3 138
3 145
3 168
3 174
3 177
3 180
3 182
3 184
3 185
3 186
3 187
3 188
3 192
3 193
3 194
3 206
3 209
3 211
3 229
3 237
3 239
3 240
3 241
4 26
4 28
4 29
4 32
4 33
4 38
4 41
4 42
4 47
4 48
4 52
4 55
4 61
4 69
4 70
4 76
4 77
4 85
4 95
4 96
4 99
4 105
4 107
4 108
4 126
4 127
4 129
4 134
4 136
4 137
4 139
4 142
4 143
4 149
4 153
4 159
4 164
4 171
4 175
4 178
4 183
4 186
4 187
4 192
4 216
4 219
4 230
4 235
4 239
5 0
5 2
5 4
5 7
5 12
5 20
5 28
5 30
5 34
5 37
5 39
5 40
5 41
5 45
5 55
5 57
5 58
5 59
5 62
5 66
5 73
5 75
5 77
5 85
5 93
5 96
5 97
5 98
5 101
5 113
5 123
5 135
5 137
5 144
5 147
5 154
5 161
5 163
5 165
5 166
5 174
5 175
5 181
5 197
5 201
5 205
5 207
5 218
5 229
5 234
5 235
5 238
6 11
6 15
6 17
6 25
6 27
6 30
6 37
6 43
6 47
6 54
6 56
6 61
6 64
6 67
6 70
6 71
6 73
6 76
6 79
6 80
6 82
6 92
6 101
6 103
6 110
6 112
6 114
6 124
6 130
6 132
6 135
6 147
6 148
6 152
6 157
6 158
6 159
6 165
6 172
6 178
6 181
6 185
6 205
6 211
6 212
6 216
6 218
6 226
6 230
6 244
7 8
7 12
7 31
7 38
7 46
7 47
7 50
7 51
7 53
7 62
7 65
7 69
7 78
7 98
7 99
7 101
7 106
7 112
7 123
7 137
7 141
7 153
7 158
7 161
7 165
7 174
7 190
7 209
7 215
7 220
7 221
7 237
7 241
8 6
8 9
8 10
8 14
8 17
8 25
8 29
8 33
8 41
8 62
8 66
8 69
8 70
8 71
8 72
8 78
8 80
8 81
8 84
8 85
8 86
8 90
8 91
8 92
8 101
8 102
8 113
8 115
8 120
8 123
8 124
8 128
8 129
8 132
8 134
8 135
8 144
8 149
8 150
8 152
8 154
8 157
8 159
8 162
8 181
8 183
8 192
8 198
8 200
8 201
8 209
8 214
8 224
8 225
8 237
8 239
8 244
9 1
9 7
9 29
9 37
9 38
9 40
9 55
9 61
9 64
9 65
9 74
9 75
9 85
9 89
9 98
9 99
9 100
9 101
9 103
9 105
9 107
9 109
9 113
9 116
9 120
9 124
9 126
9 127
9 130
9 136
9 138
9 149
9 153
9 155
9 169
9 173
9 176
9 178
9 179
9 181
9 182
9 183
9 196
9 200
9 202
9 204
9 205
9 206
9 212
9 213
9 215
9 217
9 220
9 222
9 228
9 231
9 232
9 237
9 239
9 240
10 8
10 9
10 14
10 19
10 32
10 42
10 46
10 47
10 51
10 52
10 55
10 56
10 62
10 65
10 70
10 73
10 78
10 79
10 83
10 87
10 89
10 106
10 112
10 120
10 121
10 125
10 126
10 130
10 141
10 146
10 147
10 148
10 149
10 153
10 156
10 158
10 161
10 163
10 180
10 182
10 185
10 188
10 190
10 192
10 195
10 203
10 210
10 212
10 213
10 217
10 218
10 219
10 222
10 226
10 231
10 242
10 243
10 244
11 6
11 7
11 8
11 23
11 26
11 34
11 40
11 43
11 52
11 59
11 65
11 66
11 67
11 69
11 75
11 76
11 80
11 85
11 90
11 96
11 100
11 103
11 111
11 112
11 113
11 114
11 119
11 122
11 132
11 142
11 151
11 152
11 165
11 166
11 169
11 182
11 185
11 188
11 189
11 197
11 199
11 200
11 203
11 206
11 210
11 216
11 223
11 227
11 233
11 235
11 236
11 238
11 243
12 0
12 2
12 13
12 15
12 18
12 21
12 22
12 31
12 34
12 37
12 38
12 44
12 56
12 59
12 68
12 74
12 85
12 88
12 90
12 91
12 92
12 95
12 98
12 105
12 110
12 116
12 126
12 135
12 136
12 147
12 153
12 155
12 158
12 161
12 163
12 167
12 182
12 185
12 191
12 206
12 208
12 210
12 211
12 212
12 213
12 223
12 233
12 238
13 1
13 2
13 9
13 12
13 17
13 18
13 23
13 24
13 26
13 36
13 40
13 41
13 42
13 49
13 52
13 60
13 62
13 70
13 75
13 76
13 80
13 90
13 91
13 94
13 96
13 98
13 106
13 109
13 111
13 112
13 114
13 123
13 129
13 135
13 147
13 150
13 153
13 155
13 156
13 158
13 160
13 163
13 164
13 165
13 167
13 168
13 169
13 172
13 174
13 177
13 188
13 190
13 191
13 194
13 195
13 197
13 198
13 200
13 209
13 222
13 225
13 240
13 242
14 1
14 13
14 24
14 33
14 36
14 37
14 49
14 52
14 54
14 56
14 57
14 59
14 65
14 66
14 71
14 83
14 94
14 95
14 96
14 98
14 99
14 100
14 106
14 124
14 130
14 133
14 143
14 148
14 150
14 158
14 160
14 174
14 176
14 177
14 197
14 198
14 200
14 214
14 224
14 228
14 231
15 0
15 2
15 6
15 9
15 22
15 40
15 41
15 62
15 64
15 76
15 81
15 92
15 105
15 106
15 118
15 122
15 127
15 131
15 134
15 138
15 140
15 147
15 149
15 152
15 154
15 155
15 160
15 161
15 171
15 172
15 183
15 185
15 192
15 201
15 202
15 209
15 219
15 220
15 224
15 225
15 231
15 233
15 237
15 242
15 244
16 2
16 9
16 11
16 27
16 33
16 34
16 38
16 45
16 50
16 51
16 67
16 69
16 70
16 71
16 72
16 77
16 78
16 80
16 82
16 90
16 92
16 94
16 100
16 102
16 104
16 116
16 121
16 126
16 128
16 130
16 140
16 143
16 151
16 161
16 164
16 167
16 169
16 175
16 177
16 182
16 183
16 185
16 195
16 202
16 211
16 216
16 220
16 221
16 222
16 229
16 230
16 231
17 10
17 12
17 16
17 25
17 29
17 34
17 35
17 38
17 45
17 50
17 52
17 55
17 72
17 81
17 88
17 90
17 98
17 101
17 105
17 111
17 113
17 116
17 120
17 129
17 132
17 133
17 160
17 164
17 170
17 174
17 187
17 192
17 196
17 199
17 201
17 205
17 206
17 211
17 215
17 222
17 224
17 229
17 238
17 240
17 243
18 15
18 22
18 27
18 28
18 36
18 40
18 48
18 50
18 60
18 70
18 71
18 72
18 78
18 79
18 90
18 98
18 102
18 107
18 109
18 113
18 116
18 119
18 121
18 138
18 139
18 144
18 154
18 161
18 169
18 170
18 172
18 173
18 176
18 181
18 187
18 188
18 192
18 195
18 196
18 199
18 201
18 209
18 211
18 214
18 219
18 222
18 224
19 13
19 14
19 17
19 22
19 23
19 37
19 42
19 44
19 45
19 47
19 52
19 57
19 58
19 62
19 66
19 68
19 69
19 70
19 75
19 82
19 87
19 88
19 89
19 99
19 103
19 108
19 118
19 122
19 126
19 128
19 135
19 136
19 144
19 149
19 151
19 152
19 153
19 155
19 157
19 164
19 183
19 187
19 192
19 196
19 198
19 199
19 203
19 206
19 210
19 211
19 215
19 216
19 217
19 218
19 235
19 236
19 240
19 242
19 244
20 4
20 8
20 18
20 19
20 21
20 22
20 26
20 33
20 35
20 47
20 49
20 50
20 55
20 64
20 72
20 76
20 78
20 83
20 86
20 91
20 110
20 116
20 118
20 130
20 135
20 144
20 145
20 147
20 149
20 151
20 152
20 157
20 160
20 165
20 166
20 169
20 171
20 175
20 182
20 183
20 192
20 195
20 197
20 202
20 204
20 211
20 212
20 214
20 216
20 221
20 227
20 228
20 230
20 232
20 239
21 0
21 4
21 8
21 14
21 16
21 22
21 36
21 38
21 40
21 49
21 53
21 58
21 61
21 67
21 71
21 73
21 87
21 88
21 102
21 103
21 114
21 115
21 116
21 125
21 134
21 135
21 151
21 155
21 161
21 165
21 167
21 176
21 186
21 193
21 195
21 196
21 197
21 199
21 201
21 202
21 210
21 211
21 212
21 215
21 218
21 225
21 237
22 0
22 3
22 4
22 21
22 26
22 30
22 50
22 52
22 59
22 67
22 68
22 70
22 77
22 83
22 85
22 86
22 93
22 96
22 103
22 112
22 113
22 114
22 125
22 126
22 128
22 149
22 153
22 155
22 159
22 162
22 171
22 177
22 178
22 179
22 180
22 184
22 193
22 198
22 200
22 210
22 211
22 212
22 214
22 216
22 219
22 220
22 228
22 232
22 234
22 235
22 239
23 1
23 9
23 19
23 25
23 40
23 41
23 46
23 47
23 48
23 58
23 64
23 66
23 84
23 85
23 88
23 89
23 97
23 100
23 102
23 109
23 124
23 126
23 131
23 136
23 138
23 140
23 145
23 155
23 156
23 160
23 169
23 170
23 172
23 176
23 180
23 183
23 185
23 203
23 204
23 205
23 208
23 210
23 212
23 213
23 217
23 229
23 234
23 238
24 3
24 9
24 12
24 16
24 18
24 22
24 25
24 27
24 29
24 30
24 32
24 34
24 37
24 39
24 42
24 45
24 48
24 49
24 50
24 54
24 56
24 65
24 69
24 70
24 74
24 85
24 86
24 99
24 102
24 105
24 108
24 127
24 132
24 142
24 148
24 153
24 166
24 167
24 171
24 186
24 188
24 191
24 193
24 199
24 204
24 205
24 213
24 220
24 229
24 238
24 243
25 9
25 12
25 14
25 19
25 34
25 40
25 42
25 44
25 57
25 61
25 65
25 67
25 79
25 81
25 83
25 85
25 88
25 91
25 93
25 96
25 101
25 111
25 114
25 120
25 131
25 135
25 148
25 150
25 155
25 156
25 158
25 159
25 169
25 172
25 183
25 184
25 191
25 197
25 198
25 208
25 229
25 241
26 3
26 7
26 14
26 16
26 17
26 20
26 21
26 25
26 28
26 37
26 40
26 46
26 61
26 62
26 65
26 67
26 69
26 77
26 80
26 82
26 89
26 90
26 92
26 104
26 107
26 110
26 115
26 128
26 129
26 130
26 133
26 137
26 141
26 143
26 147
26 149
26 152
26 157
26 160
26 163
26 166
26 180
26 191
26 193
26 217
26 224
26 226
26 227
26 230
26 232
26 238
26 243
27 1
27 5
27 9
27 11
27 12
27 21
27 26
27 31
27 34
27 45
27 53
27 64
27 74
27 81
27 88
27 96
27 101
27 116
27 117
27 120
27 121
27 135
27 136
27 137
27 143
27 147
27 159
27 160
27 162
27 170
27 176
27 191
27 192
27 195
27 196
27 204
27 209
27 223
27 224
27 227
27 231
27 237
27 238
27 242
28 5
28 31
28 32
28 33
28 39
28 41
28 47
28 51
28 52
28 58
28 59
28 66
28 70
28 84
28 88
28 104
28 107
28 114
28 124
28 125
28 132
28 145
28 151
28 152
28 156
28 158
28 173
28 174
28 185
28 190
28 191
28 206
28 213
28 220
29 0
29 7
29 9
29 18
29 22
29 32
29 43
29 46
29 49
29 50
29 51
29 55
29 59
29 67
29 73
29 75
29 78
29 84
29 85
29 86
29 91
29 96
29 100
29 105
29 112
29 144
29 147
29 152
29 155
29 160
29 161
29 164
29 173
29 176
29 178
29 184
29 187
29 189
29 193
29 201
29 203
29 215
29 216
29 217
29 221
29 223
29 231
30 2
30 5
30 10
30 11
30 15
30 20
30 25
30 28
30 38
30 39
30 44
30 46
30 50
30 52
30 58
30 67
30 69
30 75
30 88
30 91
30 92
30 94
30 100
30 103
30 108
30 109
30 113
30 117
30 125
30 142
30 143
30 144
30 147
30 149
30 150
30 152
30 158
30 159
30 170
30 174
30 177
30 180
30 197
30 198
30 202
30 210
30 221
30 231
30 235
30 236
30 243
31 0
31 4
31 6
31 9
31 10
31 11
31 12
31 14
31 15
31 16
31 22
31 23
31 33
31 39
31 43
31 58
31 61
31 63
31 64
31 67
31 71
31 78
31 79
31 84
31 92
31 93
31 94
31 100
31 101
31 103
31 104
31 109
31 114
31 122
31 125
31 128
31 129
31 140
31 143
31 147
31 159
31 167
31 170
31 176
31 187
31 191
31 197
31 202
31 204
31 206
31 216
31 224
31 225
31 234
31 239
32 2
32 5
32 6
32 8
32 11
32 15
32 17
32 22
32 23
32 26
32 27
32 29
32 34
32 37
32 46
32 50
32 53
32 55
32 67
32 68
32 75
32 85
32 87
32 94
32 101
32 107
32 117
32 124
32 126
32 132
32 135
32 149
32 155
32 162
32 166
32 170
32 176
32 191
32 192
32 206
32 207
32 217
32 219
32 231
32 236
32 238
32 240
32 244
33 15
33 21
33 24
33 35
33 36
33 43
33 46
33 51
33 55
33 57
33 70
33 78
33 81
33 82
33 85
33 92
33 93
33 94
33 103
33 112
33 117
33 133
33 135
33 137
33 138
33 148
33 153
33 155
33 167
33 169
33 175
33 176
33 183
33 191
33 193
33 196
33 197
33 199
33 205
33 220
33 226
33 241
34 12
34 14
34 19
34 25
34 29
34 33
34 35
34 36
34 43
34 48
34 49
34 53
34 54
34 62
34 63
34 66
34 68
34 70
34 72
34 78
34 83
34 86
34 95
34 100
34 101
34 103
34 110
34 117
34 121
34 127
34 131
34 135
34 153
34 154
34 157
34 159
34 162
34 164
34 166
34 168
34 178
34 184
34 198
34 200
34 210
34 215
34 216
34 220
34 224
34 225
35 1
35 3
35 10
35 11
35 15
35 16
35 22
35 24
35 37
35 41
35 42
35 49
35 58
35 69
35 80
35 83
35 89
35 102
35 106
35 107
35 110
35 123
35 124
35 128
35 137
35 138
35 140
35 141
35 142
35 146
35 151
35 154
35 155
35 160
35 162
35 163
35 164
35 168
35 169
35 173
35 180
35 191
35 195
35 201
35 208
35 212
35 214
35 215
35 231
35 238
35 241
35 242
36 1
36 4
36 6
36 7
36 10
36 11
36 14
36 20
36 25
36 27
36 38
36 42
36 52
36 53
36 54
36 59
36 60
36 71
36 73
36 75
36 83
36 85
36 88
36 91
36 96
36 100
36 102
36 104
36 107
36 110
36 112
36 115
36 121
36 125
36 132
36 143
36 144
36 153
36 156
36 162
36 163
36 165
36 167
36 168
36 170
36 172
36 183
36 184
36 190
36 191
36 195
36 200
36 204
36 207
36 219
36 226
36 227
36 229
36 231
36 233
36 244
37 9
37 12
37 14
37 15
37 24
37 27
37 32
37 34
37 44
37 48
37 52
37 57
37 58
37 64
37 69
37 73
37 80
37 82
37 85
37 93
37 104
37 105
37 106
37 114
37 115
37 121
37 128
37 138
37 144
37 150
37 158
37 163
37 167
37 168
37 174
37 176
37 178
37 181
37 188
37 190
37 191
37 196
37 202
37 207
37 209
37 223
37 233
37 238
37 239
38 1
38 2
38 6
38 7
38 10
38 11
38 14
38 20
38 26
38 41
38 48
38 49
38 53
38 65
38 69
38 72
38 77
38 80
38 81
38 84
38 87
38 94
38 102
38 108
38 113
38 117
38 119
38 122
38 134
38 140
38 151
38 152
38 164
38 168
38 173
38 175
38 177
38 178
38 179
38 182
38 186
38 196
38 197
38 198
38 214
38 231
38 232
38 236
38 238
38 240
39 0
39 5
39 9
39 26
39 33
39 34
39 36
39 38
39 45
39 46
39 48
39 51
39 52
39 57
39 63
39 67
39 72
39 75
39 80
39 82
39 83
39 86
39 94
39 96
39 98
39 99
39 100
39 101
39 119
39 120
39 121
39 122
39 129
39 140
39 144
39 145
39 154
39 162
39 166
39 168
39 170
39 173
39 178
39 199
39 202
39 207
39 229
40 2
40 7
40 8
40 13
40 26
40 30
40 31
40 36
40 38
40 39
40 41
40 49
40 50
40 56
40 59
40 60
40 75
40 83
40 89
40 94
40 101
40 111
40 114
40 116
40 119
40 123
40 124
40 135
40 136
40 139
40 143
40 148
40 168
40 172
40 175
40 177
40 180
40 182
40 188
40 189
40 197
40 205
40 215
40 219
41 16
41 18
41 20
41 26
41 39
41 53
41 55
41 62
41 66
41 70
41 80
41 81
41 84
41 86
41 87
41 92
41 93
41 95
41 109
41 121
41 125
41 131
41 134
41 136
41 139
41 140
41 144
41 165
41 168
41 171
41 173
41 175
41 181
41 188
41 190
41 193
41 200
41 202
41 204
41 218
41 221
41 227
41 236
41 238
41 239
41 242
41 244
42 15
42 16
42 21
42 41
42 43
42 45
42 51
42 53
42 54
42 55
42 67
42 69
42 72
42 76
42 78
42 94
42 102
42 106
42 109
42 112
42 122
42 126
42 151
42 155
42 157
42 165
42 171
42 179
42 180
42 186
42 193
42 203
42 210
42 223
42 232
42 236
42 239
42 240
43 3
43 15
43 16
43 19
43 21
43 25
43 28
43 32
43 35
43 41
43 45
43 48
43 49
43 53
43 54
43 58
43 60
43 64
43 65
43 71
43 73
43 75
43 90
43 91
43 116
43 125
43 129
43 130
43 131
43 132
43 140
43 149
43 158
43 159
43 161
43 164
43 182
43 183
43 185
43 186
43 195
43 199
43 202
43 214
43 215
43 216
43 225
43 239
43 242
43 244
44 0
44 5
44 6
44 13
44 14
44 25
44 27
44 29
44 34
44 52
44 56
44 63
44 65
44 66
44 84
44 94
44 96
44 102
44 110
44 121
44 129
44 133
44 140
44 144
44 152
44 157
44 158
44 160
44 161
44 167
44 169
44 171
44 173
44 178
44 180
44 181
44 182
44 184
44 186
44 188
44 189
44 200
44 203
44 208
44 214
44 215
44 223
44 224
44 226
44 233
44 234
44 235
44 240
45 3
45 4
45 5
45 11
45 17
45 21
45 23
45 26
45 30
45 44
45 46
45 47
45 50
45 72
45 76
45 78
45 87
45 88
45 90
45 92
45 98
45 101
45 109
45 126
45 140
45 142
45 145
45 166
45 168
45 170
45 171
45 173
45 186
45 193
45 196
45 203
45 204
45 208
45 220
45 225
45 226
45 230
45 234
45 239
46 5
46 8
46 18
46 27
46 32
46 40
46 41
46 44
46 55
46 68
46 71
46 75
46 81
46 87
46 88
46 92
46 96
46 97
46 103
46 105
46 107
46 110
46 114
46 124
46 140
46 147
46 152
46 153
46 156
46 158
46 160
46 165
46 172
46 191
46 195
46 208
46 212
46 224
46 226
46 230
46 241
47 8
47 20
47 23
47 25
47 28
47 45
47 46
47 69
47 70
47 75
47 80
47 88
47 89
47 94
47 95
47 96
47 107
47 111
47 117
47 121
47 123
47 133
47 139
47 153
47 171
47 175
47 176
47 178
47 181
47 183
47 195
47 209
47 212
47 221
47 224
47 233
47 234
47 239
47 240
47 241
47 243
48 14
48 16
48 17
48 18
48 25
48 29
48 32
48 38
48 40
48 41
48 42
48 46
48 51
48 52
48 53
48 55
48 61
48 65
48 67
48 68
48 69
48 71
48 74
48 82
48 86
48 90
48 93
48 94
48 99
48 103
48 110
48 111
48 112
48 113
48 114
48 117
48 123
48 132
48 138
48 139
48 147
48 152
48 154
48 160
48 165
48 167
48 168
48 170
48 173
48 176
48 177
48 183
48 184
48 185
48 194
48 195
48 197
48 199
48 203
48 207
48 212
48 217
48 220
48 226
48 231
48 234
48 236
48 242
49 0
49 4
49 36
49 41
49 42
49 47
49 57
49 58
49 60
49 66
49 74
49 81
49 85
49 89
49 98
49 106
49 109
49 119
49 122
49 123
49 126
49 135
49 143
49 146
49 151
49 156
49 157
49 160
49 167
49 171
49 176
49 178
49 182
49 185
49 198
49 202
49 205
49 210
49 212
49 214
49 216
49 219
49 221
49 223
49 224
49 225
49 240
50 0
50 11
50 12
50 14
50 20
50 21
50 29
50 30
50 37
50 40
50 76
50 82
50 84
50 85
50 90
50 93
50 116
50 117
50 133
50 137
50 138
50 142
50 145
50 153
50 156
50 157
50 159
50 160
50 161
50 162
50 164
50 165
50 173
50 187
50 198
50 199
50 200
50 205
50 208
50 213
50 218
50 220
50 230
50 236
50 238
50 239
51 12
51 31
51 35
51 39
51 40
51 42
51 43
51 59
51 70
51 71
51 74
51 79
51 81
51 83
51 88
51 90
51 97
51 104
51 108
51 109
51 114
51 119
51 121
51 124
51 129
51 131
51 133
51 134
51 136
51 137
51 146
51 148
51 156
51 170
51 173
51 174
51 177
51 178
51 183
51 200
51 205
51 208
51 210
51 216
51 220
51 221
51 234
51 235
52 1
52 14
52 20
52 24
52 26
52 28
52 35
52 36
52 37
52 39
52 43
52 45
52 53
52 58
52 59
52 63
52 66
52 75
52 77
52 81
52 88
52 91
52 95
52 108
52 114
52 124
52 126
52 127
52 134
52 147
52 159
52 160
52 162
52 165
52 172
52 174
52 176
52 178
52 188
52 198
52 209
52 216
52 219
52 221
52 222
52 225
52 228
52 231
52 232
52 234
52 239
52 244
53 5
53 8
53 9
53 10
53 19
53 21
53 29
53 31
53 32
53 34
53 38
53 45
53 56
53 75
53 80
53 85
53 89
53 90
53 91
53 95
53 102
53 114
53 121
53 123
53 126
53 129
53 132
53 133
53 134
53 138
53 139
53 140
53 146
53 150
53 154
53 156
53 159
53 162
53 170
53 171
53 178
53 184
53 189
53 190
53 193
53 194
53 195
53 198
53 206
53 207
53 213
53 218
53 220
53 227
53 229
53 237
53 239
53 240
53 241
54 0
54 11
54 13
54 15
54 16
54 26
54 32
54 33
54 37
54 38
54 42
54 47
54 55
54 57
54 67
54 71
54 74
54 75
54 77
54 79
54 87
54 89
54 95
54 97
54 100
54 101
54 107
54 119
54 121
54 124
54 129
54 138
54 157
54 161
54 164
54 172
54 176
54 178
54 184
54 199
54 203
54 207
54 219
54 220
54 226
54 228
54 229
54 232
54 235
54 242
55 3
55 5
55 10
55 27
55 35
55 36
55 42
55 44
55 49
55 50
55 51
55 61
55 62
55 72
55 76
55 79
55 95
55 98
55 111
55 113
55 114
55 115
55 118
55 121
55 124
55 130
55 131
55 142
55 145
55 147
55 161
55 162
55 165
55 174
55 178
55 180
55 182
55 187
55 192
55 196
55 200
55 206
55 211
55 214
55 216
55 219
55 222
55 225
55 231
55 234
55 241
55 243
56 13
56 19
56 25
56 40
56 46
56 58
56 63
56 64
56 65
56 69
56 70
56 73
56 80
56 83
56 84
56 89
56 90
56 95
56 100
56 103
56 114
56 119
56 123
56 135
56 137
56 138
56 147
56 148
56 152
56 160
56 161
56 166
56 177
56 179
56 184
56 185
56 187
56 190
56 197
56 199
56 207
56 210
56 213
56 217
56 224
56 229
56 231
56 234
56 242
57 4
57 11
57 15
57 16
57 24
57 33
57 37
57 38
57 42
57 56
57 58
57 59
57 75
57 76
57 83
57 90
57 94
57 105
57 107
57 114
57 116
57 120
57 121
57 127
57 129
57 132
57 134
57 140
57 150
57 155
57 157
57 161
57 163
57 165
57 168
57 170
57 172
57 209
57 211
57 212
57 224
57 232
57 235
58 0
58 9
58 10
58 12
58 22
58 24
58 30
58 31
58 32
58 38
58 39
58 45
58 47
58 53
58 62
58 69
58 73
58 74
58 80
58 92
58 98
58 101
58 102
58 104
58 107
58 112
58 116
58 125
58 134
58 148
58 149
58 167
58 169
58 174
58 184
58 189
58 199
58 203
58 207
58 210
58 215
58 222
58 224
58 226
58 227
58 232
58 233
58 235
58 236
59 3
59 10
59 15
59 25
59 28
59 30
59 36
59 38
59 42
59 56
59 60
59 63
59 68
59 69
59 70
59 73
59 76
59 88
59 99
59 102
59 104
59 110
59 113
59 118
59 120
59 124
59 127
59 134
59 147
59 164
59 168
59 172
59 182
59 186
59 187
59 192
59 193
59 203
59 207
59 208
59 209
59 211
59 213
59 215
59 217
59 218
59 220
59 222
59 228
59 229
59 231
59 243
60 0
60 6
60 7
60 17
60 20
60 23
60 30
60 33
60 37
60 39
60 42
60 46
60 53
60 55
60 59
60 64
60 75
60 78
60 83
60 88
60 93
60 100
60 101
60 105
60 110
60 113
60 114
60 115
60 122
60 124
60 126
60 131
60 132
60 137
60 138
60 139
60 141
60 143
60 148
60 149
60 151
60 154
60 156
60 158
60 167
60 173
60 177
60 179
60 182
60 184
60 186
60 189
60 192
60 196
60 200
60 204
60 208
60 215
60 218
60 223
60 226
60 230
60 236
60 237
60 243
60 244
61 0
61 8
61 14
61 15
61 18
61 23
61 25
61 29
61 33
61 41
61 48
61 53
61 56
61 57
61 63
61 73
61 75
61 86
61 96
61 99
61 105
61 114
61 117
61 125
61 131
61 142
61 145
61 147
61 161
61 162
61 164
61 165
61 190
61 193
61 194
61 200
61 213
61 220
61 222
61 226
61 243
62 0
62 2
62 5
62 8
62 21
62 24
62 25
62 26
62 30
62 32
62 33
62 34
62 44
62 45
62 59
62 66
62 69
62 70
62 77
62 81
62 90
62 93
62 94
62 96
62 98
62 99
62 102
62 106
62 111
62 114
62 124
62 125
62 126
62 131
62 133
62 135
62 138
62 140
62 144
62 160
62 165
62 169
62 175
62 179
62 188
62 196
62 204
62 211
62 227
62 244
63 0
63 6
63 14
63 20
63 22
63 24
63 28
63 30
63 38
63 44
63 68
63 69
63 71
63 79
63 82
63 89
63 91
63 93
63 99
63 104
63 106
63 107
63 109
63 113
63 116
63 127
63 128
63 138
63 151
63 154
63 155
63 157
63 164
63 169
63 171
63 176
63 177
63 183
63 184
63 188
63 192
63 197
63 203
63 204
63 207
63 220
64 6
64 7
64 8
64 10
64 19
64 20
64 25
64 30
64 33
64 44
64 45
64 47
64 48
64 50
64 53
64 57
64 62
64 67
64 79
64 83
64 84
64 93
64 95
64 101
64 112
64 114
64 115
64 121
64 123
64 125
64 126
64 127
64 130
64 133
64 143
64 145
64 146
64 154
64 156
64 157
64 160
64 162
64 166
64 167
64 171
64 172
64 174
64 175
64 182
64 186
64 190
64 191
64 199
64 200
64 203
64 218
64 221
64 236
64 238
64 242
65 2
65 6
65 8
65 9
65 11
65 13
65 14
65 16
65 17
65 23
65 25
65 28
65 30
65 33
65 36
65 37
65 40
65 41
65 46
65 68
65 84
65 86
65 90
65 93
65 94
65 103
65 104
65 106
65 112
65 115
65 118
65 126
65 127
65 128
65 131
65 132
65 151
65 152
65 156
65 163
65 164
65 169
65 172
65 173
65 174
65 175
65 176
65 183
65 188
65 199
65 202
65 208
65 212
65 228
65 235
65 236
65 242
65 244
66 2
66 5
66 10
66 11
66 17
66 18
66 23
66 24
66 30
66 32
66 42
66 43
66 44
66 45
66 48
66 62
66 63
66 67
66 70
66 73
66 77
66 78
66 79
66 88
66 89
66 90
66 92
66 94
66 112
66 114
66 121
66 133
66 139
66 146
66 159
66 163
66 164
66 168
66 185
66 187
66 196
66 200
66 205
66 208
66 209
66 213
66 217
66 240
66 242
66 244
67 1
67 2
67 4
67 6
67 9
67 17
67 24
67 28
67 30
67 42
67 45
67 46
67 54
67 56
67 64
67 73
67 77
67 85
67 87
67 91
67 96
67 109
67 110
67 116
67 123
67 126
67 129
67 130
67 132
67 140
67 154
67 155
67 159
67 160
67 163
67 169
67 171
67 173
67 174
67 177
67 188
67 192
67 196
67 197
67 206
67 207
67 209
67 210
67 216
67 218
67 220
67 226
67 230
67 231
67 237
67 239
67 244
68 0
68 2
68 3
68 4
68 16
68 18
68 23
68 25
68 31
68 54
68 55
68 66
68 74
68 78
68 81
68 83
68 91
68 96
68 97
68 99
68 104
68 123
68 128
68 131
68 133
68 136
68 141
68 143
68 144
68 145
68 150
68 152
68 156
68 157
68 158
68 166
68 167
68 177
68 184
68 186
68 195
68 196
68 200
68 204
68 207
68 211
68 219
68 221
68 225
68 240
68 242
68 244
69 7
69 18
69 20
69 30
69 45
69 50
69 55
69 67
69 73
69 80
69 82
69 83
69 84
69 85
69 96
69 103
69 108
69 109
69 113
69 117
69 119
69 125
69 130
69 139
69 141
69 147
69 149
69 169
69 171
69 177
69 184
69 191
69 193
69 194
69 203
69 207
69 210
69 215
69 222
69 223
69 225
69 226
69 232
69 238
69 239
69 240
69 243
70 6
70 14
70 21
70 25
70 27
70 31
70 37
70 41
70 42
70 48
70 50
70 51
70 55
70 57
70 59
70 60
70 61
70 62
70 63
70 64
70 68
70 74
70 76
70 77
70 79
70 81
70 87
70 91
70 93
70 99
70 104
70 106
70 130
70 131
70 139
70 144
70 147
70 154
70 155
70 158
70 170
70 171
70 173
70 178
70 182
70 191
70 193
70 197
70 200
70 202
70 208
70 210
70 227
70 228
70 231
70 243
71 4
71 6
71 9
71 25
71 26
71 35
71 45
71 48
71 50
71 53
71 57
71 61
71 63
71 74
71 75
71 90
71 107
71 114
71 119
71 120
71 131
71 134
71 135
71 138
71 139
71 142
71 149
71 153
71 157
71 161
71 162
71 163
71 164
71 165
71 174
71 175
71 178
71 179
71 184
71 188
71 193
71 194
71 197
71 211
71 213
71 215
71 216
71 217
71 221
71 229
71 236
71 243
72 2
72 13
72 15
72 21
72 23
72 30
72 34
72 35
72 40
72 47
72 48
72 50
72 58
72 63
72 70
72 74
72 81
72 83
72 84
72 85
72 95
72 96
72 104
72 108
72 120
72 123
72 129
72 130
72 131
72 136
72 144
72 148
72 156
72 159
72 161
72 162
72 168
72 170
72 171
72 179
72 194
72 195
72 196
72 201
72 206
72 208
72 210
72 215
72 227
72 230
72 233
72 236
72 241
72 242
73 0
73 2
73 9
73 13
73 16
73 21
73 32
73 34
73 36
73 41
73 44
73 57
73 68
73 75
73 77
73 78
73 79
73 82
73 84
73 90
73 93
73 105
73 110
73 115
73 117
73 149
73 160
73 175
73 177
73 182
73 183
73 190
73 194
73 218
73 220
73 221
73 226
73 227
73 236
73 242
74 0
74 2
74 6
74 13
74 21
74 23
74 26
74 27
74 33
74 34
74 43
74 45
74 54
74 57
74 58
74 60
74 67
74 75
74 76
74 82
74 87
74 89
74 92
74 94
74 98
74 102
74 104
74 116
74 118
74 120
74 122
74 123
74 133
74 137
74 139
74 141
74 145
74 156
74 161
74 166
74 169
74 173
74 185
74 194
74 196
74 200
74 206
74 208
74 217
74 220
74 226
74 228
74 229
74 231
74 241
74 242
75 0
75 18
75 23
75 26
75 32
75 33
75 41
75 42
75 45
75 46
75 54
75 61
75 63
75 69
75 70
75 77
75 81
75 83
75 87
75 94
75 107
75 110
75 115
75 116
75 121
75 126
75 129
75 134
75 139
75 140
75 142
75 143
75 151
75 156
75 164
75 167
75 189
75 194
75 196
75 205
75 209
75 213
75 215
75 218
75 220
75 227
75 233
75 234
75 244
76 2
76 4
76 7
76 11
76 16
76 21
76 28
76 32
76 35
76 42
76 44
76 47
76 61
76 62
76 69
76 81
76 82
76 85
76 99
76 106
76 110
76 112
76 113
76 117
76 135
76 140
76 141
76 166
76 167
76 169
76 179
76 181
76 186
76 205
76 211
76 213
76 214
76 216
76 224
76 226
76 232
76 236
76 241
76 242
76 244
77 2
77 5
77 7
77 8
77 10
77 12
77 23
77 25
77 31
77 41
77 46
77 49
77 50
77 52
77 59
77 66
77 69
77 71
77 75
77 76
77 78
77 80
77 83
77 84
77 93
77 103
77 111
77 112
77 123
77 131
77 132
77 137
77 139
77 140
77 149
77 163
77 168
77 174
77 177
77 178
77 181
77 185
77 203
77 205
77 206
77 210
77 213
77 216
77 232
77 241
78 0
78 1
78 5
78 12
78 14
78 20
78 25
78 32
78 44
78 49
78 59
78 60
78 67
78 74
78 75
78 83
78 89
78 91
78 95
78 96
78 100
78 106
78 110
78 120
78 123
78 124
78 126
78 127
78 141
78 143
78 145
78 168
78 174
78 175
78 177
78 192
78 194
78 209
78 218
78 222
78 224
78 237
79 3
79 5
79 9
79 12
79 17
79 20
79 24
79 25
79 27
79 31
79 33
79 34
79 35
79 37
79 41
79 43
79 45
79 48
79 52
79 63
79 67
79 70
79 86
79 88
79 92
79 93
79 102
79 108
79 109
79 111
79 113
79 133
79 135
79 140
79 148
79 151
79 155
79 157
79 160
79 167
79 173
79 177
79 179
79 191
79 194
79 201
79 205
79 212
79 213
79 216
79 218
79 219
79 224
79 225
79 232
79 233
80 1
80 3
80 4
80 12
80 14
80 22
80 26
80 34
80 38
80 48
80 55
80 57
80 64
80 70
80 73
80 75
80 77
80 78
80 97
80 102
80 103
80 104
80 107
80 115
80 120
80 122
80 131
80 147
80 150
80 153
80 160
80 162
80 165
80 167
80 168
80 169
80 178
80 179
80 187
80 188
80 190
80 208
80 209
80 211
80 213
80 215
80 220
80 225
80 233
80 234
80 237
81 1
81 2
81 9
81 15
81 17
81 26
81 29
81 34
81 36
81 58
81 60
81 61
81 63
81 71
81 74
81 75
81 76
81 82
81 93
81 99
81 102
81 103
81 112
81 114
81 131
81 134
81 135
81 137
81 140
81 141
81 148
81 151
81 155
81 158
81 167
81 169
81 174
81 177
81 178
81 180
81 182
81 183
81 186
81 197
81 198
81 203
81 210
81 211
81 226
81 230
81 233
81 236
81 237
81 240
81 243
82 8
82 11
82 16
82 22
82 24
82 26
82 31
82 43
82 66
82 70
82 80
82 89
82 95
82 96
82 99
82 103
82 107
82 115
82 126
82 137
82 143
82 149
82 152
82 153
82 155
82 161
82 167
82 168
82 169
82 181
82 185
82 187
82 188
82 190
82 195
82 208
82 211
82 219
82 220
82 221
82 225
82 227
82 229
82 230
82 235
82 237
82 244
83 11
83 12
83 16
83 18
83 25
83 26
83 28
83 35
83 36
83 37
83 38
83 42
83 48
83 53
83 60
83 70
83 72
83 78
83 79
83 90
83 94
83 101
83 105
83 110
83 112
83 113
83 114
83 116
83 118
83 119
83 122
83 129
83 133
83 135
83 136
83 137
83 141
83 145
83 147
83 148
83 149
83 150
83 153
83 157
83 173
83 179
83 180
83 187
83 188
83 198
83 200
83 205
83 206
83 209
83 210
83 211
83 215
83 217
83 218
83 225
83 226
83 234
83 242
84 1
84 10
84 11
84 14
84 18
84 19
84 20
84 21
84 24
84 28
84 35
84 38
84 39
84 41
84 45
84 58
84 64
84 67
84 68
84 71
84 75
84 83
84 87
84 95
84 100
84 117
84 121
84 122
84 129
84 131
84 138
84 141
84 146
84 147
84 150
84 151
84 153
84 179
84 184
84 193
84 195
84 199
84 204
84 210
84 213
84 221
84 223
84 227
84 230
84 235
84 236
84 240
84 243
85 7
85 9
85 11
85 13
85 18
85 19
85 20
85 54
85 57
85 61
85 65
85 70
85 71
85 76
85 80
85 83
85 86
85 91
85 95
85 98
85 99
85 100
85 108
85 113
85 115
85 116
85 121
85 130
85 139
85 146
85 147
85 155
85 160
85 165
85 170
85 171
85 175
85 178
85 187
85 189
85 193
85 208
85 209
85 210
85 212
85 218
85 229
85 233
85 236
85 238
85 244
86 2
86 3
86 9
86 12
86 21
86 22
86 24
86 25
86 36
86 38
86 40
86 42
86 51
86 52
86 53
86 58
86 59
86 78
86 81
86 82
86 83
86 84
86 92
86 101
86 108
86 111
86 114
86 121
86 122
86 124
86 129
86 138
86 140
86 141
86 148
86 150
86 156
86 160
86 162
86 167
86 180
86 182
86 185
86 189
86 208
86 212
86 216
86 218
86 223
86 229
86 238
86 239
86 244
87 1
87 9
87 12
87 15
87 17
87 24
87 31
87 35
87 39
87 40
87 41
87 44
87 45
87 51
87 62
87 70
87 73
87 82
87 90
87 99
87 104
87 114
87 117
87 120
87 121
87 135
87 138
87 139
87 143
87 145
87 149
87 150
87 154
87 166
87 167
87 172
87 180
87 181
87 188
87 208
87 214
87 216
87 218
87 220
87 226
87 232
87 234
88 6
88 7
88 12
88 19
88 21
88 25
88 27
88 29
88 35
88 39
88 41
88 42
88 48
88 66
88 67
88 71
88 73
88 81
88 89
88 98
88 99
88 106
88 107
88 110
88 122
88 124
88 125
88 142
88 153
88 160
88 161
88 165
88 177
88 183
88 198
88 200
88 201
88 209
88 214
88 217
88 220
88 226
88 228
88 231
88 238
89 4
89 5
89 22
89 26
89 35
89 40
89 43
89 46
89 52
89 60
89 61
89 62
89 63
89 64
89 73
89 74
89 79
89 84
89 90
89 91
89 105
89 117
89 121
89 122
89 127
89 128
89 130
89 137
89 143
89 153
89 156
89 166
89 168
89 171
89 175
89 177
89 179
89 180
89 181
89 188
89 195
89 196
89 202
89 206
89 207
89 212
89 214
89 215
89 219
89 220
89 221
89 229
89 231
89 234
89 235
90 0
90 3
90 8
90 13
90 14
90 20
90 24
90 25
90 28
90 44
90 55
90 57
90 60
90 67
90 68
90 78
90 87
90 100
90 102
90 108
90 113
90 114
90 115
90 120
90 121
90 125
90 126
90 134
90 136
90 137
90 139
90 144
90 152
90 154
90 157
90 158
90 164
90 168
90 175
90 191
90 193
90 199
90 204
90 214
90 224
90 227
90 234
90 235
90 243
90 244
91 4
91 6
91 12
91 14
91 16
91 24
91 45
91 50
91 66
91 70
91 76
91 92
91 93
91 94
91 97
91 103
91 111
91 112
91 120
91 121
91 122
91 136
91 138
91 142
91 145
91 150
91 152
91 156
91 157
91 164
91 171
91 175
91 176
91 177
91 180
91 182
91 191
91 193
91 211
91 213
91 215
91 216
91 225
91 231
91 236
91 237
91 241
91 244
92 0
92 10
92 11
92 22
92 32
92 33
92 39
92 44
92 46
92 47
92 54
92 66
92 69
92 80
92 81
92 91
92 93
92 106
92 110
92 120
92 128
92 129
92 130
92 131
92 133
92 134
92 136
92 144
92 154
92 157
92 167
92 170
92 185
92 193
92 203
92 205
92 211
92 215
92 219
92 229
92 233
93 6
93 7
93 11
93 31
93 32
93 33
93 40
93 44
93 49
93 51
93 58
93 60
93 72
93 73
93 74
93 75
93 76
93 79
93 81
93 82
93 102
93 104
93 108
93 113
93 115
93 118
93 119
93 120
93 121
93 130
93 142
93 146
93 148
93 156
93 163
93 165
93 172
93 174
93 175
93 176
93 179
93 187
93 190
93 192
93 199
93 200
93 205
93 214
93 217
93 218
93 220
93 221
93 228
93 230
93 240
93 244
94 2
94 8
94 11
94 17
94 18
94 19
94 21
94 27
94 29
94 44
94 58
94 59
94 69
94 72
94 80
94 83
94 91
94 98
94 107
94 113
94 115
94 122
94 123
94 124
94 127
94 140
94 144
94 149
94 162
94 166
94 167
94 173
94 183
94 185
94 187
94 188
94 197
94 211
94 214
94 229
94 230
94 232
94 233
94 237
94 239
94 241
94 243
95 6
95 9
95 14
95 15
95 25
95 34
95 37
95 38
95 41
95 46
95 55
95 57
95 59
95 63
95 70
95 77
95 80
95 83
95 85
95 89
95 91
95 92
95 96
95 100
95 105
95 115
95 127
95 139
95 144
95 146
95 149
95 160
95 166
95 169
95 171
95 172
95 174
95 182
95 193
95 194
95 206
95 210
95 215
95 222
95 224
95 225
95 229
95 234
95 235
95 241
95 242
96 3
96 7
96 8
96 12
96 15
96 18
96 19
96 23
96 28
96 30
96 38
96 39
96 40
96 45
96 46
96 48
96 50
96 61
96 63
96 64
96 65
96 66
96 70
96 82
96 85
96 92
96 95
96 97
96 109
96 114
96 115
96 122
96 127
96 132
96 139
96 146
96 153
96 156
96 157
96 160
96 166
96 170
96 173
96 177
96 185
96 192
96 194
96 195
96 210
96 223
96 225
96 226
96 228
96 230
96 235
96 236
96 244
97 1
97 6
97 10
97 14
97 19
97 21
97 35
97 37
97 40
97 41
97 44
97 46
97 49
97 54
97 64
97 65
97 72
97 78
97 86
97 88
97 90
97 91
97 100
97 102
97 104
97 111
97 126
97 137
97 147
97 157
97 160
97 163
97 166
97 169
97 171
97 174
97 177
97 182
97 185
97 191
97 195
97 196
97 200
97 201
97 203
97 204
97 205
97 206
97 220
97 226
97 230
97 234
97 236
98 0
98 2
98 4
98 7
98 15
98 23
98 31
98 34
98 42
98 45
98 46
98 51
98 52
98 54
98 63
98 64
98 67
98 74
98 79
98 80
98 83
98 93
98 95
98 102
98 104
98 111
98 119
98 122
98 129
98 131
98 136
98 145
98 160
98 162
98 163
98 165
98 176
98 191
98 192
98 194
98 196
98 200
98 203
98 209
98 212
98 216
98 219
98 231
98 234
98 238
98 243
99 13
99 15
99 16
99 17
99 19
99 26
99 28
99 29
99 32
99 37
99 41
99 44
99 50
99 53
99 57
99 67
99 77
99 79
99 82
99 89
99 91
99 94
99 103
99 110
99 113
99 118
99 123
99 138
99 153
99 154
99 155
99 159
99 160
99 163
99 168
99 170
99 171
99 172
99 176
99 177
99 178
99 180
99 182
99 190
99 191
99 194
99 197
99 202
99 219
99 221
99 222
99 225
99 226
99 230
99 236
99 238
99 240
99 244
100 0
100 11
100 12
100 13
100 23
100 27
100 29
100 33
100 40
100 51
100 52
100 54
100 57
100 62
100 66
100 70
100 71
100 76
100 84
100 86
100 88
100 105
100 109
100 115
100 116
100 128
100 151
100 153
100 156
100 170
100 171
100 175
100 184
100 185
100 186
100 187
100 195
100 216
100 220
100 223
100 228
100 233
100 234
100 235
100 237
100 238
100 243
101 2
101 8
101 12
101 36
101 37
101 51
101 53
101 68
101 73
101 81
101 93
101 96
101 102
101 109
101 110
101 117
101 124
101 135
101 137
101 143
101 150
101 153
101 160
101 167
101 170
101 177
101 196
101 205
101 215
101 219
101 220
101 223
101 238
102 3
102 8
102 9
102 10
102 17
102 27
102 31
102 35
102 40
102 43
102 53
102 59
102 61
102 63
102 68
102 74
102 75
102 80
102 88
102 89
102 99
102 100
102 105
102 107
102 111
102 112
102 115
102 118
102 123
102 127
102 139
102 149
102 150
102 151
102 159
102 161
102 180
102 201
102 205
102 206
102 213
102 216
102 218
102 220
102 224
102 228
103 14
103 18
103 20
103 24
103 26
103 30
103 31
103 42
103 44
103 53
103 54
103 58
103 59
103 60
103 62
103 63
103 67
103 69
103 76
103 83
103 93
103 95
103 96
103 98
103 101
103 115
103 116
103 118
103 123
103 132
103 137
103 141
103 143
103 149
103 154
103 159
103 162
103 172
103 173
103 177
103 184
103 196
103 202
103 203
103 211
103 219
103 220
103 226
103 230
103 233
103 239
103 242
103 243
104 6
104 7
104 16
104 19
104 30
104 34
104 43
104 55
104 57
104 69
104 81
104 83
104 84
104 85
104 88
104 89
104 95
104 98
104 111
104 112
104 123
104 124
104 132
104 133
104 134
104 137
104 139
104 146
104 148
104 153
104 154
104 158
104 165
104 174
104 180
104 187
104 200
104 203
104 214
104 224
104 230
104 235
105 1
105 11
105 27
105 29
105 34
105 40
105 42
105 47
105 57
105 68
105 74
105 81
105 84
105 85
105 88
105 93
105 96
105 99
105 100
105 106
105 113
105 116
105 124
105 129
105 142
105 149
105 166
105 170
105 177
105 191
105 192
105 196
105 204
105 214
105 224
105 225
105 237
105 240
106 0
106 5
106 9
106 10
106 17
106 22
106 41
106 44
106 52
106 58
106 61
106 66
106 67
106 68
106 69
106 77
106 81
106 82
106 85
106 87
106 103
106 105
106 112
106 120
106 125
106 132
106 133
106 142
106 145
106 146
106 160
106 169
106 178
106 180
106 191
106 197
106 199
106 201
106 205
106 206
106 208
106 211
106 216
106 230
106 235
106 236
106 238
106 239
106 240
106 242
107 2
107 4
107 7
107 8
107 9
107 10
107 13
107 17
107 30
107 32
107 35
107 38
107 39
107 43
107 47
107 54
107 57
107 60
107 63
107 66
107 71
107 72
107 86
107 92
107 94
107 102
107 103
107 113
107 114
107 120
107 127
107 129
107 131
107 132
107 143
107 144
107 149
107 150
107 152
107 153
107 158
107 167
107 168
107 169
107 173
107 178
107 184
107 192
107 193
107 199
107 208
107 211
107 213
107 221
107 224
107 225
107 237
108 0
108 1
108 2
108 5
108 6
108 9
108 11
108 19
108 25
108 27
108 28
108 29
108 34
108 35
108 38
108 53
108 56
108 62
108 68
108 77
108 82
108 83
108 85
108 87
108 91
108 94
108 96
108 99
108 101
108 112
108 113
108 114
108 123
108 126
108 129
108 134
108 135
108 136
108 150
108 157
108 161
108 163
108 164
108 167
108 170
108 172
108 174
108 177
108 178
108 182
108 183
108 187
108 188
108 196
108 200
108 209
108 213
108 221
108 222
108 227
108 235
109 3
109 4
109 6
109 13
109 21
109 31
109 34
109 36
109 39
109 41
109 44
109 48
109 52
109 53
109 54
109 57
109 58
109 65
109 70
109 71
109 76
109 77
109 80
109 85
109 91
109 105
109 106
109 107
109 111
109 113
109 114
109 118
109 119
109 121
109 124
109 131
109 155
109 160
109 161
109 169
109 180
109 188
109 193
109 204
109 205
109 211
109 214
109 225
109 238
109 239
110 8
110 15
110 18
110 23
110 26
110 28
110 45
110 46
110 47
110 60
110 61
110 79
110 82
110 83
110 86
110 87
110 93
110 96
110 99
110 100
110 101
110 118
110 119
110 121
110 123
110 143
110 146
110 149
110 151
110 155
110 164
110 169
110 179
110 185
110 188
110 198
110 199
110 202
110 206
110 210
110 214
110 224
110 234
110 239
110 244
111 0
111 1
111 11
111 39
111 41
111 51
111 59
111 64
111 66
111 69
111 71
111 72
111 76
111 84
111 96
111 98
111 104
111 106
111 109
111 110
111 134
111 135
111 138
111 142
111 145
111 151
111 155
111 158
111 159
111 162
111 163
111 166
111 171
111 173
111 174
111 176
111 182
111 183
111 184
111 190
111 194
111 197
111 207
111 218
111 221
111 222
111 224
111 241
111 243
112 0
112 2
112 4
112 7
112 9
112 17
112 23
112 30
112 41
112 59
112 64
112 65
112 69
112 83
112 88
112 92
112 94
112 101
112 103
112 104
112 118
112 133
112 141
112 144
112 148
112 159
112 162
112 167
112 171
112 173
112 174
112 176
112 177
112 185
112 186
112 192
112 193
112 195
112 196
112 198
112 215
112 216
112 226
112 229
112 231
112 241
113 3
113 7
113 8
113 13
113 18
113 22
113 24
113 25
113 26
113 36
113 37
113 42
113 47
113 53
113 55
113 56
113 62
113 71
113 76
113 79
113 80
113 82
113 87
113 99
113 102
113 104
113 105
113 114
113 120
113 121
113 125
113 133
113 135
113 143
113 144
113 147
113 150
113 151
113 153
113 159
113 161
113 167
113 172
113 175
113 176
113 179
113 186
113 190
113 191
113 193
113 194
113 198
113 200
113 203
113 209
113 210
113 213
113 239
113 243
114 5
114 12
114 15
114 18
114 40
114 47
114 63
114 65
114 71
114 76
114 80
114 83
114 93
114 99
114 109
114 117
114 118
114 126
114 129
114 131
114 142
114 143
114 145
114 148
114 149
114 150
114 151
114 155
114 157
114 161
114 162
114 179
114 182
114 185
114 188
114 196
114 197
114 198
114 202
114 210
114 211
114 223
114 229
114 232
114 237
114 240
114 241
115 8
115 10
115 24
115 30
115 31
115 35
115 41
115 44
115 45
115 46
115 48
115 52
115 60
115 63
115 71
115 74
115 80
115 84
115 87
115 92
115 103
115 104
115 106
115 113
115 119
115 123
115 124
115 134
115 142
115 149
115 151
115 153
115 173
115 180
115 181
115 183
115 188
115 196
115 197
115 206
115 210
115 213
115 214
115 222
115 225
115 239
115 243
116 1
116 2
116 7
116 8
116 9
116 10
116 11
116 12
116 16
116 18
116 20
116 21
116 28
116 29
116 30
116 34
116 40
116 58
116 67
116 68
116 80
116 86
116 88
116 91
116 92
116 106
116 113
116 120
116 123
116 125
116 129
116 137
116 140
116 151
116 154
116 160
116 163
116 170
116 180
116 181
116 182
116 183
116 184
116 186
116 187
116 195
116 197
116 198
116 205
116 211
116 217
116 229
116 230
116 232
116 233
116 240
116 243
117 13
117 15
117 22
117 24
117 29
117 30
117 38
117 41
117 48
117 49
117 50
117 51
117 55
117 67
117 70
117 72
117 80
117 84
117 87
117 93
117 97
117 103
117 107
117 123
117 125
117 126
117 128
117 139
117 141
117 142
117 148
117 155
117 156
117 162
117 164
117 166
117 170
117 174
117 175
117 181
117 187
117 188
117 190
117 194
117 195
117 196
117 197
117 199
117 203
117 205
117 206
117 209
117 211
117 220
117 223
117 224
117 227
117 230
117 232
117 234
117 237
117 240
118 1
118 2
118 7
118 9
118 13
118 24
118 25
118 26
118 29
118 35
118 43
118 61
118 75
118 84
118 87
118 89
118 90
118 93
118 105
118 113
118 116
118 129
118 138
118 139
118 141
118 147
118 148
118 151
118 161
118 167
118 189
118 196
118 207
118 209
118 212
118 221
118 229
118 230
118 241
119 7
119 10
119 12
119 14
119 28
119 30
119 34
119 36
119 38
119 42
119 44
119 52
119 61
119 63
119 64
119 69
119 74
119 87
119 88
119 89
119 91
119 114
119 115
119 121
119 122
119 125
119 135
119 143
119 145
119 146
119 151
119 154
119 161
119 169
119 173
119 177
119 181
119 184
119 185
119 189
119 199
119 204
119 206
119 217
119 218
119 223
119 228
119 230
119 233
119 235
119 237
119 238
119 239
120 3
120 7
120 22
120 33
120 36
120 41
120 50
120 52
120 57
120 60
120 63
120 66
120 73
120 77
120 86
120 95
120 100
120 111
120 113
120 115
120 121
120 124
120 125
120 136
120 145
120 151
120 152
120 153
120 155
120 161
120 166
120 170
120 172
120 173
120 176
120 180
120 182
120 188
120 189
120 197
120 202
120 204
120 213
120 216
120 218
120 220
120 227
120 229
120 234
121 3
121 4
121 8
121 9
121 28
121 36
121 39
121 46
121 51
121 52
121 56
121 60
121 64
121 67
121 71
121 73
121 77
121 78
121 80
121 89
121 98
121 102
121 103
121 104
121 107
121 108
121 115
121 120
121 128
121 129
121 141
121 142
121 145
121 147
121 148
121 154
121 156
121 161
121 175
121 176
121 182
121 183
121 186
121 190
121 193
121 195
121 197
121 204
121 208
121 213
121 216
121 221
121 224
121 225
121 232
122 4
122 5
122 7
122 16
122 20
122 23
122 32
122 36
122 39
122 40
122 41
122 56
122 60
122 66
122 68
122 71
122 76
122 82
122 84
122 87
122 91
122 92
122 95
122 98
122 101
122 118
122 120
122 121
122 146
122 149
122 152
122 155
122 158
122 164
122 170
122 177
122 180
122 185
122 186
122 188
122 190
122 195
122 200
122 202
122 204
122 218
122 221
122 234
122 236
122 239
122 240
123 3
123 7
123 15
123 22
123 29
123 31
123 41
123 49
123 51
123 52
123 53
123 57
123 61
123 63
123 65
123 74
123 77
123 78
123 80
123 81
123 86
123 90
123 94
123 112
123 116
123 117
123 127
123 129
123 138
123 140
123 142
123 146
123 147
123 151
123 154
123 161
123 164
123 168
123 172
123 193
123 206
123 209
123 213
123 214
123 223
123 226
123 231
123 242
124 0
124 4
124 13
124 14
124 22
124 23
124 27
124 31
124 33
124 35
124 36
124 39
124 41
124 43
124 47
124 64
124 79
124 85
124 88
124 91
124 97
124 98
124 100
124 107
124 117
124 123
124 131
124 134
124 141
124 144
124 145
124 152
124 154
124 159
124 161
124 165
124 169
124 182
124 187
124 193
124 199
124 202
124 208
124 212
124 238
124 239
124 241
125 2
125 8
125 17
125 18
125 21
125 26
125 36
125 43
125 44
125 52
125 53
125 57
125 69
125 74
125 75
125 77
125 78
125 91
125 94
125 97
125 102
125 104
125 110
125 111
125 112
125 118
125 120
125 121
125 122
125 127
125 128
125 130
125 137
125 138
125 148
125 157
125 163
125 173
125 178
125 179
125 190
125 197
125 199
125 200
125 205
125 208
125 211
125 218
125 223
125 234
125 235
126 8
126 14
126 25
126 30
126 41
126 43
126 46
126 48
126 53
126 54
126 57
126 69
126 71
126 75
126 78
126 79
126 84
126 88
126 90
126 95
126 96
126 97
126 100
126 105
126 109
126 113
126 116
126 141
126 151
126 152
126 154
126 162
126 164
126 166
126 172
126 184
126 193
126 195
126 210
126 211
126 213
126 215
126 227
126 229
126 231
126 233
126 234
126 239
127 0
127 3
127 5
127 12
127 18
127 21
127 27
127 29
127 32
127 37
127 43
127 44
127 45
127 48
127 49
127 54
127 56
127 58
127 59
127 69
127 70
127 72
127 75
127 79
127 84
127 92
127 95
127 101
127 104
127 108
127 114
127 128
127 132
127 134
127 136
127 139
127 152
127 153
127 168
127 176
127 186
127 192
127 198
127 201
127 203
127 208
127 209
127 211
127 215
127 218
127 219
127 222
127 226
127 228
127 230
127 231
127 232
127 234
127 237
127 241
128 4
128 25
128 38
128 39
128 40
128 53
128 55
128 59
128 64
128 65
128 67
128 70
128 71
128 76
128 82
128 86
128 92
128 100
128 107
128 108
128 111
128 118
128 124
128 131
128 134
128 137
128 138
128 142
128 147
128 148
128 156
128 167
128 175
128 177
128 179
128 183
128 186
128 187
128 188
128 189
128 191
128 194
128 196
128 197
128 198
128 199
128 206
128 208
128 209
128 219
128 221
128 223
128 239
129 8
129 10
129 11
129 15
129 20
129 36
129 39
129 40
129 43
129 51
129 56
129 59
129 60
129 61
129 62
129 74
129 76
129 80
129 90
129 97
129 100
129 104
129 107
129 108
129 116
129 122
129 123
129 124
129 128
129 136
129 138
129 148
129 152
129 155
129 157
129 163
129 169
129 170
129 171
129 183
129 184
129 187
129 196
129 201
129 202
129 208
129 214
129 218
129 222
129 226
129 227
129 228
129 229
129 233
129 238
129 243
130 9
130 13
130 44
130 46
130 49
130 50
130 51
130 53
130 56
130 81
130 85
130 86
130 89
130 95
130 96
130 97
130 102
130 105
130 106
130 113
130 128
130 132
130 133
130 137
130 138
130 139
130 155
130 157
130 160
130 161
130 173
130 184
130 191
130 192
130 194
130 199
130 201
130 205
130 206
130 207
130 214
130 215
130 219
130 220
130 230
130 239
131 0
131 1
131 2
131 11
131 12
131 19
131 21
131 23
131 26
131 28
131 29
131 36
131 37
131 38
131 57
131 59
131 60
131 68
131 69
131 80
131 105
131 109
131 110
131 111
131 113
131 126
131 128
131 135
131 141
131 142
131 145
131 147
131 152
131 155
131 162
131 172
131 174
131 176
131 180
131 184
131 185
131 196
131 200
131 201
131 205
131 206
131 212
131 218
131 219
131 226
131 231
131 235
131 236
131 239
131 240
131 241
132 2
132 4
132 7
132 16
132 28
132 33
132 36
132 39
132 43
132 44
132 48
132 63
132 64
132 66
132 91
132 96
132 100
132 101
132 105
132 108
132 109
132 111
132 124
132 138
132 141
132 153
132 157
132 166
132 173
132 174
132 178
132 196
132 206
132 207
132 209
132 212
132 224
132 225
132 226
132 232
132 236
132 239
133 6
133 7
133 9
133 10
133 12
133 13
133 15
133 16
133 17
133 22
133 23
133 25
133 32
133 33
133 50
133 59
133 62
133 64
133 71
133 73
133 78
133 85
133 91
133 92
133 93
133 94
133 101
133 104
133 117
133 120
133 121
133 131
133 144
133 146
133 148
133 150
133 151
133 152
133 153
133 156
133 167
133 168
133 175
133 180
133 182
133 186
133 191
133 194
133 201
133 202
133 208
133 209
133 223
133 226
133 230
133 232
133 240
133 243
134 0
134 2
134 5
134 6
134 8
134 11
134 13
134 21
134 23
134 24
134 26
134 34
134 42
134 45
134 46
134 48
134 52
134 56
134 57
134 61
134 72
134 77
134 85
134 92
134 94
134 95
134 98
134 104
134 109
134 113
134 116
134 118
134 120
134 124
134 127
134 130
134 133
134 136
134 138
134 141
134 142
134 148
134 149
134 159
134 160
134 163
134 178
134 179
134 185
134 194
134 209
134 210
134 212
134 219
134 220
134 231
134 232
134 242
134 243
135 0
135 1
135 9
135 10
135 15
135 17
135 24
135 31
135 32
135 39
135 45
135 50
135 59
135 60
135 61
135 70
135 74
135 76
135 82
135 91
135 92
135 96
135 98
135 104
135 112
135 116
135 120
135 121
135 126
135 130
135 132
135 138
135 139
135 140
135 143
135 146
135 147
135 153
135 155
135 168
135 183
135 191
135 193
135 194
135 206
135 209
135 210
135 219
135 222
135 223
135 234
135 242
135 244
136 9
136 20
136 22
136 24
136 33
136 34
136 40
136 43
136 55
136 58
136 64
136 66
136 71
136 82
136 87
136 91
136 95
136 102
136 105
136 107
136 115
136 119
136 122
136 123
136 129
136 133
136 134
136 145
136 148
136 149
136 150
136 155
136 158
136 176
136 194
136 197
136 199
136 206
136 208
136 210
136 215
136 216
136 219
136 221
136 231
136 233
137 12
137 14
137 21
137 30
137 38
137 48
137 49
137 56
137 57
137 62
137 71
137 76
137 82
137 86
137 88
137 89
137 92
137 109
137 112
137 117
137 119
137 127
137 130
137 134
137 141
137 144
137 161
137 181
137 185
137 191
137 195
137 198
137 204
137 206
137 219
137 220
137 233
137 235
137 243
137 244
138 1
138 4
138 7
138 15
138 17
138 23
138 33
138 34
138 40
138 44
138 46
138 59
138 62
138 63
138 68
138 70
138 75
138 78
138 81
138 83
138 90
138 93
138 109
138 112
138 121
138 123
138 124
138 128
138 131
138 147
138 164
138 166
138 185
138 187
138 188
138 194
138 195
138 206
138 207
138 210
138 217
138 226
138 232
138 238
138 240
139 1
139 3
139 4
139 7
139 18
139 19
139 29
139 33
139 38
139 42
139 47
139 52
139 54
139 57
139 61
139 65
139 74
139 80
139 88
139 92
139 98
139 100
139 101
139 121
139 129
139 132
139 134
139 136
139 140
139 144
139 146
139 147
139 148
139 155
139 157
139 172
139 173
139 175
139 179
139 180
139 195
139 197
139 201
139 202
139 203
139 204
139 205
139 213
139 220
139 221
139 229
139 233
140 6
140 10
140 15
140 21
140 24
140 27
140 29
140 34
140 40
140 45
140 52
140 53
140 63
140 71
140 73
140 74
140 77
140 78
140 83
140 87
140 89
140 94
140 98
140 100
140 103
140 109
140 112
140 115
140 117
140 132
140 135
140 136
140 156
140 162
140 163
140 167
140 171
140 176
140 181
140 183
140 184
140 185
140 189
140 190
140 193
140 199
140 200
140 205
140 208
140 214
140 215
140 216
140 218
140 220
140 231
140 232
140 238
140 243
141 0
141 13
141 14
141 15
141 17
141 26
141 27
141 48
141 53
141 56
141 72
141 82
141 89
141 94
141 101
141 109
141 124
141 133
141 146
141 154
141 155
141 159
141 163
141 179
141 190
141 193
141 197
141 199
141 200
141 201
141 207
141 215
141 222
141 225
141 226
141 230
141 237
141 240
142 0
142 3
142 6
142 19
142 21
142 24
142 31
142 36
142 38
142 47
142 55
142 63
142 64
142 85
142 86
142 101
142 103
142 109
142 111
142 114
142 115
142 122
142 133
142 138
142 139
142 140
142 165
142 166
142 172
142 181
142 182
142 183
142 188
142 194
142 195
142 198
142 199
142 203
142 223
142 230
142 231
142 236
142 240
142 242
143 0
143 7
143 9
143 12
143 20
143 23
143 31
143 35
143 45
143 46
143 50
143 60
143 61
143 68
143 76
143 78
143 80
143 81
143 102
143 110
143 115
143 127
143 131
143 134
143 136
143 145
143 153
143 157
143 159
143 161
143 175
143 182
143 183
143 187
143 189
143 191
143 196
143 199
143 200
143 203
143 204
143 211
143 212
143 227
143 231
143 234
143 238
143 239
143 242
144 0
144 1
144 2
144 4
144 6
144 9
144 10
144 24
144 29
144 34
144 47
144 54
144 56
144 66
144 79
144 88
144 95
144 102
144 103
144 109
144 110
144 118
144 120
144 121
144 124
144 125
144 131
144 132
144 134
144 139
144 141
144 146
144 151
144 153
144 156
144 162
144 166
144 170
144 179
144 183
144 187
144 195
144 197
144 206
144 207
144 212
144 226
144 238
144 242
145 3
145 9
145 11
145 15
145 16
145 19
145 22
145 30
145 33
145 34
145 35
145 40
145 42
145 53
145 91
145 92
145 93
145 100
145 107
145 108
145 111
145 114
145 120
145 124
145 133
145 137
145 139
145 143
145 149
145 160
145 167
145 171
145 182
145 184
145 200
145 204
145 207
145 211
145 212
145 215
145 216
145 222
145 223
145 226
145 243
145 244
146 0
146 2
146 5
146 7
146 8
146 13
146 18
146 25
146 27
146 30
146 32
146 35
146 36
146 37
146 38
146 42
146 45
146 53
146 61
146 63
146 65
146 66
146 73
146 86
146 88
146 93
146 95
146 96
146 100
146 102
146 109
146 110
146 115
146 119
146 122
146 125
146 126
146 127
146 132
146 134
146 144
146 160
146 170
146 172
146 192
146 201
146 203
146 209
146 215
146 223
146 224
146 230
146 238
146 239
147 2
147 5
147 12
147 15
147 20
147 24
147 34
147 36
147 38
147 41
147 42
147 44
147 53
147 54
147 55
147 61
147 66
147 68
147 71
147 73
147 76
147 83
147 95
147 97
147 99
147 106
147 107
147 111
147 113
147 114
147 115
147 121
147 122
147 126
147 127
147 131
147 133
147 138
147 139
147 143
147 146
147 148
147 150
147 152
147 154
147 157
147 167
147 170
147 173
147 176
147 178
147 188
147 194
147 206
147 207
147 209
147 212
147 216
147 221
147 225
147 240
147 242
148 17
148 21
148 31
148 32
148 36
148 41
148 51
148 52
148 62
148 67
148 68
148 69
148 73
148 80
148 81
148 87
148 91
148 98
148 101
148 103
148 115
148 117
148 119
148 125
148 134
148 135
148 137
148 138
148 154
148 156
148 157
148 158
148 159
148 164
148 165
148 166
148 171
148 178
148 182
148 183
148 185
148 191
148 198
148 207
148 209
148 210
148 213
148 218
148 223
148 226
148 237
149 3
149 11
149 17
149 19
149 22
149 26
149 27
149 35
149 39
149 43
149 45
149 48
149 50
149 52
149 54
149 61
149 66
149 69
149 80
149 84
149 85
149 87
149 88
149 93
149 101
149 110
149 113
149 115
149 122
149 123
149 133
149 139
149 148
149 157
149 165
149 177
149 178
149 180
149 184
149 194
149 195
149 197
149 198
149 204
149 207
149 209
149 211
149 217
149 219
149 222
149 230
149 239
149 240
149 241
149 244
150 7
150 18
150 27
150 33
150 38
150 51
150 55
150 65
150 73
150 81
150 85
150 86
150 92
150 94
150 102
150 111
150 117
150 123
150 128
150 129
150 133
150 134
150 136
150 143
150 146
150 148
150 154
150 155
150 156
150 174
150 176
150 177
150 181
150 189
150 203
150 205
150 210
150 211
150 212
150 222
150 236
150 238
150 242
151 5
151 6
151 26
151 29
151 30
151 37
151 47
151 49
151 59
151 60
151 63
151 83
151 85
151 90
151 96
151 99
151 103
151 105
151 108
151 110
151 115
151 144
151 146
151 149
151 155
151 157
151 161
151 164
151 166
151 170
151 176
151 197
151 201
151 205
151 207
151 210
151 227
151 228
151 233
151 235
152 0
152 11
152 12
152 14
152 15
152 26
152 29
152 33
152 35
152 48
152 53
152 61
152 65
152 66
152 71
152 72
152 73
152 74
152 80
152 84
152 86
152 87
152 88
152 89
152 92
152 97
152 103
152 112
152 125
152 132
152 137
152 154
152 160
152 161
152 168
152 170
152 173
152 177
152 178
152 180
152 194
152 205
152 211
152 214
152 227
152 228
152 232
152 233
152 236
152 240
152 242
153 1
153 5
153 10
153 11
153 16
153 24
153 26
153 32
153 42
153 48
153 51
153 57
153 63
153 66
153 71
153 72
153 98
153 108
153 122
153 130
153 131
153 132
153 134
153 137
153 141
153 145
153 147
153 151
153 152
153 158
153 159
153 172
153 184
153 194
153 195
153 200
153 207
153 209
153 215
153 220
153 222
153 227
154 3
154 6
154 15
154 22
154 25
154 26
154 27
154 37
154 52
154 53
154 57
154 59
154 74
154 77
154 80
154 86
154 87
154 89
154 95
154 99
154 111
154 114
154 121
154 122
154 128
154 132
154 133
154 137
154 141
154 142
154 147
154 167
154 170
154 171
154 176
154 181
154 188
154 192
154 194
154 201
154 205
154 214
154 220
154 233
154 234
154 237
154 241
155 7
155 10
155 17
155 24
155 27
155 35
155 37
155 43
155 46
155 58
155 68
155 73
155 75
155 80
155 87
155 97
155 99
155 101
155 104
155 115
155 125
155 127
155 129
155 140
155 146
155 148
155 163
155 170
155 180
155 181
155 186
155 195
155 211
155 217
155 220
155 223
155 234
155 236
155 238
155 239
155 244
156 14
156 21
156 22
156 24
156 39
156 42
156 45
156 46
156 51
156 59
156 60
156 64
156 66
156 69
156 71
156 72
156 73
156 80
156 88
156 91
156 96
156 108
156 109
156 116
156 117
156 123
156 127
156 131
156 139
156 140
156 144
156 146
156 148
156 150
156 154
156 163
156 171
156 174
156 175
156 177
156 188
156 194
156 198
156 213
156 219
156 223
156 225
156 228
156 229
156 233
156 234
157 0
157 1
157 3
157 7
157 9
157 19
157 29
157 31
157 33
157 43
157 45
157 50
157 51
157 55
157 56
157 57
157 59
157 62
157 68
157 72
157 79
157 83
157 89
157 102
157 104
157 112
157 119
157 120
157 126
157 127
157 128
157 137
157 145
157 167
157 168
157 176
157 180
157 181
157 182
157 192
157 197
157 204
157 207
157 222
157 231
157 236
157 238
157 240
157 243
158 1
158 5
158 16
158 20
158 27
158 33
158 41
158 44
158 57
158 61
158 67
158 70
158 72
158 103
158 105
158 111
158 118
158 122
158 123
158 127
158 133
158 136
158 140
158 144
158 156
158 171
158 173
158 176
158 182
158 186
158 191
158 192
158 198
158 199
158 200
158 202
158 209
158 211
158 213
158 216
158 217
158 222
158 226
158 230
158 233
158 236
158 237
158 239
158 243
158 244
159 2
159 6
159 7
159 8
159 11
159 14
159 15
159 18
159 22
159 25
159 35
159 39
159 44
159 45
159 63
159 66
159 67
159 75
159 82
159 87
159 90
159 101
159 103
159 105
159 117
159 130
159 131
159 133
159 136
159 137
159 141
159 146
159 167
159 168
159 169
159 172
159 188
159 196
159 207
159 213
159 214
159 218
159 219
159 221
159 224
159 228
159 231
159 242
160 1
160 2
160 5
160 7
160 9
160 13
160 14
160 22
160 25
160 27
160 30
160 33
160 39
160 56
160 82
160 84
160 85
160 91
160 96
160 97
160 106
160 115
160 124
160 127
160 132
160 134
160 142
160 147
160 149
160 153
160 157
160 162
160 163
160 170
160 173
160 181
160 183
160 192
160 199
160 210
160 220
160 222
160 225
160 228
160 242
161 1
161 2
161 14
161 17
161 22
161 27
161 36
161 49
161 51
161 59
161 60
161 63
161 64
161 66
161 76
161 82
161 84
161 87
161 91
161 99
161 104
161 105
161 130
161 133
161 138
161 145
161 148
161 150
161 151
161 153
161 158
161 163
161 170
161 175
161 177
161 181
161 208
161 211
161 212
161 214
161 232
161 238
162 1
162 9
162 10
162 11
162 15
162 16
162 20
162 31
162 33
162 60
162 61
162 77
162 82
162 88
162 96
162 98
162 100
162 101
162 112
162 119
162 122
162 124
162 125
162 126
162 131
162 132
162 133
162 143
162 150
162 155
162 157
162 165
162 171
162 183
162 185
162 193
162 194
162 200
162 203
162 209
162 210
162 219
162 220
162 225
162 234
162 237
162 242
163 4
163 11
163 12
163 14
163 21
163 28
163 34
163 54
163 56
163 61
163 71
163 73
163 74
163 89
163 92
163 95
163 102
163 107
163 113
163 115
163 126
163 131
163 140
163 142
163 144
163 154
163 156
163 159
163 162
163 169
163 178
163 182
163 183
163 186
163 189
163 191
163 205
163 216
163 218
163 219
163 229
163 234
164 10
164 13
164 16
164 24
164 30
164 32
164 37
164 40
164 41
164 44
164 50
164 51
164 54
164 57
164 58
164 67
164 78
164 84
164 91
164 92
164 97
164 105
164 109
164 110
164 115
164 117
164 130
164 138
164 143
164 146
164 153
164 156
164 161
164 171
164 175
164 186
164 200
164 204
164 207
164 214
164 220
164 221
164 233
164 238
165 8
165 11
165 14
165 27
165 29
165 42
165 46
165 55
165 56
165 60
165 71
165 72
165 74
165 77
165 84
165 92
165 93
165 101
165 112
165 113
165 114
165 122
165 126
165 127
165 131
165 132
165 136
165 141
165 145
165 152
165 153
165 158
165 167
165 169
165 179
165 188
165 191
165 199
165 202
165 206
165 209
165 220
165 222
165 223
165 225
165 228
165 229
165 238
165 244
166 0
166 17
166 23
166 29
166 35
166 38
166 49
166 55
166 59
166 64
166 68
166 70
166 81
166 86
166 104
166 111
166 112
166 114
166 135
166 137
166 139
166 145
166 147
166 149
166 161
166 168
166 171
166 175
166 177
166 179
166 180
166 190
166 193
166 196
166 200
166 210
166 211
166 212
166 213
166 214
166 216
166 218
166 220
166 228
166 232
166 234
166 242
167 0
167 4
167 13
167 16
167 19
167 21
167 35
167 40
167 41
167 42
167 53
167 59
167 72
167 73
167 74
167 76
167 77
167 80
167 95
167 97
167 117
167 132
167 142
167 146
167 157
167 158
167 159
167 160
167 172
167 182
167 183
167 186
167 192
167 196
167 200
167 211
167 212
167 215
167 223
167 225
167 226
167 229
167 230
167 232
167 238
168 4
168 5
168 20
168 25
168 31
168 37
168 41
168 42
168 50
168 55
168 59
168 62
168 68
168 77
168 84
168 85
168 87
168 90
168 95
168 96
168 110
168 113
168 118
168 128
168 131
168 133
168 141
168 142
168 143
168 150
168 153
168 154
168 158
168 180
168 190
168 193
168 203
168 208
168 210
168 213
168 214
168 220
168 223
168 226
168 229
168 230
168 231
168 232
168 236
168 240
168 241
169 5
169 12
169 17
169 18
169 30
169 33
169 38
169 41
169 50
169 54
169 60
169 62
169 80
169 83
169 89
169 97
169 99
169 100
169 103
169 106
169 121
169 130
169 135
169 139
169 140
169 142
169 147
169 160
169 175
169 179
169 182
169 183
169 186
169 188
169 205
169 207
169 211
169 217
169 220
169 224
169 230
169 232
169 234
170 7
170 8
170 10
170 17
170 23
170 27
170 33
170 37
170 39
170 45
170 57
170 62
170 63
170 64
170 66
170 67
170 72
170 77
170 80
170 82
170 84
170 95
170 101
170 102
170 104
170 105
170 106
170 116
170 119
170 123
170 127
170 141
170 144
170 155
170 157
170 163
170 172
170 175
170 178
170 184
170 185
170 188
170 210
170 211
170 212
170 219
170 225
170 229
170 230
170 233
170 235
170 236
170 239
171 14
171 17
171 31
171 45
171 53
171 55
171 62
171 65
171 66
171 68
171 70
171 77
171 79
171 85
171 96
171 99
171 100
171 102
171 103
171 111
171 115
171 116
171 118
171 119
171 145
171 153
171 154
171 158
171 163
171 166
171 174
171 176
171 177
171 179
171 180
171 185
171 191
171 206
171 208
171 209
171 217
171 218
171 229
171 230
171 233
171 239
171 242
171 243
172 3
172 7
172 9
172 13
172 15
172 16
172 18
172 25
172 27
172 35
172 43
172 49
172 52
172 55
172 57
172 66
172 72
172 73
172 74
172 77
172 78
172 84
172 86
172 92
172 93
172 98
172 103
172 105
172 107
172 109
172 121
172 123
172 124
172 125
172 137
172 140
172 144
172 145
172 147
172 153
172 158
172 159
172 164
172 168
172 174
172 183
172 184
172 185
172 200
172 202
172 208
172 210
172 213
172 215
172 229
172 232
172 236
173 13
173 23
173 26
173 35
173 36
173 40
173 41
173 42
173 44
173 46
173 48
173 49
173 53
173 58
173 64
173 89
173 91
173 92
173 95
173 101
173 104
173 108
173 112
173 113
173 117
173 120
173 122
173 125
173 131
173 133
173 153
173 157
173 160
173 161
173 167
173 168
173 169
173 179
173 183
173 192
173 196
173 198
173 202
173 209
173 216
173 221
173 224
173 225
173 226
173 230
173 242
174 14
174 17
174 26
174 29
174 30
174 31
174 39
174 42
174 44
174 48
174 52
174 57
174 59
174 63
174 69
174 77
174 85
174 93
174 114
174 127
174 128
174 132
174 144
174 149
174 150
174 154
174 155
174 157
174 158
174 162
174 164
174 169
174 173
174 183
174 186
174 190
174 192
174 193
174 195
174 196
174 201
174 202
174 203
174 204
174 215
174 224
174 225
174 239
175 0
175 2
175 3
175 8
175 16
175 18
175 22
175 39
175 42
175 45
175 47
175 53
175 56
175 71
175 72
175 77
175 78
175 84
175 90
175 91
175 97
175 100
175 103
175 106
175 113
175 115
175 118
175 124
175 126
175 128
175 130
175 141
175 145
175 146
175 152
175 156
175 157
175 173
175 186
175 187
175 195
175 197
175 198
175 202
175 203
175 204
175 218
175 221
175 224
175 225
175 230
175 235
175 238
175 240
176 6
176 10
176 14
176 19
176 22
176 24
176 25
176 27
176 39
176 41
176 46
176 51
176 54
176 76
176 78
176 79
176 83
176 86
176 88
176 90
176 91
176 92
176 94
176 96
176 98
176 100
176 107
176 113
176 122
176 123
176 137
176 153
176 156
176 157
176 160
176 161
176 162
176 163
176 165
176 171
176 189
176 209
176 214
176 215
176 217
176 220
176 221
176 222
176 224
176 236
176 239
176 241
177 8
177 17
177 21
177 22
177 23
177 25
177 30
177 38
177 41
177 45
177 46
177 58
177 70
177 78
177 83
177 86
177 90
177 95
177 98
177 99
177 117
177 122
177 128
177 131
177 139
177 146
177 148
177 151
177 153
177 155
177 156
177 162
177 168
177 171
177 192
177 193
177 203
177 214
177 215
177 221
177 224
177 237
178 5
178 8
178 11
178 15
178 38
178 41
178 46
178 54
178 55
178 65
178 66
178 67
178 69
178 70
178 72
178 73
178 81
178 86
178 93
178 101
178 103
178 105
178 119
178 122
178 130
178 133
178 136
178 140
178 154
178 160
178 162
178 163
178 166
178 169
178 172
178 182
178 191
178 193
178 197
178 212
178 219
178 223
178 230
178 235
178 238
178 241
178 244
179 0
179 5
179 7
179 9
179 13
179 20
179 24
179 29
179 30
179 31
179 33
179 45
179 49
179 53
179 55
179 56
179 57
179 58
179 74
179 76
179 77
179 79
179 80
179 83
179 86
179 87
179 93
179 97
179 103
179 107
179 109
179 110
179 111
179 114
179 116
179 126
179 129
179 132
179 134
179 135
179 147
179 150
179 156
179 169
179 177
179 184
179 195
179 197
179 201
179 208
179 211
179 219
179 222
179 230
179 232
179 235
179 242
179 243
180 4
180 8
180 10
180 18
180 21
180 22
180 24
180 36
180 46
180 48
180 49
180 53
180 67
180 77
180 84
180 92
180 97
180 102
180 105
180 109
180 110
180 111
180 112
180 115
180 117
180 118
180 126
180 127
180 130
180 132
180 136
180 142
180 147
180 151
180 154
180 155
180 158
180 165
180 166
180 170
180 174
180 179
180 181
180 185
180 186
180 191
180 197
180 198
180 203
180 206
180 207
180 215
180 216
180 218
180 223
180 225
180 229
180 230
180 231
180 244
181 1
181 7
181 11
181 22
181 27
181 28
181 35
181 39
181 42
181 43
181 45
181 48
181 50
181 54
181 59
181 64
181 68
181 72
181 78
181 89
181 90
181 92
181 93
181 100
181 112
181 117
181 119
181 123
181 124
181 125
181 129
181 133
181 137
181 142
181 151
181 153
181 154
181 162
181 168
181 170
181 173
181 175
181 184
181 186
181 194
181 196
181 199
181 200
181 205
181 214
181 217
181 220
181 227
181 228
181 230
181 235
181 238
181 241
182 1
182 2
182 10
182 11
182 15
182 23
182 24
182 29
182 30
182 32
182 38
182 39
182 44
182 61
182 62
182 74
182 81
182 91
182 108
182 110
182 115
182 120
182 133
182 136
182 137
182 147
182 152
182 156
182 157
182 162
182 167
182 169
182 174
182 178
182 183
182 184
182 193
182 203
182 204
182 210
182 221
182 231
182 237
182 240
183 6
183 8
183 9
183 10
183 11
183 17
183 34
183 36
183 43
183 46
183 47
183 48
183 50
183 53
183 73
183 76
183 81
183 84
183 93
183 97
183 102
183 106
183 122
183 134
183 143
183 144
183 152
183 154
183 157
183 166
183 176
183 178
183 181
183 184
183 206
183 215
183 216
183 223
183 225
183 231
183 235
183 237
183 242
184 1
184 3
184 9
184 17
184 21
184 24
184 32
184 38
184 45
184 51
184 69
184 73
184 76
184 87
184 95
184 103
184 105
184 107
184 108
184 114
184 115
184 117
184 119
184 130
184 131
184 132
184 133
184 137
184 139
184 140
184 141
184 146
184 148
184 151
184 152
184 162
184 183
184 187
184 192
184 193
184 202
184 215
184 216
184 219
184 222
184 232
184 236
184 239
184 240
185 0
185 8
185 14
185 17
185 22
185 26
185 27
185 40
185 41
185 45
185 49
185 54
185 60
185 67
185 69
185 82
185 86
185 91
185 93
185 95
185 97
185 102
185 106
185 112
185 120
185 135
185 145
185 153
185 163
185 168
185 169
185 171
185 172
185 173
185 212
185 213
185 215
185 217
185 219
185 222
185 227
185 230
185 240
186 4
186 15
186 19
186 25
186 27
186 30
186 39
186 47
186 50
186 57
186 63
186 72
186 74
186 75
186 83
186 94
186 95
186 96
186 101
186 102
186 109
186 113
186 119
186 123
186 129
186 131
186 134
186 138
186 141
186 142
186 143
186 154
186 155
186 160
186 161
186 182
186 191
186 196
186 202
186 205
186 209
186 212
186 222
186 223
186 238
186 241
187 0
187 3
187 9
187 17
187 23
187 29
187 30
187 32
187 38
187 41
187 47
187 58
187 59
187 60
187 62
187 63
187 64
187 80
187 86
187 91
187 93
187 104
187 105
187 106
187 107
187 121
187 123
187 129
187 131
187 135
187 136
187 144
187 145
187 149
187 150
187 159
187 161
187 173
187 180
187 181
187 185
187 198
187 202
187 210
187 212
187 216
187 218
187 219
187 225
187 227
187 230
187 232
187 240
188 4
188 8
188 10
188 15
188 19
188 26
188 28
188 30
188 40
188 42
188 55
188 57
188 64
188 68
188 69
188 78
188 79
188 83
188 87
188 89
188 91
188 97
188 101
188 107
188 113
188 127
188 143
188 145
188 146
188 152
188 153
188 156
188 161
188 163
188 172
188 176
188 177
188 180
188 182
188 191
188 197
188 202
188 204
188 214
188 215
188 221
188 222
188 230
188 242
189 1
189 2
189 4
189 22
189 33
189 59
189 76
189 77
189 85
189 87
189 90
189 98
189 101
189 102
189 109
189 111
189 131
189 140
189 143
189 145
189 146
189 148
189 150
189 154
189 163
189 171
189 172
189 173
189 176
189 186
189 209
189 213
189 214
189 223
189 227
189 242
189 244
190 5
190 9
190 12
190 17
190 24
190 26
190 27
190 29
190 30
190 34
190 43
190 47
190 48
190 52
190 56
190 76
190 82
190 84
190 88
190 94
190 96
190 99
190 102
190 107
190 111
190 114
190 122
190 126
190 166
190 169
190 181
190 184
190 186
190 208
190 209
190 215
190 217
190 219
190 221
190 230
190 231
190 235
191 3
191 11
191 13
191 24
191 28
191 30
191 35
191 36
191 41
191 66
191 68
191 71
191 72
191 81
191 85
191 88
191 92
191 93
191 103
191 112
191 114
191 118
191 120
191 127
191 134
191 136
191 139
191 142
191 148
191 150
191 153
191 155
191 156
191 157
191 158
191 162
191 168
191 172
191 184
191 192
191 198
191 204
191 208
191 212
191 213
191 222
191 224
191 232
191 235
191 236
191 239
192 2
192 3
192 5
192 9
192 25
192 30
192 35
192 37
192 42
192 44
192 48
192 49
192 52
192 56
192 75
192 82
192 83
192 85
192 87
192 95
192 100
192 113
192 117
192 130
192 132
192 135
192 137
192 139
192 144
192 150
192 151
192 164
192 165
192 167
192 169
192 175
192 176
192 188
192 189
192 193
192 194
192 199
192 201
192 219
192 220
192 224
192 227
192 229
192 232
192 233
192 238
192 243
193 2
193 6
193 7
193 8
193 12
193 13
193 14
193 18
193 21
193 27
193 29
193 34
193 59
193 60
193 63
193 69
193 77
193 78
193 82
193 89
193 97
193 101
193 106
193 110
193 111
193 112
193 118
193 130
193 137
193 140
193 143
193 144
193 146
193 151
193 152
193 153
193 155
193 158
193 161
193 167
193 170
193 178
193 206
193 207
193 208
193 218
193 220
193 221
193 222
193 225
193 231
193 233
193 235
193 239
194 5
194 7
194 8
194 10
194 18
194 26
194 28
194 36
194 40
194 47
194 48
194 54
194 73
194 76
194 77
194 78
194 81
194 85
194 88
194 89
194 91
194 108
194 115
194 118
194 120
194 125
194 130
194 139
194 160
194 179
194 181
194 185
194 186
194 187
194 188
194 190
194 191
194 199
194 203
194 206
194 212
194 221
194 222
194 224
194 225
194 234
194 238
194 239
194 242
195 2
195 11
195 14
195 15
195 17
195 23
195 45
195 50
195 51
195 52
195 55
195 65
195 70
195 75
195 77
195 79
195 80
195 89
195 100
195 110
195 113
195 115
195 118
195 121
195 135
195 143
195 146
195 150
195 161
195 162
195 171
195 176
195 181
195 191
195 201
195 204
195 206
195 209
195 212
195 216
195 219
195 222
195 229
195 235
195 241
196 4
196 11
196 17
196 18
196 21
196 24
196 25
196 26
196 32
196 36
196 39
196 41
196 42
196 45
196 46
196 52
196 53
196 55
196 56
196 57
196 60
196 65
196 69
196 70
196 72
196 77
196 81
196 83
196 88
196 101
196 105
196 106
196 109
196 111
196 121
196 124
196 125
196 147
196 148
196 149
196 152
196 160
196 162
196 166
196 183
196 190
196 215
196 236
196 238
196 240
197 6
197 9
197 10
197 13
197 16
197 23
197 26
197 28
197 31
197 33
197 39
197 40
197 41
197 44
197 45
197 50
197 52
197 61
197 64
197 65
197 81
197 83
197 92
197 123
197 131
197 133
197 140
197 142
197 145
197 149
197 152
197 166
197 173
197 175
197 190
197 191
197 196
197 200
197 201
197 205
197 210
197 221
197 222
197 224
197 227
197 235
197 238
197 240
197 242
198 1
198 5
198 17
198 21
198 24
198 28
198 31
198 35
198 38
198 44
198 52
198 66
198 74
198 75
198 81
198 83
198 86
198 92
198 97
198 111
198 122
198 124
198 126
198 128
198 135
198 145
198 149
198 154
198 157
198 160
198 172
198 173
198 174
198 178
198 179
198 180
198 189
198 200
198 206
198 212
198 219
199 2
199 5
199 10
199 12
199 20
199 24
199 35
199 37
199 38
199 47
199 50
199 56
199 57
199 73
199 78
199 79
199 80
199 108
199 124
199 127
199 130
199 133
199 139
199 140
199 146
199 148
199 149
199 152
199 163
199 173
199 174
199 175
199 178
199 180
199 182
199 185
199 186
199 192
199 198
199 202
199 204
199 209
199 227
199 229
199 231
199 237
199 239
199 240
200 3
200 9
200 11
200 18
200 32
200 33
200 39
200 42
200 47
200 63
200 65
200 75
200 90
200 104
200 105
200 109
200 110
200 115
200 116
200 130
200 133
200 143
200 151
200 156
200 160
200 162
200 164
200 165
200 168
200 174
200 179
200 203
200 205
200 207
200 214
200 223
200 228
200 242
201 0
201 5
201 10
201 11
201 18
201 30
201 37
201 49
201 50
201 51
201 55
201 57
201 60
201 63
201 66
201 74
201 76
201 85
201 86
201 93
201 96
201 120
201 121
201 127
201 135
201 144
201 147
201 150
201 154
201 160
201 167
201 169
201 170
201 171
201 175
201 176
201 178
201 179
201 181
201 184
201 191
201 202
201 207
201 209
201 210
201 211
201 212
201 218
201 220
201 223
201 224
201 233
201 234
201 237
202 15
202 22
202 28
202 34
202 38
202 45
202 46
202 48
202 54
202 57
202 59
202 62
202 69
202 70
202 73
202 74
202 78
202 83
202 84
202 87
202 93
202 98
202 103
202 108
202 110
202 122
202 129
202 132
202 133
202 140
202 141
202 160
202 163
202 164
202 172
202 173
202 179
202 183
202 186
202 188
202 190
202 193
202 200
202 207
202 221
202 227
202 229
202 234
202 239
202 241
203 4
203 8
203 9
203 15
203 16
203 29
203 38
203 42
203 46
203 47
203 49
203 53
203 56
203 68
203 76
203 79
203 80
203 81
203 90
203 94
203 108
203 115
203 120
203 135
203 139
203 153
203 154
203 162
203 173
203 180
203 183
203 186
203 195
203 197
203 215
203 226
203 228
203 233
203 236
204 3
204 7
204 9
204 14
204 16
204 20
204 30
204 34
204 39
204 40
204 42
204 43
204 45
204 54
204 57
204 58
204 61
204 70
204 77
204 79
204 83
204 87
204 90
204 96
204 101
204 111
204 116
204 120
204 122
204 125
204 136
204 139
204 142
204 145
204 151
204 160
204 168
204 173
204 174
204 177
204 180
204 183
204 184
204 189
204 193
204 205
204 206
204 208
204 210
204 213
204 217
204 219
204 228
204 230
204 233
204 241
204 244
205 0
205 10
205 13
205 14
205 26
205 38
205 47
205 79
205 88
205 94
205 96
205 102
205 105
205 113
205 114
205 121
205 124
205 128
205 131
205 135
205 137
205 138
205 139
205 140
205 150
205 153
205 159
205 160
205 166
205 174
205 176
205 179
205 188
205 190
205 194
205 195
205 197
205 206
205 207
205 209
205 215
205 217
205 220
205 221
205 237
205 238
205 239
206 3
206 4
206 5
206 7
206 9
206 10
206 12
206 16
206 20
206 23
206 26
206 29
206 34
206 38
206 39
206 40
206 42
206 47
206 48
206 51
206 52
206 53
206 62
206 63
206 64
206 73
206 76
206 81
206 92
206 106
206 108
206 109
206 112
206 131
206 139
206 145
206 148
206 151
206 152
206 156
206 158
206 164
206 165
206 166
206 171
206 172
206 175
206 180
206 183
206 191
206 195
206 196
206 208
206 215
206 217
206 224
206 230
206 241
207 0
207 2
207 4
207 6
207 7
207 11
207 12
207 27
207 31
207 47
207 65
207 68
207 70
207 72
207 75
207 80
207 82
207 90
207 93
207 97
207 102
207 103
207 110
207 137
207 162
207 165
207 170
207 171
207 172
207 175
207 181
207 192
207 193
207 195
207 200
207 210
207 215
207 223
207 236
208 10
208 18
208 20
208 22
208 24
208 25
208 26
208 32
208 33
208 38
208 39
208 48
208 55
208 59
208 60
208 63
208 65
208 69
208 75
208 77
208 78
208 79
208 80
208 86
208 88
208 98
208 99
208 103
208 122
208 125
208 130
208 141
208 142
208 144
208 150
208 151
208 156
208 160
208 161
208 162
208 172
208 175
208 178
208 179
208 190
208 193
208 195
208 196
208 207
208 209
208 212
208 225
208 226
208 229
208 230
208 233
208 236
208 242
209 2
209 5
209 10
209 12
209 14
209 15
209 17
209 24
209 27
209 31
209 32
209 33
209 39
209 48
209 52
209 63
209 80
209 87
209 89
209 102
209 111
209 112
209 117
209 122
209 125
209 139
209 140
209 142
209 153
209 156
209 164
209 169
209 179
209 184
209 185
209 189
209 190
209 191
209 194
209 196
209 200
209 201
209 202
209 203
209 204
209 207
209 212
209 214
209 219
209 224
209 228
209 232
209 234
209 242
210 16
210 19
210 24
210 27
210 28
210 37
210 38
210 41
210 43
210 44
210 45
210 46
210 47
210 49
210 50
210 53
210 54
210 61
210 66
210 67
210 74
210 77
210 80
210 81
210 83
210 86
210 94
210 109
210 122
210 125
210 126
210 132
210 136
210 137
210 138
210 151
210 153
210 154
210 156
210 158
210 161
210 164
210 168
210 173
210 174
210 183
210 186
210 187
210 189
210 190
210 192
210 193
210 212
210 216
210 227
210 228
210 238
210 240
211 3
211 14
211 15
211 22
211 25
211 27
211 41
211 44
211 46
211 54
211 60
211 65
211 68
211 72
211 73
211 94
211 96
211 99
211 100
211 101
211 110
211 131
211 139
211 142
211 155
211 158
211 159
211 162
211 167
211 174
211 180
211 184
211 188
211 193
211 194
211 195
211 196
211 197
211 198
211 199
211 217
211 229
211 232
211 233
211 238
211 241
211 243
211 244
212 1
212 12
212 16
212 18
212 27
212 30
212 32
212 34
212 40
212 41
212 50
212 61
212 68
212 69
212 71
212 82
212 84
212 90
212 97
212 102
212 103
212 108
212 110
212 114
212 115
212 122
212 128
212 147
212 154
212 156
212 161
212 163
212 169
212 171
212 184
212 191
212 193
212 200
212 208
212 214
212 215
212 219
212 220
212 221
212 228
212 231
212 235
212 237
212 244
213 3
213 6
213 15
213 25
213 31
213 32
213 45
213 53
213 65
213 70
213 75
213 89
213 90
213 98
213 106
213 112
213 121
213 124
213 125
213 134
213 138
213 141
213 152
213 156
213 158
213 176
213 183
213 192
213 194
213 196
213 200
213 205
213 206
213 222
213 225
213 229
213 231
213 232
213 244
214 2
214 14
214 19
214 27
214 30
214 32
214 34
214 35
214 40
214 49
214 57
214 58
214 60
214 61
214 81
214 95
214 99
214 102
214 108
214 119
214 130
214 137
214 140
214 144
214 146
214 154
214 161
214 172
214 180
214 181
214 182
214 187
214 189
214 191
214 193
214 196
214 200
214 203
214 204
214 219
214 221
214 225
214 226
214 227
214 232
214 236
214 241
215 0
215 2
215 11
215 17
215 18
215 20
215 21
215 25
215 36
215 40
215 41
215 46
215 54
215 56
215 57
215 63
215 69
215 74
215 77
215 84
215 86
215 87
215 89
215 92
215 95
215 99
215 103
215 104
215 114
215 116
215 128
215 129
215 132
215 136
215 143
215 148
215 151
215 159
215 163
215 169
215 171
215 172
215 173
215 174
215 176
215 177
215 198
215 201
215 208
215 212
215 220
215 223
215 230
215 233
215 235
215 243
216 1
216 4
216 14
216 22
216 27
216 28
216 29
216 40
216 42
216 48
216 51
216 55
216 66
216 70
216 71
216 77
216 81
216 90
216 104
216 112
216 113
216 115
216 120
216 126
216 128
216 136
216 143
216 150
216 159
216 166
216 167
216 176
216 189
216 190
216 191
216 193
216 204
216 205
216 209
216 220
216 230
216 233
216 236
216 237
217 0
217 4
217 9
217 17
217 18
217 20
217 21
217 24
217 26
217 28
217 33
217 48
217 55
217 63
217 64
217 71
217 86
217 93
217 94
217 99
217 102
217 107
217 108
217 109
217 110
217 112
217 114
217 117
217 118
217 119
217 128
217 131
217 135
217 139
217 152
217 156
217 157
217 162
217 167
217 169
217 172
217 173
217 175
217 180
217 183
217 188
217 200
217 208
217 212
217 213
217 216
217 223
217 224
217 234
217 235
218 4
218 6
218 16
218 21
218 23
218 30
218 31
218 34
218 47
218 51
218 52
218 59
218 64
218 65
218 66
218 71
218 72
218 75
218 83
218 84
218 86
218 91
218 93
218 94
218 101
218 102
218 106
218 124
218 125
218 140
218 148
218 154
218 169
218 175
218 176
218 178
218 181
218 189
218 190
218 195
218 202
218 205
218 206
218 209
218 221
218 223
218 224
218 229
218 236
219 0
219 2
219 3
219 4
219 6
219 8
219 15
219 16
219 21
219 22
219 24
219 27
219 30
219 31
219 32
219 33
219 35
219 39
219 41
219 56
219 69
219 93
219 103
219 104
219 109
219 111
219 112
219 120
219 123
219 127
219 129
219 133
219 137
219 138
219 140
219 152
219 155
219 163
219 166
219 173
219 184
219 190
219 197
219 210
219 213
219 215
219 217
219 230
219 239
219 242
220 1
220 12
220 19
220 20
220 21
220 22
220 24
220 27
220 37
220 40
220 41
220 43
220 46
220 49
220 52
220 61
220 65
220 66
220 67
220 75
220 76
220 81
220 84
220 87
220 88
220 89
220 92
220 96
220 97
220 99
220 100
220 104
220 110
220 121
220 124
220 128
220 129
220 130
220 131
220 133
220 140
220 142
220 143
220 150
220 151
220 152
220 158
220 162
220 172
220 173
220 181
220 184
220 192
220 195
220 196
220 197
220 200
220 203
220 207
220 209
220 213
220 214
220 217
220 221
220 229
220 235
220 238
220 239
220 244
221 3
221 5
221 7
221 17
221 18
221 30
221 43
221 46
221 47
221 49
221 62
221 74
221 75
221 79
221 80
221 82
221 96
221 104
221 110
221 111
221 118
221 123
221 124
221 130
221 132
221 133
221 143
221 147
221 149
221 151
221 153
221 154
221 157
221 158
221 164
221 171
221 173
221 174
221 176
221 179
221 182
221 183
221 187
221 188
221 193
221 198
221 203
221 204
221 207
221 208
221 209
221 218
221 219
221 226
221 232
221 242
221 243
222 4
222 11
222 12
222 14
222 15
222 23
222 26
222 27
222 32
222 34
222 41
222 51
222 56
222 60
222 77
222 81
222 85
222 88
222 91
222 93
222 94
222 96
222 104
222 106
222 107
222 115
222 116
222 120
222 121
222 131
222 134
222 135
222 143
222 145
222 170
222 176
222 177
222 186
222 203
222 207
222 209
222 211
222 213
222 218
222 220
222 221
222 224
222 226
222 229
222 232
222 234
222 238
222 241
222 242
223 3
223 5
223 6
223 9
223 10
223 16
223 19
223 20
223 22
223 23
223 26
223 29
223 31
223 39
223 42
223 43
223 56
223 63
223 79
223 82
223 88
223 89
223 92
223 96
223 103
223 104
223 107
223 110
223 119
223 128
223 130
223 141
223 146
223 149
223 151
223 157
223 166
223 169
223 173
223 179
223 185
223 187
223 188
223 189
223 193
223 196
223 200
223 205
223 207
223 216
223 221
223 226
223 237
223 240
223 243
224 0
224 1
224 3
224 8
224 10
224 18
224 22
224 24
224 25
224 36
224 37
224 43
224 46
224 47
224 55
224 57
224 59
224 60
224 66
224 68
224 70
224 71
224 72
224 73
224 79
224 82
224 83
224 84
224 89
224 90
224 91
224 97
224 106
224 109
224 114
224 125
224 126
224 127
224 136
224 141
224 148
224 152
224 156
224 162
224 165
224 167
224 172
224 179
224 196
224 198
224 208
224 212
224 214
224 216
224 217
224 231
225 6
225 7
225 17
225 21
225 50
225 62
225 68
225 71
225 85
225 86
225 92
225 94
225 104
225 111
225 122
225 123
225 130
225 139
225 141
225 142
225 146
225 147
225 150
225 156
225 159
225 161
225 163
225 168
225 171
225 176
225 178
225 180
225 186
225 188
225 192
225 199
225 200
225 203
225 204
225 210
225 211
225 212
225 214
225 228
225 230
225 237
225 238
225 239
226 5
226 12
226 14
226 16
226 19
226 35
226 37
226 43
226 46
226 49
226 52
226 56
226 60
226 65
226 78
226 80
226 90
226 92
226 95
226 97
226 106
226 114
226 117
226 125
226 129
226 133
226 134
226 140
226 150
226 151
226 156
226 160
226 161
226 165
226 170
226 174
226 175
226 177
226 187
226 191
226 198
226 199
226 215
226 217
226 228
226 241
226 243
226 244
227 5
227 8
227 11
227 17
227 21
227 33
227 38
227 45
227 50
227 53
227 54
227 55
227 59
227 61
227 64
227 74
227 81
227 86
227 94
227 95
227 97
227 119
227 120
227 130
227 139
227 163
227 165
227 175
227 179
227 183
227 184
227 186
227 187
227 189
227 193
227 198
227 201
227 205
227 207
227 213
227 214
227 219
227 222
227 231
228 2
228 3
228 6
228 20
228 23
228 26
228 30
228 32
228 33
228 36
228 46
228 49
228 52
228 58
228 64
228 65
228 66
228 67
228 73
228 74
228 83
228 84
228 95
228 98
228 106
228 107
228 109
228 112
228 114
228 125
228 128
228 134
228 135
228 140
228 145
228 146
228 160
228 173
228 174
228 177
228 178
228 185
228 186
228 191
228 192
228 193
228 203
228 221
228 224
228 235
228 240
228 244
229 9
229 22
229 31
229 36
229 53
229 54
229 56
229 58
229 63
229 66
229 67
229 68
229 75
229 79
229 80
229 81
229 83
229 102
229 104
229 118
229 124
229 125
229 127
229 138
229 139
229 158
229 159
229 164
229 166
229 170
229 172
229 174
229 176
229 181
229 196
229 197
229 198
229 199
229 202
229 205
229 211
229 214
229 234
229 235
229 240
230 0
230 1
230 6
230 15
230 20
230 23
230 29
230 34
230 40
230 44
230 48
230 49
230 53
230 59
230 66
230 73
230 75
230 78
230 85
230 92
230 101
230 110
230 118
230 123
230 124
230 125
230 128
230 136
230 141
230 157
230 160
230 161
230 176
230 179
230 183
230 186
230 188
230 190
230 192
230 193
230 197
230 198
230 207
230 223
230 231
230 236
230 240
230 241
231 1
231 2
231 13
231 17
231 18
231 38
231 44
231 46
231 51
231 53
231 57
231 60
231 69
231 79
231 88
231 89
231 92
231 95
231 97
231 98
231 102
231 105
231 107
231 121
231 123
231 128
231 130
231 137
231 140
231 156
231 159
231 164
231 172
231 177
231 178
231 206
231 218
231 223
231 224
231 232
231 237
231 238
231 242
231 244
232 3
232 8
232 10
232 12
232 16
232 29
232 31
232 35
232 43
232 46
232 53
232 62
232 65
232 70
232 73
232 76
232 79
232 80
232 89
232 94
232 100
232 107
232 109
232 110
232 112
232 118
232 119
232 121
232 124
232 125
232 127
232 128
232 136
232 137
232 139
232 140
232 143
232 158
232 163
232 168
232 174
232 178
232 181
232 182
232 186
232 190
232 191
232 193
232 194
232 197
232 212
232 224
232 225
232 229
232 239
232 244
233 0
233 3
233 5
233 12
233 19
233 21
233 27
233 30
233 31
233 32
233 34
233 35
233 36
233 40
233 42
233 50
233 51
233 59
233 64
233 85
233 89
233 94
233 95
233 98
233 99
233 102
233 111
233 115
233 124
233 127
233 130
233 131
233 136
233 140
233 146
233 149
233 153
233 156
233 157
233 158
233 166
233 173
233 181
233 183
233 189
233 199
233 200
233 201
233 206
233 207
233 208
233 213
233 217
233 227
233 236
233 242
234 3
234 5
234 12
234 15
234 17
234 20
234 28
234 48
234 54
234 58
234 59
234 65
234 66
234 73
234 75
234 76
234 80
234 83
234 85
234 88
234 101
234 102
234 104
234 109
234 114
234 120
234 134
234 136
234 147
234 153
234 156
234 157
234 178
234 183
234 189
234 190
234 196
234 203
234 204
234 205
234 206
234 208
234 210
234 211
234 212
234 213
234 214
234 215
234 219
234 220
234 230
234 239
235 5
235 17
235 33
235 37
235 38
235 51
235 52
235 56
235 57
235 62
235 66
235 67
235 68
235 69
235 72
235 80
235 90
235 98
235 99
235 114
235 115
235 119
235 121
235 126
235 128
235 131
235 136
235 145
235 149
235 154
235 159
235 161
235 162
235 166
235 189
235 202
235 205
235 206
235 214
235 224
235 231
235 237
236 14
236 15
236 16
236 23
236 28
236 30
236 32
236 35
236 37
236 42
236 43
236 44
236 47
236 50
236 51
236 57
236 64
236 69
236 71
236 77
236 78
236 82
236 91
236 97
236 111
236 115
236 122
236 124
236 125
236 136
236 137
236 141
236 142
236 145
236 154
236 160
236 167
236 178
236 185
236 186
236 188
236 207
236 214
236 218
236 232
236 233
237 1
237 3
237 5
237 11
237 12
237 20
237 22
237 28
237 30
237 33
237 34
237 40
237 51
237 53
237 54
237 60
237 66
237 79
237 94
237 95
237 103
237 105
237 107
237 112
237 116
237 118
237 123
237 132
237 142
237 144
237 154
237 159
237 165
237 166
237 173
237 182
237 184
237 195
237 199
237 206
237 209
237 223
237 230
237 231
237 235
237 240
237 241
238 2
238 5
238 10
238 19
238 25
238 27
238 29
238 30
238 38
238 43
238 47
238 59
238 68
238 77
238 84
238 85
238 95
238 96
238 98
238 102
238 105
238 107
238 113
238 115
238 118
238 120
238 128
238 129
238 143
238 152
238 157
238 160
238 165
238 166
238 167
238 177
238 178
238 180
238 184
238 189
238 191
238 193
238 200
238 202
238 210
238 216
238 219
238 228
238 229
238 242
239 1
239 5
239 8
239 12
239 17
239 21
239 22
239 24
239 26
239 27
239 34
239 38
239 47
239 48
239 62
239 74
239 78
239 79
239 81
239 85
239 87
239 88
239 91
239 93
239 97
239 101
239 102
239 109
239 112
239 116
239 120
239 125
239 126
239 127
239 133
239 142
239 145
239 148
239 156
239 158
239 161
239 167
239 179
239 180
239 186
239 191
239 194
239 195
239 215
239 231
239 237
239 240
240 6
240 18
240 19
240 22
240 23
240 25
240 38
240 39
240 41
240 48
240 54
240 55
240 61
240 66
240 75
240 77
240 90
240 93
240 100
240 107
240 108
240 113
240 117
240 128
240 142
240 149
240 151
240 152
240 159
240 167
240 169
240 171
240 172
240 180
240 183
240 202
240 203
240 204
240 206
240 215
240 219
240 222
240 231
240 235
240 239
241 7
241 23
241 26
241 27
241 28
241 29
241 40
241 46
241 65
241 68
241 81
241 82
241 85
241 86
241 91
241 98
241 120
241 130
241 131
241 135
241 138
241 142
241 144
241 146
241 153
241 157
241 166
241 171
241 172
241 174
241 179
241 184
241 186
241 189
241 191
241 197
241 200
241 203
241 211
241 212
241 222
241 224
241 225
241 227
241 230
241 232
241 233
241 235
241 242
242 0
242 6
242 7
242 8
242 16
242 22
242 23
242 28
242 38
242 41
242 45
242 46
242 48
242 49
242 52
242 59
242 60
242 62
242 68
242 69
242 71
242 84
242 85
242 88
242 96
242 97
242 104
242 107
242 108
242 109
242 110
242 115
242 125
242 128
242 129
242 143
242 144
242 145
242 146
242 152
242 157
242 172
242 174
242 177
242 186
242 188
242 193
242 196
242 202
242 212
242 217
242 223
242 228
242 238
243 19
243 22
243 24
243 25
243 56
243 61
243 75
243 79
243 80
243 104
243 105
243 108
243 118
243 123
243 127
243 130
243 131
243 132
243 139
243 144
243 148
243 151
243 162
243 163
243 167
243 171
243 183
243 184
243 190
243 192
243 195
243 196
243 207
243 215
243 218
243 221
243 228
243 236
243 240
244 4
244 6
244 10
244 27
244 28
244 31
244 34
244 38
244 40
244 43
244 44
244 45
244 52
244 55
244 65
244 66
244 68
244 73
244 74
244 77
244 85
244 87
244 89
244 91
244 103
244 110
244 115
244 118
244 119
244 124
244 139
244 140
244 146
244 150
244 152
244 157
244 177
244 183
244 184
244 193
244 209
244 211
244 213
244 220
244 222
244 227
244 231
244 234
244 240
244 242
