120
0 2
0 4
0 6
0 9
0 23
0 27
0 31
0 34
0 38
0 39
0 42
0 44
0 50
0 52
0 53
0 58
0 60
0 69
0 73
0 75
0 80
0 84
0 88
0 91
0 93
0 101
0 108
1 11
1 15
1 17
1 22
1 37
1 38
1 39
1 40
1 47
1 49
1 50
1 58
1 68
1 78
1 79
1 83
1 87
1 110
1 113
1 117
2 4
2 5
2 6
2 11
2 15
2 21
2 24
2 29
2 34
2 50
2 57
2 59
2 62
2 63
2 75
2 77
2 80
2 85
2 89
2 91
2 97
2 103
2 105
2 118
2 119
3 4
3 8
3 13
3 21
3 23
3 24
3 25
3 29
3 30
3 46
3 48
3 50
3 53
3 60
3 68
3 77
3 80
3 81
3 82
3 90
3 96
3 99
3 105
3 107
3 115
3 119
4 0
4 6
4 7
4 15
4 16
4 18
4 19
4 22
4 25
4 27
4 33
4 35
4 41
4 42
4 43
4 45
4 47
4 48
4 69
4 70
4 75
4 78
4 82
4 89
4 90
4 95
4 96
4 106
4 108
4 110
4 118
5 3
5 4
5 17
5 29
5 36
5 37
5 39
5 40
5 41
5 52
5 54
5 58
5 61
5 69
5 75
5 77
5 79
5 80
5 95
5 109
5 112
5 113
5 114
5 115
6 0
6 2
6 22
6 23
6 26
6 30
6 32
6 34
6 41
6 46
6 55
6 59
6 73
6 79
6 81
6 82
6 86
6 87
6 100
6 102
6 103
6 113
6 115
7 30
7 34
7 36
7 38
7 39
7 41
7 50
7 64
7 66
7 73
7 79
7 89
7 90
7 95
7 98
7 99
7 101
7 102
7 112
7 118
8 4
8 5
8 13
8 16
8 23
8 27
8 37
8 42
8 44
8 51
8 54
8 55
8 56
8 62
8 67
8 78
8 79
8 81
8 85
8 87
8 94
8 98
8 99
8 104
8 112
8 115
8 116
9 0
9 3
9 6
9 7
9 8
9 14
9 18
9 21
9 25
9 28
9 37
9 38
9 47
9 48
9 58
9 60
9 61
9 63
9 76
9 82
9 84
9 87
9 93
9 95
9 97
9 101
9 109
10 2
10 4
10 6
10 9
10 12
10 19
10 23
10 28
10 32
10 35
10 36
10 44
10 50
10 56
10 64
10 72
10 82
10 87
10 94
10 97
10 99
10 106
10 113
10 119
11 1
11 3
11 16
11 20
11 25
11 26
11 28
11 54
11 61
11 62
11 64
11 69
11 76
11 80
11 89
11 97
11 104
11 115
11 118
11 119
12 0
12 2
12 4
12 5
12 7
12 11
12 16
12 18
12 19
12 22
12 52
12 56
12 57
12 61
12 64
12 68
12 74
12 82
12 84
12 85
12 89
12 104
12 107
12 110
12 113
12 115
12 119
13 0
13 4
13 5
13 11
13 24
13 25
13 27
13 37
13 41
13 46
13 49
13 68
13 72
13 74
13 76
13 79
13 92
13 93
13 94
13 101
13 104
13 110
13 114
14 4
14 5
14 6
14 7
14 9
14 16
14 21
14 40
14 47
14 50
14 61
14 69
14 75
14 87
14 90
14 93
14 99
14 109
14 111
14 112
14 113
14 115
15 10
15 16
15 17
15 25
15 26
15 29
15 37
15 42
15 52
15 56
15 57
15 70
15 72
15 85
15 88
15 92
15 94
15 97
15 107
15 111
15 113
15 116
16 1
16 4
16 8
16 11
16 15
16 22
16 24
16 27
16 28
16 30
16 36
16 42
16 47
16 59
16 65
16 74
16 84
16 85
16 86
16 91
16 111
16 112
16 115
16 116
16 117
17 10
17 12
17 22
17 23
17 24
17 27
17 30
17 38
17 39
17 42
17 47
17 49
17 50
17 57
17 61
17 62
17 63
17 69
17 75
17 80
17 81
17 90
17 101
17 108
17 109
17 112
17 119
18 6
18 14
18 22
18 31
18 42
18 44
18 45
18 48
18 53
18 62
18 63
18 64
18 69
18 70
18 71
18 77
18 79
18 88
18 89
18 97
18 107
18 112
18 113
19 7
19 12
19 15
19 20
19 22
19 25
19 39
19 50
19 51
19 63
19 66
19 71
19 74
19 75
19 76
19 78
19 88
19 97
19 109
19 119
20 2
20 9
20 10
20 16
20 18
20 27
20 38
20 44
20 48
20 65
20 70
20 72
20 75
20 82
20 96
20 97
20 100
20 105
20 114
21 2
21 8
21 10
21 15
21 19
21 23
21 24
21 28
21 30
21 37
21 40
21 48
21 50
21 56
21 57
21 63
21 68
21 70
21 71
21 72
21 79
21 82
21 85
21 95
21 99
21 101
22 3
22 4
22 9
22 12
22 14
22 15
22 18
22 23
22 34
22 36
22 39
22 42
22 46
22 53
22 64
22 69
22 76
22 78
22 81
22 83
22 86
22 89
22 91
22 95
22 96
22 99
22 109
23 0
23 14
23 16
23 24
23 28
23 32
23 35
23 37
23 41
23 44
23 45
23 47
23 48
23 49
23 54
23 55
23 57
23 65
23 66
23 68
23 71
23 94
23 95
23 96
23 113
24 16
24 18
24 20
24 32
24 58
24 61
24 72
24 73
24 78
24 84
24 89
24 97
24 110
24 114
25 0
25 2
25 4
25 5
25 11
25 13
25 14
25 18
25 21
25 32
25 41
25 55
25 63
25 68
25 78
25 79
25 87
25 88
25 90
25 95
25 97
25 100
25 101
25 106
25 107
26 2
26 6
26 8
26 9
26 10
26 12
26 13
26 16
26 17
26 18
26 20
26 27
26 29
26 30
26 36
26 47
26 60
26 62
26 63
26 70
26 84
26 89
26 96
26 98
26 102
26 110
26 118
27 0
27 5
27 16
27 18
27 31
27 34
27 36
27 37
27 41
27 44
27 48
27 49
27 56
27 65
27 69
27 71
27 79
27 80
27 81
27 86
27 87
27 91
27 104
27 114
27 115
27 117
28 2
28 4
28 8
28 17
28 18
28 24
28 29
28 36
28 40
28 43
28 48
28 50
28 61
28 78
28 82
28 84
28 88
28 102
28 110
28 114
29 7
29 15
29 21
29 25
29 27
29 31
29 34
29 35
29 40
29 41
29 51
29 53
29 63
29 65
29 73
29 77
29 88
29 98
29 99
29 107
29 108
29 109
29 111
30 14
30 17
30 18
30 24
30 29
30 36
30 41
30 42
30 57
30 71
30 74
30 75
30 90
30 97
30 99
30 100
30 101
30 107
30 108
30 110
30 112
30 113
31 3
31 7
31 9
31 15
31 27
31 36
31 39
31 42
31 47
31 52
31 57
31 60
31 67
31 72
31 75
31 81
31 83
31 84
31 88
31 89
31 105
31 108
31 113
31 119
32 6
32 8
32 16
32 26
32 34
32 38
32 45
32 48
32 57
32 61
32 65
32 73
32 75
32 76
32 81
32 82
32 93
32 96
32 98
32 100
33 5
33 6
33 8
33 13
33 15
33 18
33 20
33 24
33 26
33 48
33 50
33 54
33 61
33 70
33 77
33 91
33 92
33 96
33 98
33 108
33 112
33 119
34 0
34 4
34 8
34 18
34 21
34 23
34 37
34 43
34 46
34 55
34 56
34 57
34 58
34 62
34 63
34 68
34 69
34 70
34 75
34 80
34 82
34 86
34 87
34 92
34 97
34 99
34 104
34 106
34 113
34 118
35 0
35 2
35 8
35 11
35 12
35 13
35 17
35 20
35 22
35 24
35 28
35 42
35 45
35 46
35 50
35 58
35 61
35 64
35 70
35 73
35 77
35 92
35 93
35 104
35 113
35 114
36 0
36 9
36 10
36 13
36 25
36 26
36 27
36 30
36 46
36 49
36 54
36 58
36 64
36 65
36 72
36 82
36 83
36 92
36 93
36 94
36 96
36 104
36 105
37 3
37 5
37 7
37 12
37 23
37 25
37 32
37 44
37 54
37 55
37 60
37 62
37 63
37 83
37 89
37 90
37 93
37 100
37 106
37 109
37 110
37 112
37 119
38 0
38 6
38 9
38 10
38 12
38 14
38 16
38 19
38 24
38 33
38 36
38 39
38 41
38 43
38 57
38 72
38 75
38 85
38 91
38 101
38 102
38 115
39 3
39 5
39 12
39 14
39 17
39 18
39 29
39 40
39 43
39 47
39 53
39 54
39 59
39 68
39 70
39 71
39 75
39 88
39 91
39 95
39 102
39 107
39 115
39 119
40 1
40 3
40 7
40 8
40 9
40 15
40 17
40 21
40 24
40 30
40 43
40 53
40 60
40 62
40 82
40 84
40 88
40 90
40 91
40 93
40 96
40 98
40 99
41 17
41 21
41 25
41 26
41 33
41 45
41 54
41 59
41 60
41 61
41 62
41 99
41 105
41 112
42 4
42 5
42 16
42 19
42 26
42 29
42 34
42 47
42 50
42 70
42 77
42 79
42 88
42 90
42 94
42 97
42 99
42 101
42 112
42 114
43 1
43 8
43 11
43 12
43 17
43 23
43 24
43 26
43 33
43 41
43 49
43 50
43 52
43 54
43 57
43 60
43 67
43 70
43 73
43 74
43 76
43 78
43 83
43 89
43 94
43 95
43 99
43 104
43 112
44 3
44 5
44 6
44 8
44 9
44 11
44 21
44 26
44 34
44 37
44 39
44 45
44 49
44 51
44 57
44 61
44 67
44 70
44 73
44 74
44 85
44 88
44 89
44 90
44 92
44 108
44 111
44 112
44 115
44 117
45 10
45 11
45 15
45 17
45 18
45 19
45 20
45 23
45 26
45 29
45 34
45 35
45 38
45 43
45 47
45 49
45 51
45 74
45 77
45 81
45 86
45 98
45 100
45 101
45 104
45 115
45 116
46 3
46 5
46 14
46 16
46 18
46 21
46 26
46 28
46 31
46 35
46 47
46 54
46 56
46 60
46 73
46 75
46 77
46 78
46 85
46 86
46 87
46 93
46 99
46 101
46 105
46 107
46 114
46 117
46 118
47 0
47 1
47 2
47 12
47 16
47 25
47 30
47 33
47 34
47 42
47 45
47 56
47 57
47 58
47 61
47 80
47 97
47 99
47 102
47 103
47 112
48 0
48 6
48 7
48 10
48 15
48 20
48 30
48 31
48 38
48 50
48 51
48 60
48 72
48 95
48 97
48 102
48 118
49 5
49 18
49 20
49 22
49 24
49 32
49 43
49 47
49 51
49 67
49 74
49 76
49 78
49 79
49 83
49 84
49 87
49 90
49 114
49 118
50 6
50 8
50 12
50 13
50 14
50 17
50 19
50 20
50 26
50 30
50 33
50 38
50 41
50 51
50 52
50 55
50 63
50 65
50 70
50 73
50 80
50 81
50 82
50 83
50 98
50 99
50 102
50 104
50 106
50 110
50 111
50 112
50 114
51 4
51 5
51 9
51 13
51 14
51 16
51 18
51 32
51 37
51 55
51 57
51 64
51 66
51 70
51 74
51 77
51 82
51 84
51 88
51 105
52 1
52 6
52 8
52 15
52 16
52 17
52 27
52 33
52 36
52 41
52 47
52 51
52 55
52 58
52 63
52 66
52 69
52 70
52 72
52 84
52 100
52 101
52 110
52 116
53 3
53 6
53 16
53 25
53 29
53 32
53 33
53 34
53 38
53 47
53 54
53 55
53 63
53 68
53 74
53 77
53 80
53 81
53 89
53 94
53 95
53 96
53 102
53 103
53 116
54 9
54 14
54 16
54 20
54 29
54 31
54 32
54 33
54 36
54 56
54 58
54 60
54 61
54 66
54 73
54 74
54 81
54 84
54 87
54 88
54 103
54 105
54 107
54 111
54 115
54 118
55 3
55 10
55 13
55 17
55 18
55 26
55 35
55 38
55 44
55 46
55 48
55 50
55 53
55 58
55 64
55 72
55 76
55 81
55 82
55 89
55 96
55 97
55 104
55 106
55 112
55 117
56 0
56 2
56 5
56 6
56 26
56 31
56 33
56 36
56 38
56 44
56 51
56 52
56 58
56 61
56 63
56 68
56 79
56 92
56 97
56 104
56 111
56 115
56 117
56 118
56 119
57 11
57 21
57 23
57 33
57 36
57 53
57 60
57 61
57 62
57 66
57 70
57 74
57 83
57 86
57 91
57 94
57 100
57 103
57 105
57 106
57 112
57 117
58 1
58 10
58 17
58 18
58 20
58 26
58 34
58 36
58 37
58 39
58 40
58 50
58 55
58 62
58 76
58 78
58 84
58 85
58 87
58 93
58 97
58 98
58 101
58 107
58 119
59 1
59 3
59 4
59 11
59 13
59 22
59 29
59 30
59 33
59 38
59 47
59 56
59 60
59 66
59 67
59 68
59 72
59 77
59 84
59 104
59 112
59 113
59 115
59 116
59 118
60 4
60 10
60 13
60 19
60 21
60 29
60 51
60 52
60 53
60 54
60 59
60 62
60 69
60 70
60 73
60 74
60 75
60 78
60 85
60 86
60 88
60 98
60 99
60 105
60 106
60 110
60 113
61 3
61 4
61 32
61 35
61 39
61 40
61 45
61 56
61 68
61 72
61 81
61 82
61 86
61 109
61 113
61 116
61 119
62 1
62 4
62 7
62 11
62 15
62 21
62 26
62 28
62 30
62 48
62 50
62 55
62 58
62 68
62 70
62 85
62 86
62 87
62 90
62 93
62 95
62 106
62 119
63 0
63 10
63 18
63 20
63 23
63 28
63 30
63 32
63 33
63 35
63 58
63 59
63 75
63 76
63 78
63 85
63 97
63 116
63 118
64 0
64 3
64 12
64 14
64 23
64 25
64 33
64 34
64 37
64 41
64 44
64 48
64 69
64 79
64 80
64 85
64 97
64 106
64 113
65 17
65 24
65 27
65 30
65 32
65 48
65 50
65 58
65 59
65 64
65 67
65 69
65 78
65 80
65 92
65 96
65 97
65 108
65 112
65 113
65 118
65 119
66 1
66 6
66 8
66 10
66 11
66 20
66 30
66 32
66 35
66 37
66 45
66 63
66 74
66 77
66 81
66 82
66 89
66 93
66 95
66 104
66 115
66 118
66 119
67 10
67 15
67 18
67 26
67 31
67 35
67 37
67 39
67 41
67 48
67 49
67 53
67 54
67 56
67 59
67 70
67 75
67 79
67 85
67 90
67 91
67 96
67 98
67 105
67 109
67 110
67 111
67 113
68 7
68 12
68 14
68 17
68 19
68 21
68 24
68 27
68 30
68 31
68 37
68 38
68 42
68 71
68 72
68 74
68 92
68 94
68 99
68 100
68 111
68 115
68 116
69 1
69 11
69 23
69 35
69 46
69 60
69 71
69 72
69 76
69 84
69 90
69 95
69 98
69 109
69 111
69 117
70 3
70 9
70 15
70 22
70 26
70 29
70 33
70 43
70 45
70 50
70 52
70 55
70 56
70 63
70 72
70 86
70 94
70 102
70 107
70 108
70 112
70 113
71 4
71 11
71 14
71 19
71 29
71 30
71 31
71 34
71 42
71 44
71 46
71 49
71 50
71 63
71 64
71 65
71 66
71 73
71 78
71 82
71 85
71 90
71 104
71 106
71 115
71 117
72 3
72 4
72 12
72 13
72 25
72 30
72 33
72 35
72 38
72 60
72 64
72 67
72 74
72 78
72 81
72 87
72 91
72 92
72 95
72 99
72 100
72 112
72 113
72 119
73 5
73 7
73 11
73 29
73 30
73 36
73 38
73 44
73 53
73 76
73 81
73 84
73 86
73 89
73 93
73 97
73 99
73 100
73 101
73 105
73 118
74 2
74 4
74 7
74 9
74 10
74 12
74 13
74 14
74 15
74 22
74 24
74 26
74 28
74 35
74 36
74 40
74 43
74 59
74 65
74 79
74 86
74 88
74 93
74 97
74 107
74 111
74 115
74 116
75 2
75 3
75 4
75 10
75 12
75 13
75 14
75 16
75 23
75 34
75 36
75 42
75 53
75 66
75 67
75 68
75 77
75 78
75 81
75 82
75 84
75 85
75 89
75 92
75 100
75 101
75 102
75 109
75 111
75 113
76 4
76 17
76 26
76 29
76 34
76 37
76 41
76 43
76 46
76 58
76 60
76 62
76 65
76 66
76 84
76 88
76 92
76 96
76 99
76 101
76 107
77 1
77 2
77 9
77 11
77 14
77 21
77 31
77 43
77 47
77 48
77 54
77 56
77 59
77 63
77 64
77 69
77 72
77 78
77 80
77 84
77 91
77 98
77 101
77 104
77 106
77 108
77 110
77 111
77 116
78 1
78 5
78 8
78 9
78 16
78 17
78 18
78 30
78 33
78 35
78 36
78 38
78 42
78 48
78 51
78 52
78 54
78 56
78 57
78 59
78 61
78 66
78 67
78 87
78 88
78 92
78 95
78 98
78 101
78 103
78 105
78 106
78 108
78 113
78 114
78 118
79 1
79 8
79 11
79 13
79 14
79 17
79 20
79 22
79 27
79 28
79 34
79 39
79 51
79 53
79 54
79 58
79 60
79 69
79 71
79 82
79 84
79 93
79 96
79 102
79 110
79 112
79 117
80 0
80 5
80 8
80 9
80 17
80 19
80 26
80 35
80 39
80 40
80 46
80 55
80 65
80 70
80 81
80 84
80 100
80 102
80 103
80 113
80 114
80 118
80 119
81 3
81 6
81 10
81 15
81 23
81 29
81 31
81 42
81 43
81 53
81 61
81 62
81 69
81 71
81 76
81 78
81 85
81 88
81 95
81 102
81 104
81 109
81 114
82 1
82 9
82 12
82 22
82 23
82 26
82 35
82 37
82 43
82 54
82 62
82 63
82 65
82 66
82 68
82 73
82 76
82 78
82 83
82 85
82 92
82 103
82 105
82 109
82 114
83 5
83 7
83 8
83 10
83 13
83 16
83 20
83 21
83 28
83 29
83 30
83 35
83 47
83 61
83 65
83 68
83 69
83 74
83 80
83 88
83 102
83 106
83 107
83 108
84 1
84 2
84 5
84 7
84 9
84 11
84 12
84 13
84 18
84 21
84 26
84 31
84 33
84 43
84 44
84 48
84 50
84 61
84 63
84 67
84 68
84 86
84 89
84 98
84 100
84 107
84 108
84 111
84 116
85 3
85 8
85 16
85 17
85 20
85 26
85 27
85 40
85 42
85 44
85 49
85 61
85 67
85 68
85 71
85 73
85 75
85 89
85 96
85 97
85 103
85 104
85 107
85 108
85 111
85 112
85 116
85 119
86 0
86 3
86 9
86 14
86 24
86 36
86 46
86 48
86 52
86 53
86 57
86 73
86 88
86 91
86 99
86 104
86 105
86 114
87 3
87 4
87 9
87 17
87 18
87 19
87 29
87 38
87 41
87 48
87 54
87 62
87 65
87 77
87 81
87 90
87 93
87 94
87 100
87 104
87 119
88 8
88 9
88 23
88 24
88 36
88 37
88 43
88 45
88 47
88 48
88 62
88 67
88 73
88 76
88 80
88 83
88 87
88 94
88 95
88 106
88 109
88 113
88 115
89 11
89 17
89 27
89 30
89 40
89 44
89 45
89 51
89 52
89 57
89 67
89 83
89 84
89 93
89 95
89 102
89 104
89 105
89 111
89 115
89 116
90 12
90 13
90 26
90 30
90 31
90 40
90 44
90 48
90 49
90 50
90 68
90 69
90 77
90 79
90 81
90 83
90 84
90 85
90 96
90 102
90 112
91 4
91 12
91 19
91 28
91 29
91 48
91 52
91 60
91 62
91 68
91 72
91 74
91 83
91 87
91 88
91 90
91 98
91 104
91 105
91 114
91 119
92 1
92 2
92 7
92 20
92 33
92 39
92 46
92 48
92 50
92 55
92 57
92 71
92 72
92 74
92 79
92 83
92 85
92 94
92 96
92 99
92 104
92 112
92 116
93 3
93 10
93 22
93 30
93 33
93 35
93 41
93 42
93 43
93 45
93 51
93 52
93 54
93 60
93 65
93 66
93 67
93 69
93 78
93 80
93 81
93 85
93 97
93 98
93 101
93 103
93 105
93 107
94 6
94 12
94 13
94 16
94 19
94 27
94 31
94 36
94 42
94 51
94 55
94 60
94 62
94 72
94 83
94 84
94 86
94 92
94 93
94 96
94 97
94 101
94 104
94 106
94 109
94 114
94 117
95 1
95 5
95 12
95 13
95 14
95 17
95 27
95 34
95 35
95 38
95 43
95 49
95 60
95 78
95 81
95 83
95 86
95 97
95 101
95 102
95 104
95 105
95 107
95 109
95 110
95 117
96 1
96 15
96 26
96 29
96 30
96 31
96 45
96 48
96 50
96 55
96 63
96 66
96 72
96 74
96 75
96 82
96 86
96 87
96 88
96 94
96 95
96 98
96 99
96 100
96 104
96 108
96 110
96 116
97 2
97 3
97 5
97 6
97 7
97 12
97 20
97 30
97 33
97 37
97 38
97 52
97 54
97 72
97 73
97 77
97 87
97 99
97 102
97 116
98 1
98 2
98 4
98 10
98 13
98 14
98 21
98 22
98 39
98 41
98 45
98 48
98 57
98 79
98 81
98 84
98 86
98 87
98 94
98 101
98 102
98 117
99 3
99 4
99 5
99 6
99 8
99 12
99 17
99 21
99 29
99 31
99 32
99 35
99 45
99 58
99 64
99 65
99 71
99 79
99 81
99 87
99 91
99 93
99 111
99 119
100 5
100 16
100 18
100 21
100 30
100 38
100 43
100 44
100 55
100 56
100 60
100 70
100 78
100 79
100 84
100 85
100 88
100 93
100 104
100 117
100 118
101 0
101 3
101 8
101 11
101 13
101 25
101 30
101 32
101 37
101 40
101 44
101 53
101 54
101 62
101 71
101 78
101 82
101 85
101 100
101 106
101 116
101 119
102 0
102 5
102 15
102 19
102 33
102 35
102 42
102 44
102 55
102 59
102 84
102 86
102 90
102 92
102 94
102 96
102 98
102 99
102 105
102 109
102 112
102 113
102 115
103 4
103 7
103 8
103 16
103 18
103 19
103 23
103 24
103 25
103 31
103 34
103 53
103 54
103 75
103 77
103 80
103 82
103 84
103 94
103 98
103 99
103 105
103 111
103 118
104 12
104 13
104 31
104 32
104 33
104 40
104 42
104 46
104 47
104 51
104 52
104 55
104 56
104 65
104 69
104 75
104 76
104 84
104 88
104 91
104 96
104 98
104 100
104 102
104 105
104 108
104 111
104 114
104 117
105 4
105 9
105 12
105 14
105 17
105 18
105 22
105 25
105 31
105 46
105 52
105 68
105 75
105 82
105 83
105 86
105 89
105 90
105 91
105 92
105 101
105 109
105 117
106 0
106 1
106 13
106 27
106 36
106 37
106 38
106 39
106 41
106 42
106 44
106 47
106 60
106 65
106 70
106 71
106 73
106 74
106 77
106 83
106 90
106 93
106 100
106 104
106 105
106 108
106 114
106 115
106 118
107 2
107 5
107 17
107 25
107 29
107 30
107 34
107 39
107 41
107 52
107 56
107 70
107 85
107 90
107 103
108 7
108 10
108 12
108 13
108 17
108 26
108 27
108 35
108 43
108 44
108 45
108 48
108 52
108 53
108 59
108 61
108 79
108 86
108 105
108 106
108 107
108 112
108 115
108 116
109 1
109 8
109 13
109 22
109 25
109 33
109 34
109 44
109 48
109 55
109 62
109 79
109 82
109 85
109 86
109 88
109 92
109 93
109 95
109 97
109 101
109 106
109 114
109 115
109 116
109 118
110 1
110 7
110 10
110 17
110 19
110 35
110 36
110 46
110 47
110 57
110 59
110 63
110 66
110 69
110 71
110 74
110 75
110 78
110 87
110 91
110 94
110 97
110 98
110 100
110 102
110 103
110 106
110 111
110 118
110 119
111 3
111 4
111 9
111 10
111 18
111 20
111 22
111 23
111 36
111 38
111 52
111 59
111 74
111 78
111 105
112 13
112 22
112 23
112 24
112 30
112 35
112 42
112 63
112 68
112 70
112 72
112 73
112 83
112 84
112 89
112 90
112 91
112 92
112 93
112 104
112 106
112 110
113 2
113 3
113 10
113 15
113 18
113 21
113 22
113 24
113 33
113 37
113 40
113 42
113 44
113 57
113 70
113 71
113 72
113 75
113 82
113 83
113 88
113 90
113 98
113 102
113 103
113 109
113 110
113 112
114 5
114 6
114 19
114 21
114 30
114 48
114 52
114 57
114 61
114 68
114 71
114 72
114 81
114 82
114 83
114 84
114 87
114 89
114 104
114 118
115 0
115 1
115 4
115 8
115 18
115 21
115 29
115 41
115 45
115 52
115 54
115 68
115 85
115 87
115 92
115 94
115 107
115 116
115 118
116 12
116 23
116 25
116 27
116 28
116 34
116 37
116 45
116 55
116 57
116 65
116 66
116 69
116 70
116 73
116 75
116 79
116 81
116 95
116 96
116 100
116 103
116 104
116 109
116 117
117 3
117 5
117 7
117 8
117 14
117 15
117 49
117 57
117 64
117 70
117 73
117 79
117 90
117 94
117 97
117 104
117 107
117 110
117 111
118 7
118 13
118 15
118 18
118 30
118 36
118 39
118 49
118 57
118 66
118 67
118 70
118 71
118 73
118 76
118 81
118 88
118 92
118 102
118 109
118 110
118 113
119 0
119 4
119 6
119 14
119 16
119 22
119 23
119 34
119 39
119 41
119 46
119 48
119 51
119 53
119 56
119 57
119 59
119 66
119 77
119 79
119 86
119 88
119 92
119 93
119 95
119 96
119 100
119 115
