55
0 1
0 8
0 15
0 22
0 23
0 29
0 35
0 39
1 5
1 7
1 9
1 11
1 12
1 18
1 22
1 30
1 35
1 42
1 43
1 49
1 53
1 54
2 3
2 10
2 12
2 14
2 20
2 39
2 41
2 43
2 46
2 54
3 2
3 12
3 24
3 42
3 44
3 50
3 51
3 52
3 54
4 8
4 13
4 17
4 19
4 25
4 33
4 34
4 50
5 0
5 7
5 17
5 30
5 31
5 40
5 46
5 47
5 51
6 2
6 8
6 11
6 12
6 16
6 19
6 23
6 33
6 35
6 36
6 45
6 49
6 50
6 54
7 1
7 3
7 10
7 17
7 23
7 24
7 27
7 32
7 34
7 39
7 46
8 1
8 3
8 9
8 13
8 38
9 0
9 4
9 8
9 16
9 21
9 24
9 26
9 31
9 34
9 41
9 49
9 53
9 54
10 2
10 3
10 14
10 18
10 24
10 31
10 32
10 33
10 35
10 36
10 37
11 5
11 8
11 17
11 21
11 22
11 24
11 29
11 32
11 34
11 38
11 39
11 42
11 44
11 49
12 3
12 7
12 18
12 26
12 28
12 30
12 31
12 33
12 40
12 41
12 42
12 52
13 1
13 2
13 14
13 27
13 30
13 34
13 36
14 1
14 3
14 5
14 6
14 12
14 21
14 27
14 31
14 32
14 33
14 42
14 49
14 53
14 54
15 4
15 12
15 18
15 22
15 28
15 30
15 31
15 32
15 33
15 44
15 47
15 51
16 5
16 6
16 7
16 14
16 20
16 27
16 35
16 36
16 41
16 53
17 5
17 6
17 8
17 15
17 16
17 25
17 26
17 27
17 32
17 37
17 42
17 48
17 54
18 0
18 3
18 9
18 12
18 29
18 37
18 44
18 51
18 53
19 1
19 5
19 8
19 9
19 12
19 14
19 27
19 32
19 36
19 44
19 48
19 50
20 10
20 16
20 25
20 34
20 35
20 39
20 40
21 0
21 7
21 10
21 11
21 14
21 15
21 18
21 19
21 31
21 35
21 39
21 49
21 50
21 53
22 0
22 6
22 9
22 12
22 16
22 21
22 23
22 31
22 33
22 43
23 0
23 4
23 6
23 16
23 24
23 26
23 28
23 39
23 45
23 48
23 54
24 8
24 17
24 20
24 21
24 22
24 25
24 26
24 29
24 31
24 33
24 37
24 39
24 43
24 44
24 54
25 0
25 11
25 12
25 14
25 15
25 29
25 30
25 45
25 46
25 52
26 4
26 10
26 12
26 17
26 34
26 45
27 0
27 1
27 2
27 3
27 12
27 14
27 15
27 16
27 18
27 24
27 25
27 28
27 29
27 31
27 34
27 35
27 37
27 44
27 48
27 53
28 4
28 9
28 12
28 26
28 27
28 30
28 33
28 40
28 43
28 45
28 53
29 0
29 11
29 17
29 24
29 30
29 51
30 8
30 9
30 10
30 11
30 12
30 18
30 23
30 24
30 32
30 35
30 37
30 41
30 42
30 43
30 52
30 53
30 54
31 1
31 20
31 21
31 22
31 29
31 30
31 35
31 37
31 43
31 45
31 48
31 49
31 53
32 6
32 7
32 19
32 24
32 28
32 34
32 37
32 48
32 51
32 52
32 53
33 1
33 10
33 22
33 43
33 44
33 49
33 54
34 4
34 5
34 6
34 11
34 13
34 16
34 19
34 21
34 27
34 30
34 33
34 44
34 48
35 3
35 6
35 11
35 15
35 16
35 17
35 19
35 25
35 29
35 30
35 31
35 36
35 40
35 42
35 47
35 54
36 0
36 12
36 17
36 20
36 24
36 35
36 39
36 42
36 43
36 52
36 54
37 0
37 6
37 9
37 10
37 11
37 13
37 16
37 22
37 30
37 42
37 50
37 51
37 53
38 5
38 16
38 19
38 26
38 28
38 36
38 44
38 49
38 54
39 1
39 8
39 9
39 13
39 15
39 19
39 25
39 28
40 5
40 12
40 13
40 15
40 20
40 22
40 23
40 27
40 33
40 38
40 52
41 0
41 13
41 19
41 23
41 39
41 42
41 43
41 46
41 48
42 0
42 2
42 3
42 7
42 24
42 25
42 30
42 31
42 48
42 51
43 4
43 6
43 13
43 21
43 26
43 29
43 33
43 34
43 36
43 41
43 52
43 54
44 10
44 15
44 16
44 20
44 25
44 28
44 32
44 34
44 38
44 47
44 53
45 1
45 6
45 8
45 21
45 22
45 23
45 28
45 30
45 37
45 41
45 44
45 46
46 4
46 5
46 15
46 16
46 21
46 28
46 29
46 34
46 43
46 51
46 52
47 4
47 23
47 32
47 35
47 40
47 41
47 43
47 44
47 48
48 2
48 5
48 7
48 18
48 22
48 26
48 43
48 44
48 45
48 53
49 1
49 10
49 11
49 15
49 24
49 26
49 32
50 3
50 4
50 5
50 6
50 12
50 13
50 23
50 26
50 31
50 34
50 38
50 39
50 53
50 54
51 14
51 27
51 31
51 37
51 39
51 41
51 42
51 49
51 53
51 54
52 3
52 6
52 11
52 12
52 21
52 26
52 27
52 33
52 35
52 49
53 1
53 13
53 16
53 31
53 35
53 37
53 38
53 40
53 42
53 49
53 50
54 2
54 18
54 19
54 20
54 21
54 25
54 40
54 41
54 48
54 51
