170
0 5
0 6
0 13
0 31
0 36
0 37
0 39
0 45
0 49
0 52
0 54
0 55
0 63
0 65
0 68
0 69
0 70
0 71
0 74
0 78
0 87
0 90
0 97
0 98
0 104
0 106
0 107
0 108
0 115
0 117
0 118
0 121
0 122
0 128
0 129
0 135
0 137
0 142
0 143
0 144
0 147
0 150
0 153
0 158
0 162
0 163
1 0
1 3
1 12
1 18
1 20
1 26
1 30
1 32
1 49
1 57
1 65
1 72
1 73
1 77
1 78
1 80
1 81
1 83
1 84
1 92
1 100
1 101
1 102
1 119
1 126
1 129
1 130
1 140
1 144
1 152
1 164
2 14
2 15
2 17
2 18
2 24
2 32
2 37
2 40
2 44
2 50
2 51
2 58
2 60
2 66
2 72
2 74
2 79
2 85
2 87
2 89
2 91
2 92
2 93
2 96
2 98
2 104
2 106
2 107
2 110
2 114
2 126
2 131
2 133
2 140
2 141
2 145
2 149
2 164
3 2
3 5
3 7
3 9
3 11
3 12
3 16
3 20
3 25
3 27
3 28
3 30
3 44
3 47
3 49
3 57
3 66
3 67
3 73
3 78
3 79
3 87
3 107
3 109
3 114
3 118
3 124
3 130
3 136
3 137
3 140
3 141
3 143
3 146
3 147
3 163
4 0
4 3
4 7
4 8
4 9
4 11
4 21
4 25
4 43
4 45
4 53
4 60
4 65
4 69
4 76
4 91
4 94
4 107
4 108
4 114
4 119
4 129
4 130
4 133
4 142
4 156
4 159
4 162
5 0
5 3
5 4
5 9
5 16
5 18
5 22
5 24
5 26
5 40
5 44
5 45
5 54
5 56
5 59
5 68
5 69
5 72
5 75
5 83
5 84
5 89
5 97
5 103
5 105
5 110
5 123
5 130
5 136
5 138
5 141
5 143
5 144
5 158
5 163
5 167
5 168
6 8
6 10
6 25
6 40
6 43
6 45
6 46
6 52
6 62
6 68
6 74
6 89
6 91
6 96
6 101
6 103
6 105
6 108
6 117
6 121
6 128
6 132
6 134
6 135
6 142
6 143
6 144
6 145
6 148
6 149
6 157
6 161
6 163
6 169
7 4
7 5
7 6
7 12
7 14
7 17
7 22
7 26
7 37
7 39
7 42
7 43
7 44
7 56
7 57
7 64
7 70
7 74
7 83
7 96
7 102
7 105
7 116
7 121
7 128
7 132
7 136
7 137
7 144
7 148
7 157
7 160
7 164
7 167
8 2
8 5
8 7
8 9
8 13
8 19
8 21
8 24
8 29
8 32
8 36
8 37
8 58
8 68
8 80
8 81
8 84
8 87
8 91
8 99
8 104
8 110
8 121
8 122
8 123
8 125
8 127
8 132
8 141
8 147
8 149
8 157
8 162
8 163
9 5
9 15
9 16
9 24
9 31
9 32
9 34
9 39
9 42
9 48
9 56
9 58
9 63
9 66
9 69
9 71
9 72
9 73
9 79
9 80
9 83
9 88
9 99
9 118
9 131
9 132
9 133
9 137
9 138
9 141
9 151
9 155
9 159
9 164
10 2
10 3
10 17
10 18
10 24
10 25
10 36
10 43
10 45
10 50
10 70
10 72
10 73
10 74
10 78
10 79
10 90
10 92
10 94
10 96
10 101
10 103
10 105
10 107
10 110
10 112
10 113
10 117
10 122
10 129
10 131
10 132
10 136
10 142
10 149
10 150
10 153
10 163
10 167
10 169
11 6
11 31
11 32
11 51
11 57
11 73
11 75
11 83
11 84
11 87
11 89
11 91
11 100
11 101
11 102
11 103
11 105
11 115
11 125
11 128
11 132
11 134
11 136
11 140
11 142
11 144
11 148
11 149
11 150
11 153
11 154
11 155
11 160
11 162
11 169
12 2
12 3
12 5
12 7
12 21
12 23
12 33
12 34
12 36
12 41
12 44
12 45
12 46
12 60
12 62
12 66
12 71
12 86
12 87
12 100
12 102
12 106
12 110
12 111
12 122
12 136
12 140
12 143
12 144
12 154
12 162
13 2
13 3
13 9
13 16
13 18
13 26
13 40
13 43
13 48
13 50
13 56
13 68
13 71
13 73
13 77
13 80
13 81
13 104
13 111
13 115
13 120
13 122
13 124
13 126
13 128
13 129
13 135
13 136
13 139
13 159
13 163
14 0
14 1
14 11
14 13
14 24
14 36
14 37
14 41
14 43
14 50
14 53
14 72
14 78
14 92
14 98
14 111
14 113
14 117
14 123
14 132
14 142
14 147
14 150
14 151
14 153
14 165
14 169
15 1
15 2
15 3
15 5
15 6
15 10
15 11
15 13
15 19
15 20
15 29
15 30
15 33
15 34
15 36
15 37
15 40
15 55
15 60
15 62
15 78
15 82
15 84
15 86
15 88
15 90
15 100
15 109
15 110
15 112
15 113
15 116
15 117
15 120
15 122
15 124
15 127
15 130
15 131
15 135
15 137
15 138
15 139
15 143
15 148
15 149
15 158
15 166
15 167
15 168
15 169
16 1
16 7
16 10
16 18
16 19
16 26
16 28
16 39
16 44
16 58
16 62
16 64
16 66
16 67
16 68
16 77
16 93
16 95
16 97
16 103
16 108
16 110
16 113
16 118
16 121
16 123
16 124
16 127
16 135
16 136
16 138
16 140
16 145
16 160
16 165
17 0
17 4
17 9
17 11
17 28
17 30
17 33
17 34
17 35
17 38
17 55
17 60
17 62
17 63
17 68
17 70
17 75
17 78
17 86
17 91
17 98
17 105
17 116
17 118
17 120
17 130
17 132
17 137
17 147
17 150
17 153
17 156
18 0
18 4
18 6
18 7
18 13
18 27
18 30
18 32
18 47
18 48
18 55
18 56
18 66
18 70
18 73
18 86
18 89
18 90
18 92
18 95
18 101
18 107
18 111
18 112
18 121
18 123
18 125
18 135
18 155
18 156
18 158
18 165
18 168
19 7
19 9
19 10
19 14
19 24
19 26
19 28
19 29
19 32
19 36
19 45
19 47
19 56
19 58
19 60
19 63
19 76
19 78
19 80
19 81
19 84
19 88
19 94
19 97
19 98
19 114
19 122
19 126
19 133
19 142
19 146
19 147
19 158
19 166
19 167
20 2
20 14
20 16
20 28
20 42
20 55
20 56
20 59
20 63
20 65
20 68
20 85
20 89
20 93
20 95
20 100
20 101
20 103
20 115
20 116
20 119
20 136
20 137
20 140
20 146
20 150
20 157
20 160
20 164
20 166
20 167
21 2
21 8
21 14
21 29
21 30
21 31
21 37
21 40
21 43
21 47
21 52
21 55
21 59
21 62
21 64
21 65
21 66
21 68
21 69
21 72
21 74
21 77
21 79
21 84
21 85
21 89
21 94
21 100
21 115
21 119
21 120
21 129
21 135
21 139
21 142
21 153
21 154
21 157
21 162
21 163
21 166
21 167
22 1
22 2
22 20
22 21
22 31
22 32
22 34
22 45
22 53
22 56
22 57
22 60
22 66
22 67
22 70
22 74
22 81
22 82
22 84
22 101
22 104
22 105
22 127
22 129
22 135
22 138
22 139
22 148
22 156
22 157
22 163
22 164
23 5
23 9
23 14
23 21
23 24
23 27
23 31
23 32
23 35
23 42
23 43
23 50
23 55
23 57
23 59
23 62
23 68
23 74
23 77
23 80
23 83
23 85
23 87
23 89
23 95
23 99
23 101
23 106
23 112
23 114
23 123
23 127
23 132
23 145
23 150
23 152
23 157
23 161
23 164
24 1
24 4
24 9
24 15
24 19
24 25
24 34
24 42
24 44
24 49
24 50
24 52
24 55
24 57
24 60
24 80
24 83
24 85
24 99
24 101
24 103
24 107
24 108
24 114
24 118
24 127
24 132
24 134
24 136
24 137
24 147
25 1
25 19
25 34
25 35
25 36
25 59
25 74
25 78
25 79
25 83
25 91
25 92
25 102
25 106
25 108
25 110
25 114
25 115
25 116
25 130
25 131
25 134
25 136
25 137
25 149
25 151
25 153
25 155
25 156
25 164
25 167
26 0
26 2
26 10
26 16
26 17
26 21
26 23
26 25
26 29
26 31
26 33
26 38
26 50
26 54
26 66
26 68
26 70
26 74
26 78
26 84
26 87
26 89
26 103
26 106
26 107
26 109
26 113
26 116
26 119
26 131
26 141
26 144
26 148
26 153
26 156
26 158
26 161
26 168
27 0
27 3
27 8
27 9
27 11
27 22
27 31
27 33
27 45
27 46
27 48
27 51
27 52
27 56
27 57
27 58
27 59
27 63
27 69
27 73
27 74
27 75
27 77
27 82
27 97
27 102
27 103
27 109
27 117
27 120
27 122
27 125
27 127
27 129
27 134
27 137
27 139
27 150
27 151
27 155
27 161
27 168
27 169
28 8
28 12
28 15
28 26
28 29
28 33
28 38
28 40
28 44
28 46
28 48
28 49
28 54
28 55
28 56
28 59
28 62
28 73
28 76
28 80
28 90
28 93
28 97
28 102
28 106
28 108
28 120
28 121
28 123
28 127
28 133
28 138
28 143
28 150
28 151
28 156
28 158
28 161
28 162
28 164
28 165
28 166
29 5
29 9
29 21
29 44
29 45
29 49
29 50
29 51
29 54
29 66
29 67
29 70
29 75
29 95
29 100
29 112
29 122
29 126
29 127
29 128
29 135
29 137
29 144
29 145
29 148
29 149
29 153
29 156
29 159
29 162
30 1
30 10
30 23
30 24
30 25
30 36
30 41
30 42
30 44
30 45
30 46
30 58
30 66
30 69
30 70
30 75
30 80
30 94
30 95
30 109
30 111
30 112
30 122
30 128
30 129
30 145
30 147
30 150
30 154
30 158
30 161
30 165
30 167
31 4
31 7
31 8
31 9
31 10
31 22
31 26
31 41
31 60
31 75
31 77
31 81
31 82
31 86
31 88
31 90
31 94
31 95
31 99
31 100
31 103
31 107
31 109
31 111
31 114
31 115
31 120
31 124
31 127
31 133
31 134
31 142
31 144
31 146
31 150
31 156
31 161
31 164
31 165
31 168
32 3
32 8
32 13
32 17
32 19
32 20
32 27
32 28
32 34
32 40
32 42
32 61
32 74
32 75
32 77
32 80
32 85
32 86
32 88
32 101
32 105
32 107
32 108
32 124
32 125
32 130
32 136
32 137
32 141
32 142
32 144
32 146
32 148
32 150
32 153
32 162
32 165
33 14
33 22
33 25
33 31
33 32
33 48
33 50
33 60
33 61
33 63
33 64
33 66
33 69
33 74
33 76
33 82
33 90
33 92
33 96
33 108
33 113
33 116
33 117
33 119
33 120
33 122
33 142
33 144
33 147
33 156
33 161
33 168
34 3
34 17
34 24
34 26
34 28
34 37
34 39
34 42
34 45
34 50
34 53
34 57
34 65
34 69
34 73
34 77
34 82
34 87
34 89
34 91
34 94
34 96
34 103
34 106
34 107
34 109
34 117
34 121
34 129
34 131
34 134
34 136
34 141
34 149
34 163
34 164
34 165
35 1
35 3
35 7
35 9
35 16
35 25
35 28
35 41
35 48
35 51
35 57
35 58
35 60
35 61
35 65
35 76
35 84
35 88
35 90
35 92
35 94
35 95
35 96
35 99
35 103
35 119
35 130
35 131
35 132
35 133
35 138
35 145
35 161
35 166
36 5
36 7
36 12
36 16
36 21
36 26
36 27
36 31
36 34
36 35
36 47
36 54
36 60
36 66
36 70
36 76
36 87
36 90
36 92
36 97
36 98
36 99
36 102
36 104
36 105
36 113
36 116
36 126
36 127
36 128
36 133
36 139
36 163
36 168
37 3
37 6
37 11
37 12
37 13
37 14
37 15
37 21
37 22
37 23
37 30
37 31
37 42
37 54
37 56
37 65
37 68
37 69
37 72
37 75
37 83
37 91
37 93
37 98
37 107
37 121
37 123
37 129
37 130
37 136
37 139
37 152
37 153
38 3
38 5
38 10
38 16
38 18
38 20
38 22
38 27
38 32
38 35
38 36
38 37
38 43
38 48
38 49
38 52
38 54
38 58
38 60
38 63
38 68
38 72
38 76
38 78
38 81
38 82
38 85
38 88
38 92
38 103
38 106
38 111
38 116
38 121
38 124
38 129
38 130
38 134
38 138
38 139
38 140
38 142
38 143
38 147
38 154
38 161
38 163
38 164
38 168
39 10
39 14
39 17
39 22
39 29
39 31
39 33
39 35
39 40
39 48
39 51
39 57
39 72
39 76
39 81
39 89
39 93
39 97
39 98
39 103
39 104
39 106
39 110
39 112
39 115
39 117
39 118
39 133
39 135
39 136
39 139
39 141
39 143
39 145
39 163
40 0
40 4
40 6
40 10
40 12
40 15
40 23
40 29
40 31
40 34
40 44
40 48
40 49
40 50
40 52
40 53
40 58
40 60
40 68
40 70
40 72
40 75
40 78
40 84
40 86
40 92
40 93
40 96
40 98
40 100
40 104
40 109
40 119
40 129
40 142
40 151
40 153
40 157
40 159
40 162
41 3
41 8
41 22
41 39
41 42
41 44
41 51
41 55
41 59
41 63
41 65
41 66
41 71
41 74
41 75
41 79
41 104
41 107
41 111
41 119
41 132
41 137
41 141
41 142
41 147
41 152
41 155
41 158
41 160
41 164
42 3
42 13
42 19
42 24
42 32
42 36
42 47
42 56
42 57
42 59
42 61
42 64
42 66
42 75
42 77
42 81
42 85
42 91
42 94
42 95
42 96
42 109
42 116
42 122
42 126
42 143
42 144
42 151
42 152
42 160
42 163
42 169
43 1
43 8
43 12
43 20
43 24
43 26
43 33
43 34
43 36
43 40
43 51
43 55
43 62
43 68
43 72
43 75
43 84
43 88
43 103
43 104
43 106
43 109
43 114
43 120
43 124
43 131
43 133
43 140
43 142
43 144
43 162
43 166
43 169
44 0
44 1
44 17
44 21
44 22
44 23
44 25
44 26
44 30
44 34
44 36
44 41
44 43
44 47
44 49
44 51
44 56
44 65
44 69
44 70
44 73
44 93
44 94
44 97
44 108
44 110
44 115
44 118
44 119
44 131
44 138
44 145
44 147
44 148
44 154
44 155
44 160
44 163
44 167
45 17
45 36
45 40
45 50
45 51
45 60
45 73
45 74
45 79
45 100
45 102
45 104
45 106
45 108
45 109
45 114
45 115
45 122
45 123
45 129
45 132
45 139
45 144
45 147
45 156
45 161
45 164
45 167
46 3
46 4
46 10
46 12
46 17
46 18
46 30
46 44
46 50
46 52
46 74
46 87
46 89
46 93
46 96
46 99
46 101
46 106
46 112
46 129
46 134
46 135
46 142
46 148
46 154
46 159
47 10
47 14
47 18
47 19
47 20
47 21
47 23
47 34
47 35
47 56
47 65
47 70
47 78
47 84
47 92
47 97
47 98
47 99
47 103
47 119
47 121
47 128
47 131
47 135
47 138
47 139
47 140
47 151
47 153
47 154
47 157
47 159
47 164
47 165
47 168
47 169
48 5
48 6
48 13
48 21
48 26
48 39
48 45
48 46
48 52
48 54
48 66
48 69
48 73
48 74
48 76
48 79
48 81
48 87
48 90
48 92
48 100
48 102
48 103
48 104
48 105
48 111
48 120
48 121
48 125
48 126
48 134
48 135
48 136
48 141
48 148
48 150
49 1
49 2
49 3
49 10
49 12
49 18
49 25
49 29
49 38
49 44
49 46
49 55
49 66
49 68
49 84
49 88
49 94
49 96
49 98
49 104
49 107
49 109
49 115
49 128
49 129
49 132
49 141
49 145
49 146
49 167
49 169
50 1
50 7
50 8
50 9
50 13
50 17
50 28
50 31
50 34
50 53
50 61
50 66
50 74
50 83
50 92
50 94
50 98
50 99
50 106
50 121
50 131
50 134
50 148
50 156
50 160
50 165
50 166
50 169
51 2
51 7
51 15
51 19
51 22
51 28
51 35
51 42
51 50
51 52
51 57
51 61
51 66
51 72
51 73
51 79
51 86
51 87
51 90
51 102
51 109
51 118
51 122
51 128
51 129
51 133
51 140
51 150
51 155
51 160
51 165
51 167
51 168
52 0
52 1
52 3
52 5
52 7
52 10
52 13
52 14
52 15
52 16
52 17
52 20
52 21
52 29
52 37
52 40
52 51
52 61
52 77
52 84
52 86
52 97
52 99
52 101
52 104
52 106
52 116
52 117
52 118
52 126
52 127
52 128
52 138
52 139
52 140
52 151
52 161
52 167
53 2
53 3
53 8
53 13
53 18
53 22
53 24
53 28
53 30
53 31
53 33
53 36
53 46
53 54
53 58
53 59
53 60
53 64
53 71
53 73
53 77
53 84
53 87
53 89
53 91
53 92
53 93
53 94
53 97
53 98
53 99
53 104
53 114
53 123
53 125
53 127
53 131
53 147
53 152
53 169
54 19
54 21
54 24
54 39
54 48
54 57
54 62
54 71
54 75
54 83
54 90
54 97
54 101
54 120
54 123
54 125
54 126
54 130
54 134
54 139
54 143
54 150
54 152
54 154
54 159
54 162
55 8
55 10
55 28
55 36
55 46
55 50
55 59
55 66
55 67
55 69
55 70
55 76
55 84
55 85
55 86
55 91
55 97
55 107
55 112
55 114
55 115
55 118
55 136
55 140
55 146
55 151
55 152
55 157
55 159
55 160
55 163
55 166
56 3
56 4
56 7
56 8
56 17
56 26
56 37
56 43
56 54
56 57
56 60
56 62
56 63
56 79
56 95
56 97
56 103
56 108
56 112
56 114
56 116
56 125
56 139
56 142
56 143
56 146
56 151
56 156
56 157
57 2
57 7
57 23
57 34
57 39
57 41
57 42
57 45
57 46
57 50
57 51
57 52
57 60
57 62
57 65
57 66
57 87
57 90
57 92
57 95
57 99
57 105
57 110
57 115
57 118
57 121
57 126
57 128
57 132
57 133
57 139
57 159
57 160
57 163
57 165
57 166
58 7
58 11
58 16
58 24
58 26
58 30
58 31
58 39
58 47
58 54
58 57
58 64
58 66
58 68
58 71
58 78
58 81
58 88
58 94
58 105
58 107
58 109
58 110
58 126
58 139
58 146
58 147
58 153
58 155
58 159
59 1
59 5
59 14
59 29
59 32
59 44
59 48
59 61
59 62
59 63
59 65
59 67
59 84
59 100
59 113
59 114
59 117
59 119
59 120
59 124
59 131
59 132
59 135
59 143
59 149
59 153
59 154
59 165
59 169
60 1
60 5
60 9
60 12
60 20
60 25
60 26
60 34
60 36
60 43
60 47
60 50
60 52
60 53
60 56
60 59
60 65
60 73
60 74
60 76
60 79
60 82
60 83
60 84
60 89
60 90
60 93
60 102
60 106
60 108
60 117
60 121
60 124
60 128
60 138
60 142
60 146
60 148
60 150
60 154
60 159
60 162
61 4
61 11
61 16
61 19
61 24
61 26
61 29
61 30
61 40
61 42
61 48
61 51
61 52
61 53
61 69
61 89
61 91
61 92
61 93
61 95
61 96
61 97
61 102
61 108
61 109
61 111
61 112
61 114
61 115
61 116
61 118
61 120
61 122
61 123
61 128
61 129
61 136
61 144
61 147
61 152
61 153
61 156
62 4
62 14
62 22
62 25
62 35
62 36
62 37
62 41
62 42
62 45
62 48
62 58
62 59
62 61
62 63
62 65
62 67
62 75
62 76
62 85
62 87
62 93
62 96
62 99
62 107
62 116
62 121
62 123
62 137
62 142
62 145
62 149
62 152
62 157
62 160
62 163
63 15
63 16
63 18
63 21
63 23
63 28
63 39
63 42
63 44
63 56
63 60
63 61
63 64
63 67
63 68
63 74
63 81
63 86
63 87
63 88
63 96
63 97
63 99
63 101
63 104
63 111
63 116
63 117
63 120
63 125
63 127
63 128
63 132
63 134
63 136
63 144
63 163
63 165
64 6
64 10
64 15
64 17
64 18
64 26
64 31
64 32
64 34
64 36
64 39
64 41
64 46
64 47
64 49
64 54
64 55
64 61
64 62
64 68
64 89
64 92
64 95
64 98
64 105
64 106
64 110
64 118
64 119
64 120
64 121
64 126
64 128
64 129
64 138
64 142
64 143
64 144
64 157
64 163
65 3
65 6
65 13
65 15
65 20
65 24
65 27
65 29
65 37
65 48
65 54
65 56
65 62
65 63
65 66
65 71
65 72
65 75
65 76
65 78
65 84
65 88
65 94
65 95
65 100
65 115
65 116
65 117
65 123
65 124
65 129
65 130
65 136
65 149
65 151
65 153
66 4
66 10
66 11
66 14
66 20
66 36
66 53
66 57
66 60
66 64
66 65
66 74
66 82
66 85
66 93
66 108
66 120
66 121
66 124
66 126
66 129
66 133
66 136
66 145
66 152
66 155
66 160
66 161
66 164
67 3
67 13
67 17
67 29
67 31
67 37
67 44
67 53
67 59
67 61
67 72
67 73
67 76
67 77
67 84
67 90
67 94
67 95
67 107
67 109
67 114
67 116
67 122
67 124
67 126
67 134
67 137
67 138
67 143
67 144
67 151
67 160
67 161
67 163
68 9
68 12
68 17
68 19
68 21
68 34
68 54
68 55
68 59
68 63
68 67
68 69
68 71
68 75
68 81
68 83
68 85
68 86
68 97
68 111
68 113
68 117
68 118
68 122
68 124
68 130
68 139
68 140
68 144
68 152
68 154
68 169
69 1
69 8
69 9
69 15
69 16
69 18
69 23
69 25
69 26
69 29
69 35
69 36
69 43
69 54
69 61
69 72
69 82
69 89
69 94
69 95
69 102
69 104
69 110
69 112
69 128
69 132
69 133
69 144
69 145
69 148
69 150
69 156
69 160
69 163
69 166
69 167
70 9
70 10
70 18
70 21
70 30
70 33
70 36
70 39
70 40
70 41
70 44
70 48
70 58
70 62
70 73
70 77
70 78
70 87
70 90
70 91
70 96
70 100
70 102
70 105
70 120
70 121
70 123
70 126
70 129
70 130
70 132
70 137
70 142
70 143
70 144
70 146
70 149
70 152
70 154
70 157
70 160
71 0
71 18
71 21
71 24
71 39
71 48
71 49
71 53
71 56
71 58
71 61
71 81
71 89
71 90
71 104
71 111
71 126
71 131
71 133
71 134
71 147
71 149
71 151
71 155
71 157
71 160
71 164
71 166
71 167
72 2
72 9
72 10
72 12
72 16
72 19
72 29
72 46
72 48
72 53
72 54
72 56
72 63
72 69
72 107
72 112
72 114
72 132
72 134
72 135
72 136
72 138
72 148
72 159
72 161
72 162
73 3
73 16
73 21
73 33
73 37
73 51
73 53
73 60
73 62
73 84
73 100
73 104
73 110
73 116
73 128
73 129
73 131
73 141
73 147
73 152
73 153
73 161
73 162
73 164
73 169
74 1
74 2
74 12
74 22
74 26
74 28
74 29
74 32
74 35
74 36
74 37
74 40
74 43
74 46
74 49
74 56
74 58
74 61
74 75
74 87
74 98
74 100
74 103
74 112
74 125
74 131
74 132
74 135
74 136
74 142
74 151
74 155
74 160
74 163
75 2
75 3
75 4
75 13
75 16
75 17
75 22
75 25
75 41
75 42
75 48
75 50
75 52
75 55
75 56
75 65
75 66
75 68
75 71
75 80
75 98
75 101
75 120
75 126
75 131
75 144
75 145
75 151
75 160
75 162
75 165
76 0
76 3
76 4
76 6
76 8
76 11
76 18
76 19
76 22
76 24
76 34
76 38
76 41
76 51
76 54
76 56
76 59
76 60
76 61
76 65
76 85
76 88
76 95
76 97
76 99
76 101
76 105
76 106
76 111
76 121
76 123
76 125
76 138
76 140
76 142
76 143
76 144
76 145
76 149
76 150
76 157
76 159
76 163
76 166
77 2
77 10
77 14
77 17
77 18
77 19
77 20
77 22
77 24
77 36
77 37
77 38
77 44
77 46
77 48
77 56
77 57
77 59
77 60
77 64
77 66
77 86
77 87
77 88
77 89
77 90
77 94
77 97
77 98
77 99
77 103
77 109
77 110
77 115
77 121
77 131
77 135
77 137
77 139
77 141
77 142
77 146
77 155
77 156
77 161
77 162
77 163
77 166
78 1
78 4
78 12
78 20
78 21
78 32
78 34
78 40
78 51
78 53
78 54
78 59
78 62
78 72
78 80
78 81
78 82
78 91
78 97
78 98
78 107
78 114
78 121
78 129
78 132
78 138
78 139
78 140
78 152
78 155
78 161
78 162
78 163
78 166
79 10
79 11
79 14
79 15
79 23
79 25
79 27
79 29
79 32
79 34
79 37
79 38
79 41
79 57
79 68
79 82
79 85
79 94
79 100
79 119
79 120
79 124
79 125
79 127
79 135
79 138
79 139
79 142
79 143
79 146
79 151
79 157
79 160
79 164
79 169
80 0
80 7
80 15
80 32
80 35
80 36
80 43
80 47
80 53
80 58
80 61
80 69
80 83
80 90
80 91
80 94
80 97
80 99
80 105
80 117
80 120
80 137
80 138
80 139
80 141
80 146
80 148
80 149
80 154
80 161
80 168
81 6
81 8
81 11
81 13
81 17
81 18
81 34
81 37
81 40
81 45
81 46
81 51
81 53
81 65
81 73
81 79
81 101
81 103
81 104
81 105
81 128
81 138
81 156
81 166
82 1
82 3
82 8
82 12
82 13
82 16
82 18
82 25
82 26
82 28
82 34
82 35
82 47
82 57
82 60
82 61
82 66
82 68
82 69
82 70
82 71
82 76
82 105
82 117
82 127
82 128
82 133
82 138
82 141
82 148
82 150
82 153
82 156
82 161
82 165
82 167
82 168
83 0
83 5
83 12
83 17
83 25
83 27
83 40
83 49
83 51
83 52
83 56
83 62
83 65
83 67
83 76
83 84
83 91
83 102
83 104
83 120
83 129
83 134
83 137
83 138
83 139
83 140
83 146
83 147
83 150
83 152
83 153
83 162
83 163
83 167
83 168
84 2
84 5
84 6
84 13
84 14
84 16
84 20
84 21
84 23
84 31
84 42
84 53
84 64
84 78
84 80
84 89
84 93
84 95
84 96
84 97
84 106
84 112
84 116
84 121
84 122
84 128
84 138
84 140
84 141
84 149
84 151
84 152
84 167
84 168
85 0
85 4
85 5
85 29
85 36
85 40
85 43
85 50
85 54
85 56
85 59
85 61
85 66
85 67
85 72
85 77
85 78
85 81
85 83
85 86
85 96
85 97
85 112
85 114
85 115
85 117
85 121
85 125
85 130
85 141
85 144
85 148
85 151
85 159
85 160
85 163
85 165
86 2
86 5
86 13
86 15
86 25
86 28
86 29
86 30
86 38
86 39
86 47
86 48
86 52
86 59
86 60
86 61
86 65
86 66
86 73
86 78
86 79
86 81
86 94
86 95
86 97
86 98
86 102
86 104
86 111
86 114
86 121
86 124
86 127
86 138
86 151
86 153
86 154
86 160
86 168
87 1
87 5
87 10
87 18
87 22
87 25
87 28
87 31
87 46
87 50
87 58
87 60
87 78
87 84
87 108
87 109
87 112
87 129
87 131
87 140
87 142
87 143
87 145
87 146
87 151
87 152
87 159
87 168
88 0
88 1
88 4
88 11
88 13
88 16
88 21
88 22
88 23
88 33
88 38
88 39
88 43
88 50
88 64
88 70
88 73
88 76
88 77
88 78
88 80
88 81
88 83
88 91
88 93
88 98
88 101
88 103
88 111
88 113
88 118
88 121
88 129
88 131
88 134
88 139
88 141
88 142
88 150
88 159
88 161
88 166
88 167
89 0
89 1
89 2
89 10
89 12
89 14
89 21
89 22
89 27
89 33
89 42
89 46
89 49
89 51
89 54
89 59
89 64
89 72
89 73
89 76
89 84
89 88
89 90
89 95
89 98
89 100
89 103
89 105
89 108
89 111
89 119
89 135
89 139
89 144
89 146
89 147
89 162
90 3
90 13
90 14
90 25
90 34
90 35
90 39
90 45
90 54
90 65
90 66
90 77
90 81
90 83
90 88
90 89
90 95
90 104
90 106
90 112
90 128
90 134
90 142
90 147
90 150
90 151
90 152
90 153
90 157
90 164
91 8
91 12
91 23
91 25
91 29
91 35
91 37
91 39
91 40
91 43
91 46
91 54
91 56
91 60
91 61
91 62
91 64
91 85
91 89
91 94
91 96
91 106
91 113
91 120
91 121
91 125
91 127
91 128
91 129
91 132
91 136
91 138
91 141
91 142
91 150
91 152
91 154
91 158
91 161
91 164
91 168
92 2
92 3
92 8
92 15
92 23
92 24
92 27
92 29
92 35
92 39
92 41
92 47
92 51
92 57
92 62
92 109
92 111
92 121
92 122
92 134
92 135
92 136
92 149
92 154
92 160
92 163
93 3
93 6
93 7
93 19
93 20
93 21
93 27
93 30
93 31
93 33
93 46
93 58
93 61
93 63
93 65
93 68
93 70
93 72
93 75
93 78
93 89
93 91
93 101
93 103
93 104
93 105
93 106
93 112
93 114
93 116
93 122
93 126
93 128
93 133
93 139
93 147
93 150
93 162
93 167
93 169
94 0
94 2
94 3
94 4
94 5
94 14
94 24
94 30
94 31
94 41
94 47
94 49
94 54
94 58
94 73
94 74
94 78
94 83
94 84
94 103
94 104
94 118
94 128
94 146
94 151
94 153
94 154
94 156
94 166
94 167
94 168
95 4
95 9
95 10
95 11
95 30
95 43
95 44
95 55
95 56
95 62
95 69
95 72
95 81
95 82
95 83
95 97
95 99
95 102
95 104
95 106
95 111
95 113
95 121
95 126
95 127
95 132
95 133
95 141
95 142
95 147
95 149
95 150
95 151
95 155
95 157
95 159
95 163
96 0
96 8
96 10
96 13
96 24
96 27
96 29
96 30
96 38
96 48
96 51
96 53
96 60
96 61
96 66
96 67
96 74
96 81
96 89
96 101
96 103
96 108
96 118
96 119
96 120
96 124
96 126
96 129
96 139
96 145
96 148
96 150
97 3
97 6
97 8
97 9
97 10
97 15
97 21
97 22
97 23
97 28
97 34
97 35
97 36
97 38
97 45
97 51
97 52
97 53
97 58
97 62
97 63
97 64
97 65
97 66
97 74
97 83
97 84
97 89
97 93
97 94
97 96
97 103
97 124
97 125
97 135
97 136
97 137
97 139
97 157
98 3
98 5
98 11
98 12
98 19
98 20
98 30
98 35
98 36
98 42
98 45
98 47
98 56
98 57
98 58
98 60
98 64
98 73
98 89
98 99
98 103
98 104
98 121
98 146
98 148
98 155
98 158
98 161
98 163
98 164
98 167
99 0
99 5
99 6
99 22
99 25
99 33
99 38
99 47
99 52
99 61
99 70
99 71
99 72
99 80
99 82
99 87
99 90
99 97
99 117
99 122
99 132
99 133
99 136
99 140
99 144
99 146
99 147
99 148
99 154
99 158
99 159
99 160
100 5
100 9
100 25
100 34
100 52
100 56
100 59
100 67
100 70
100 81
100 89
100 90
100 91
100 93
100 98
100 106
100 111
100 114
100 117
100 126
100 129
100 130
100 135
100 136
100 150
100 151
100 155
100 158
100 159
100 162
100 165
100 167
100 168
100 169
101 0
101 2
101 7
101 8
101 13
101 24
101 29
101 36
101 41
101 44
101 47
101 50
101 57
101 58
101 66
101 70
101 85
101 92
101 100
101 114
101 117
101 121
101 132
101 137
101 139
101 142
101 163
102 6
102 7
102 8
102 14
102 18
102 19
102 22
102 24
102 30
102 37
102 39
102 45
102 47
102 66
102 69
102 71
102 79
102 83
102 86
102 88
102 89
102 90
102 100
102 101
102 108
102 110
102 115
102 117
102 118
102 122
102 125
102 127
102 128
102 131
102 132
102 142
102 146
102 147
102 151
102 152
102 153
102 154
102 156
102 159
102 164
103 1
103 13
103 22
103 34
103 40
103 42
103 50
103 53
103 63
103 64
103 72
103 75
103 85
103 88
103 104
103 106
103 108
103 114
103 117
103 124
103 129
103 137
103 138
103 141
103 146
103 150
103 152
103 167
103 169
104 0
104 2
104 4
104 5
104 6
104 7
104 14
104 17
104 21
104 22
104 35
104 36
104 49
104 52
104 57
104 58
104 59
104 64
104 79
104 84
104 87
104 88
104 97
104 110
104 112
104 115
104 117
104 120
104 121
104 123
104 124
104 128
104 131
104 137
104 143
104 146
104 153
104 156
104 158
105 8
105 13
105 16
105 20
105 23
105 42
105 44
105 63
105 65
105 72
105 76
105 77
105 81
105 90
105 93
105 94
105 100
105 101
105 107
105 115
105 117
105 120
105 121
105 129
105 130
105 135
105 138
105 144
105 149
105 155
105 157
105 159
106 1
106 8
106 17
106 23
106 24
106 25
106 28
106 35
106 37
106 43
106 46
106 49
106 51
106 53
106 59
106 61
106 62
106 65
106 70
106 71
106 83
106 84
106 86
106 88
106 89
106 93
106 95
106 102
106 108
106 109
106 118
106 126
106 130
106 134
106 135
106 151
106 156
106 161
106 163
107 2
107 11
107 16
107 22
107 23
107 27
107 30
107 33
107 37
107 48
107 52
107 57
107 64
107 85
107 88
107 95
107 106
107 118
107 119
107 134
107 136
107 137
107 140
107 144
107 145
107 147
107 150
107 156
107 158
107 162
107 166
107 168
108 2
108 14
108 16
108 18
108 24
108 33
108 37
108 39
108 42
108 46
108 51
108 62
108 66
108 68
108 73
108 80
108 81
108 84
108 87
108 91
108 92
108 94
108 117
108 120
108 131
108 133
108 134
108 139
108 154
108 166
109 7
109 8
109 10
109 12
109 14
109 16
109 17
109 18
109 21
109 28
109 29
109 34
109 39
109 43
109 46
109 47
109 49
109 52
109 57
109 59
109 60
109 66
109 73
109 91
109 100
109 111
109 115
109 119
109 126
109 128
109 129
109 142
109 143
109 144
109 146
109 156
109 157
109 167
110 5
110 14
110 15
110 24
110 36
110 37
110 41
110 45
110 49
110 78
110 82
110 84
110 89
110 91
110 92
110 94
110 97
110 99
110 109
110 114
110 118
110 122
110 124
110 128
110 132
110 140
110 144
110 149
110 150
110 151
110 153
110 155
110 160
110 161
110 164
111 3
111 12
111 15
111 37
111 39
111 41
111 44
111 53
111 57
111 58
111 85
111 86
111 89
111 97
111 105
111 109
111 115
111 131
111 139
111 145
111 149
111 150
111 152
111 156
111 161
111 169
112 5
112 7
112 8
112 11
112 18
112 19
112 25
112 26
112 43
112 46
112 51
112 59
112 62
112 69
112 73
112 84
112 87
112 91
112 92
112 95
112 98
112 99
112 101
112 102
112 104
112 110
112 114
112 115
112 118
112 126
112 136
112 159
112 160
112 167
113 9
113 14
113 22
113 28
113 37
113 41
113 44
113 45
113 47
113 48
113 53
113 78
113 81
113 87
113 95
113 102
113 104
113 105
113 107
113 109
113 115
113 117
113 119
113 124
113 125
113 136
113 137
113 141
113 143
113 145
113 146
113 150
113 152
113 153
113 154
113 160
113 167
114 4
114 8
114 9
114 22
114 23
114 30
114 44
114 46
114 55
114 57
114 69
114 82
114 88
114 89
114 92
114 100
114 104
114 119
114 122
114 139
114 142
114 149
114 151
114 157
114 158
114 162
114 165
115 0
115 6
115 12
115 14
115 23
115 33
115 37
115 40
115 52
115 65
115 66
115 72
115 75
115 87
115 90
115 93
115 94
115 97
115 100
115 103
115 107
115 108
115 117
115 118
115 125
115 127
115 132
115 138
115 159
115 162
115 164
115 166
116 3
116 7
116 13
116 14
116 30
116 31
116 32
116 41
116 43
116 49
116 57
116 63
116 70
116 72
116 73
116 78
116 79
116 87
116 88
116 92
116 95
116 103
116 109
116 112
116 126
116 127
116 133
116 137
116 147
116 151
116 152
116 154
117 3
117 7
117 22
117 25
117 29
117 34
117 42
117 58
117 60
117 65
117 75
117 76
117 77
117 78
117 81
117 89
117 99
117 107
117 108
117 111
117 132
117 135
117 136
117 141
117 147
117 151
117 157
118 1
118 2
118 6
118 7
118 11
118 14
118 19
118 26
118 27
118 31
118 44
118 63
118 69
118 72
118 81
118 89
118 92
118 96
118 104
118 112
118 119
118 124
118 133
118 139
118 145
118 146
118 154
118 157
118 158
118 162
118 167
119 9
119 11
119 18
119 19
119 36
119 37
119 41
119 42
119 44
119 46
119 51
119 59
119 61
119 67
119 71
119 76
119 79
119 88
119 89
119 103
119 108
119 111
119 113
119 118
119 123
119 131
119 139
119 150
119 163
119 167
120 13
120 24
120 33
120 38
120 42
120 47
120 51
120 61
120 70
120 72
120 75
120 79
120 80
120 83
120 90
120 91
120 97
120 99
120 105
120 107
120 109
120 112
120 115
120 117
120 121
120 123
120 128
120 132
120 138
120 144
120 155
120 166
121 0
121 3
121 5
121 11
121 15
121 19
121 20
121 21
121 23
121 37
121 42
121 47
121 50
121 56
121 63
121 64
121 65
121 89
121 98
121 101
121 102
121 105
121 109
121 117
121 123
121 126
121 127
121 137
121 141
121 145
121 155
121 165
122 2
122 4
122 5
122 12
122 16
122 30
122 37
122 44
122 46
122 51
122 54
122 58
122 63
122 68
122 70
122 71
122 76
122 93
122 100
122 110
122 113
122 114
122 119
122 123
122 125
122 127
122 129
122 130
122 133
122 143
122 147
122 157
122 169
123 0
123 12
123 15
123 24
123 38
123 41
123 46
123 47
123 53
123 57
123 58
123 59
123 76
123 87
123 93
123 96
123 118
123 120
123 125
123 131
123 138
123 140
123 165
124 0
124 2
124 3
124 10
124 12
124 14
124 20
124 22
124 24
124 31
124 37
124 39
124 51
124 53
124 58
124 61
124 63
124 66
124 83
124 95
124 100
124 101
124 108
124 112
124 114
124 117
124 118
124 121
124 125
124 130
124 131
124 136
124 137
124 155
124 156
124 164
125 7
125 8
125 17
125 41
125 45
125 57
125 63
125 66
125 75
125 77
125 87
125 88
125 89
125 95
125 98
125 100
125 104
125 108
125 118
125 121
125 128
125 131
125 139
125 140
125 151
125 152
125 156
125 160
125 165
126 2
126 8
126 10
126 14
126 16
126 17
126 21
126 29
126 40
126 41
126 44
126 45
126 56
126 60
126 62
126 68
126 69
126 76
126 79
126 88
126 96
126 98
126 108
126 109
126 113
126 125
126 136
126 137
126 138
126 139
126 144
126 146
126 156
126 159
126 162
127 14
127 15
127 16
127 17
127 18
127 19
127 24
127 26
127 27
127 29
127 32
127 39
127 46
127 52
127 55
127 62
127 63
127 65
127 66
127 68
127 69
127 75
127 82
127 89
127 91
127 102
127 109
127 115
127 126
127 133
127 135
127 136
127 144
127 155
127 168
128 11
128 13
128 16
128 18
128 24
128 25
128 27
128 39
128 44
128 45
128 50
128 51
128 52
128 53
128 59
128 68
128 69
128 70
128 73
128 79
128 92
128 93
128 96
128 102
128 105
128 108
128 109
128 110
128 122
128 123
128 137
128 139
128 145
128 150
128 156
128 158
128 161
128 162
128 169
129 7
129 9
129 10
129 11
129 15
129 35
129 39
129 41
129 43
129 48
129 54
129 56
129 58
129 63
129 85
129 87
129 102
129 108
129 110
129 111
129 114
129 117
129 123
129 131
129 138
129 147
129 151
129 152
129 157
129 158
129 159
130 0
130 7
130 8
130 9
130 19
130 23
130 24
130 25
130 30
130 43
130 44
130 45
130 46
130 52
130 53
130 54
130 62
130 64
130 87
130 90
130 101
130 107
130 116
130 120
130 135
130 139
130 143
130 152
130 163
130 164
130 165
130 167
130 169
131 1
131 3
131 14
131 20
131 24
131 29
131 30
131 32
131 34
131 37
131 44
131 45
131 47
131 60
131 64
131 66
131 73
131 78
131 82
131 89
131 91
131 92
131 98
131 101
131 103
131 112
131 113
131 114
131 117
131 118
131 124
131 136
131 137
131 139
131 143
131 152
131 156
131 158
131 167
132 1
132 2
132 7
132 8
132 11
132 22
132 25
132 31
132 36
132 38
132 57
132 63
132 65
132 67
132 73
132 74
132 84
132 87
132 90
132 96
132 98
132 106
132 111
132 115
132 118
132 125
132 135
132 137
132 142
132 147
132 153
132 161
132 169
133 4
133 6
133 9
133 12
133 13
133 18
133 19
133 27
133 32
133 36
133 39
133 46
133 53
133 54
133 59
133 60
133 62
133 64
133 72
133 78
133 80
133 81
133 87
133 92
133 99
133 114
133 116
133 121
133 128
133 131
133 136
133 139
133 143
133 144
133 146
133 150
133 158
134 2
134 13
134 22
134 25
134 26
134 29
134 35
134 36
134 47
134 54
134 56
134 64
134 71
134 83
134 84
134 93
134 96
134 100
134 105
134 106
134 109
134 117
134 120
134 132
134 133
134 136
134 145
134 151
134 153
134 162
134 169
135 2
135 5
135 10
135 22
135 46
135 49
135 50
135 54
135 56
135 60
135 72
135 78
135 94
135 96
135 102
135 104
135 124
135 125
135 130
135 131
135 133
135 148
135 153
135 162
135 164
135 166
136 3
136 13
136 19
136 23
136 28
136 29
136 33
136 34
136 37
136 39
136 42
136 46
136 58
136 63
136 70
136 72
136 86
136 90
136 98
136 100
136 114
136 115
136 120
136 125
136 133
136 143
136 154
136 156
136 157
136 163
136 165
137 3
137 4
137 7
137 14
137 22
137 25
137 26
137 29
137 31
137 35
137 36
137 37
137 51
137 54
137 59
137 69
137 74
137 75
137 79
137 83
137 88
137 92
137 94
137 99
137 106
137 107
137 110
137 113
137 114
137 117
137 127
137 130
137 140
137 141
137 143
137 167
138 2
138 3
138 9
138 23
138 31
138 33
138 38
138 40
138 43
138 46
138 48
138 54
138 60
138 63
138 71
138 73
138 83
138 89
138 91
138 95
138 108
138 111
138 112
138 114
138 118
138 121
138 126
138 131
138 134
138 141
138 142
138 151
138 167
138 168
138 169
139 4
139 5
139 28
139 30
139 36
139 38
139 41
139 50
139 54
139 55
139 72
139 79
139 81
139 86
139 92
139 98
139 105
139 106
139 107
139 110
139 123
139 127
139 129
139 130
139 131
139 134
139 136
139 140
139 141
139 146
139 156
139 161
139 166
140 10
140 12
140 14
140 17
140 25
140 31
140 33
140 34
140 35
140 37
140 38
140 42
140 49
140 51
140 52
140 64
140 67
140 72
140 79
140 81
140 86
140 100
140 103
140 119
140 120
140 128
140 131
140 137
140 138
140 139
140 146
140 148
140 154
140 161
140 162
140 163
140 165
141 0
141 4
141 8
141 15
141 18
141 22
141 24
141 28
141 30
141 37
141 50
141 54
141 65
141 67
141 69
141 73
141 75
141 82
141 90
141 91
141 93
141 97
141 100
141 102
141 104
141 109
141 110
141 115
141 119
141 126
141 132
141 139
141 143
141 155
141 156
141 157
141 160
141 165
142 2
142 15
142 16
142 20
142 30
142 31
142 32
142 34
142 38
142 43
142 44
142 50
142 55
142 63
142 64
142 77
142 78
142 83
142 87
142 90
142 97
142 100
142 104
142 114
142 121
142 127
142 136
142 137
143 9
143 14
143 17
143 21
143 32
143 42
143 43
143 46
143 51
143 56
143 57
143 68
143 70
143 75
143 80
143 82
143 90
143 94
143 95
143 96
143 97
143 101
143 111
143 114
143 116
143 117
143 121
143 126
143 128
143 130
143 135
143 148
143 149
143 152
143 153
143 156
143 166
144 3
144 9
144 13
144 14
144 15
144 16
144 31
144 35
144 38
144 40
144 42
144 44
144 51
144 57
144 62
144 63
144 75
144 76
144 81
144 84
144 88
144 91
144 98
144 100
144 113
144 120
144 125
144 136
144 139
144 140
144 150
144 159
145 2
145 4
145 6
145 7
145 13
145 15
145 16
145 18
145 45
145 52
145 56
145 58
145 69
145 72
145 73
145 77
145 80
145 100
145 102
145 109
145 117
145 121
145 123
145 125
145 129
145 134
145 142
145 147
145 154
145 169
146 3
146 4
146 12
146 13
146 19
146 21
146 32
146 43
146 46
146 60
146 61
146 69
146 76
146 79
146 81
146 83
146 98
146 100
146 101
146 102
146 106
146 110
146 117
146 118
146 123
146 129
146 132
146 136
146 138
146 148
146 152
146 153
146 160
146 163
146 166
146 169
147 8
147 10
147 12
147 19
147 32
147 37
147 38
147 42
147 47
147 68
147 76
147 77
147 90
147 97
147 98
147 101
147 115
147 117
147 119
147 123
147 124
147 128
147 129
147 131
147 132
147 135
147 141
147 144
147 154
147 167
148 3
148 4
148 5
148 6
148 12
148 16
148 22
148 26
148 27
148 34
148 48
148 49
148 51
148 55
148 59
148 60
148 65
148 82
148 86
148 89
148 90
148 95
148 96
148 98
148 100
148 105
148 107
148 108
148 113
148 114
148 117
148 120
148 121
148 122
148 146
148 147
148 150
148 153
148 157
148 158
148 161
148 164
148 165
148 166
149 1
149 6
149 9
149 13
149 44
149 45
149 52
149 62
149 63
149 64
149 65
149 68
149 71
149 73
149 103
149 104
149 110
149 111
149 115
149 129
149 137
149 142
149 144
149 156
149 159
149 165
150 3
150 7
150 9
150 16
150 17
150 22
150 23
150 24
150 28
150 38
150 53
150 62
150 67
150 72
150 73
150 76
150 86
150 93
150 94
150 95
150 99
150 117
150 118
150 124
150 132
150 138
150 146
150 148
150 162
150 166
150 168
150 169
151 2
151 15
151 19
151 20
151 22
151 25
151 28
151 29
151 30
151 32
151 34
151 35
151 36
151 38
151 41
151 48
151 60
151 63
151 67
151 75
151 83
151 93
151 94
151 96
151 98
151 106
151 108
151 118
151 132
151 133
151 135
151 138
151 139
151 142
151 148
151 150
151 157
151 159
151 162
151 166
152 1
152 14
152 24
152 26
152 29
152 41
152 47
152 51
152 57
152 65
152 75
152 76
152 78
152 81
152 110
152 114
152 116
152 117
152 121
152 133
152 135
152 140
152 155
152 158
152 166
153 3
153 8
153 9
153 14
153 20
153 27
153 34
153 43
153 49
153 68
153 70
153 71
153 72
153 82
153 88
153 89
153 96
153 98
153 101
153 102
153 103
153 107
153 109
153 117
153 128
153 144
153 157
153 159
153 168
154 4
154 18
154 25
154 31
154 37
154 43
154 44
154 45
154 46
154 53
154 54
154 55
154 58
154 62
154 73
154 75
154 77
154 79
154 85
154 86
154 87
154 88
154 91
154 92
154 95
154 96
154 98
154 102
154 105
154 106
154 107
154 109
154 113
154 115
154 117
154 120
154 126
154 127
154 130
154 134
154 151
154 157
154 161
154 169
155 0
155 8
155 13
155 14
155 15
155 17
155 22
155 24
155 27
155 29
155 36
155 37
155 43
155 49
155 50
155 60
155 61
155 62
155 65
155 67
155 74
155 84
155 89
155 94
155 98
155 99
155 104
155 111
155 112
155 114
155 117
155 119
155 126
155 128
155 134
155 138
155 140
155 141
155 144
155 148
155 153
155 159
155 168
155 169
156 0
156 8
156 12
156 17
156 19
156 21
156 23
156 29
156 40
156 46
156 53
156 57
156 60
156 63
156 67
156 68
156 71
156 83
156 86
156 91
156 93
156 96
156 102
156 105
156 113
156 115
156 116
156 118
156 120
156 126
156 127
156 139
156 140
156 143
156 144
156 151
156 157
156 159
156 161
156 162
156 166
157 5
157 25
157 27
157 30
157 34
157 35
157 42
157 44
157 46
157 49
157 57
157 61
157 64
157 74
157 84
157 100
157 102
157 106
157 109
157 115
157 126
157 135
157 136
157 146
157 152
157 153
157 154
157 169
158 0
158 5
158 10
158 11
158 16
158 20
158 25
158 36
158 37
158 42
158 45
158 60
158 62
158 64
158 65
158 71
158 72
158 73
158 79
158 80
158 81
158 102
158 103
158 106
158 110
158 117
158 119
158 142
158 144
158 149
158 150
158 151
158 156
158 160
158 162
158 164
159 2
159 5
159 10
159 14
159 20
159 21
159 24
159 27
159 32
159 42
159 43
159 45
159 46
159 59
159 63
159 65
159 69
159 76
159 78
159 80
159 84
159 103
159 125
159 128
159 130
159 133
159 135
159 143
159 147
159 155
159 156
159 158
159 161
160 1
160 16
160 26
160 27
160 35
160 62
160 70
160 72
160 75
160 77
160 78
160 83
160 85
160 88
160 91
160 93
160 107
160 108
160 115
160 121
160 128
160 129
160 135
160 141
160 142
160 144
160 148
160 153
160 163
161 3
161 5
161 8
161 9
161 14
161 17
161 19
161 23
161 30
161 55
161 58
161 59
161 71
161 72
161 78
161 80
161 84
161 89
161 95
161 99
161 109
161 118
161 120
161 121
161 123
161 125
161 133
161 134
161 145
161 151
161 168
161 169
162 0
162 1
162 5
162 12
162 18
162 19
162 20
162 24
162 25
162 36
162 41
162 46
162 53
162 54
162 68
162 70
162 73
162 78
162 83
162 84
162 86
162 87
162 100
162 108
162 112
162 113
162 115
162 117
162 118
162 126
162 134
162 137
162 143
162 150
162 153
162 154
162 157
162 161
162 163
163 0
163 3
163 5
163 6
163 11
163 18
163 20
163 21
163 23
163 31
163 36
163 40
163 43
163 49
163 53
163 56
163 63
163 65
163 74
163 88
163 90
163 99
163 100
163 114
163 117
163 119
163 120
163 125
163 129
163 130
163 135
163 138
163 141
163 153
163 155
163 156
163 157
163 159
163 165
163 166
163 168
164 0
164 2
164 14
164 21
164 33
164 39
164 40
164 48
164 58
164 60
164 62
164 63
164 67
164 68
164 70
164 73
164 75
164 76
164 77
164 87
164 95
164 97
164 98
164 101
164 106
164 113
164 126
164 135
164 137
164 143
164 144
164 146
164 150
164 160
165 0
165 2
165 3
165 4
165 6
165 9
165 17
165 25
165 41
165 44
165 46
165 48
165 51
165 53
165 59
165 63
165 64
165 67
165 68
165 76
165 78
165 94
165 113
165 123
165 127
165 130
165 131
165 132
165 136
165 137
165 139
165 140
165 142
165 146
165 147
165 148
165 151
165 163
165 164
165 166
166 0
166 4
166 7
166 18
166 21
166 26
166 27
166 31
166 32
166 33
166 34
166 35
166 36
166 38
166 43
166 46
166 50
166 55
166 65
166 67
166 71
166 76
166 79
166 82
166 84
166 86
166 90
166 94
166 101
166 104
166 105
166 107
166 109
166 112
166 115
166 134
166 139
166 142
166 147
166 151
166 162
167 5
167 11
167 17
167 20
167 21
167 23
167 27
167 28
167 35
167 40
167 47
167 56
167 57
167 60
167 66
167 72
167 73
167 79
167 105
167 107
167 113
167 115
167 121
167 124
167 125
167 127
167 129
167 136
167 139
167 141
168 7
168 10
168 13
168 15
168 21
168 24
168 31
168 34
168 43
168 46
168 48
168 51
168 52
168 59
168 61
168 63
168 67
168 75
168 77
168 82
168 83
168 88
168 91
168 101
168 104
168 108
168 124
168 126
168 128
168 132
168 133
168 134
168 136
168 140
168 145
168 147
168 150
168 153
169 4
169 32
169 33
169 37
169 43
169 46
169 48
169 53
169 64
169 70
169 71
169 72
169 78
169 82
169 98
169 103
169 105
169 106
169 109
169 112
169 117
169 123
169 127
169 137
169 146
169 158
169 159
169 161
169 163
169 165
