130
0 7
0 19
0 26
0 35
0 40
0 46
0 48
0 51
0 62
0 69
0 77
0 78
0 88
0 101
0 111
0 120
1 2
1 4
1 6
1 11
1 13
1 22
1 32
1 33
1 55
1 57
1 63
1 65
1 70
1 77
1 80
1 86
1 87
1 89
1 91
1 93
1 100
1 101
1 104
1 111
1 116
1 118
1 122
1 126
1 128
2 0
2 4
2 5
2 9
2 14
2 15
2 22
2 28
2 29
2 41
2 45
2 47
2 49
2 78
2 82
2 89
2 91
2 100
2 104
2 114
2 121
2 123
3 0
3 4
3 9
3 10
3 22
3 27
3 28
3 49
3 51
3 53
3 56
3 57
3 62
3 69
3 70
3 74
3 75
3 78
3 83
3 87
3 89
3 95
3 96
3 103
3 104
3 106
3 108
3 114
3 116
3 117
3 118
3 122
3 123
3 124
4 5
4 11
4 12
4 16
4 17
4 18
4 26
4 30
4 32
4 39
4 43
4 50
4 52
4 54
4 58
4 59
4 60
4 62
4 64
4 68
4 77
4 79
4 81
4 88
4 95
4 105
4 108
4 112
4 113
4 122
4 125
4 128
4 129
5 8
5 12
5 14
5 25
5 29
5 30
5 32
5 36
5 37
5 45
5 55
5 56
5 74
5 79
5 82
5 84
5 91
5 94
5 95
5 96
5 97
5 99
5 122
5 124
6 10
6 15
6 16
6 23
6 30
6 37
6 46
6 54
6 57
6 60
6 70
6 73
6 82
6 91
6 97
6 105
6 109
6 112
6 126
6 129
7 2
7 4
7 18
7 26
7 31
7 33
7 35
7 36
7 37
7 41
7 42
7 44
7 48
7 51
7 54
7 61
7 64
7 70
7 71
7 81
7 86
7 88
7 91
7 92
7 93
7 96
7 97
7 102
7 117
7 118
7 120
7 121
7 123
7 127
7 129
8 2
8 6
8 15
8 16
8 27
8 34
8 37
8 39
8 40
8 45
8 52
8 63
8 68
8 70
8 73
8 74
8 84
8 85
8 88
8 102
8 103
8 105
8 106
8 112
8 113
8 116
8 126
9 3
9 12
9 15
9 16
9 20
9 27
9 31
9 33
9 35
9 38
9 42
9 55
9 57
9 61
9 69
9 75
9 76
9 85
9 88
9 91
9 93
9 113
9 120
9 126
10 0
10 12
10 15
10 16
10 19
10 21
10 23
10 26
10 27
10 31
10 35
10 39
10 41
10 43
10 44
10 49
10 53
10 63
10 66
10 68
10 72
10 76
10 81
10 84
10 88
10 94
10 104
10 106
10 111
10 114
10 121
11 1
11 6
11 13
11 29
11 33
11 39
11 40
11 43
11 45
11 46
11 55
11 66
11 67
11 76
11 84
11 92
11 106
11 114
11 116
11 119
12 1
12 4
12 6
12 10
12 13
12 16
12 22
12 23
12 27
12 30
12 31
12 40
12 41
12 44
12 48
12 56
12 61
12 62
12 63
12 64
12 66
12 71
12 73
12 74
12 81
12 84
12 91
12 98
12 100
12 106
12 115
12 119
12 120
13 6
13 15
13 25
13 41
13 54
13 58
13 61
13 62
13 66
13 77
13 78
13 84
13 88
13 89
13 91
13 93
13 98
13 104
13 115
13 117
13 119
13 126
14 6
14 8
14 12
14 23
14 29
14 30
14 44
14 46
14 48
14 62
14 68
14 69
14 74
14 76
14 84
14 90
14 95
14 105
14 107
14 113
14 115
14 121
14 122
14 123
14 124
14 128
15 2
15 10
15 11
15 13
15 18
15 20
15 40
15 45
15 49
15 52
15 53
15 54
15 60
15 61
15 67
15 70
15 73
15 78
15 79
15 80
15 82
15 85
15 91
15 94
15 95
15 101
15 105
15 110
15 124
16 8
16 12
16 13
16 14
16 31
16 34
16 37
16 42
16 51
16 57
16 60
16 61
16 76
16 83
16 84
16 89
16 94
16 100
16 104
16 107
16 125
16 128
16 129
17 5
17 8
17 10
17 13
17 15
17 31
17 41
17 42
17 47
17 55
17 57
17 59
17 64
17 66
17 70
17 76
17 82
17 83
17 90
17 95
17 102
17 119
18 7
18 10
18 11
18 12
18 16
18 17
18 19
18 22
18 23
18 29
18 30
18 31
18 35
18 37
18 39
18 41
18 44
18 61
18 62
18 67
18 68
18 72
18 73
18 90
18 94
18 103
18 106
18 115
18 120
18 121
18 129
19 0
19 1
19 2
19 9
19 14
19 21
19 28
19 34
19 38
19 46
19 50
19 54
19 56
19 59
19 62
19 64
19 65
19 76
19 86
19 87
19 88
19 90
19 92
19 93
19 96
19 109
19 120
19 125
20 2
20 5
20 10
20 13
20 14
20 33
20 36
20 37
20 39
20 41
20 42
20 63
20 75
20 76
20 80
20 83
20 86
20 88
20 89
20 100
20 106
20 113
20 114
20 121
20 124
20 125
20 129
21 0
21 1
21 2
21 4
21 15
21 22
21 23
21 32
21 37
21 38
21 48
21 53
21 67
21 71
21 72
21 77
21 81
21 93
21 95
21 97
21 103
21 105
21 114
22 0
22 1
22 4
22 6
22 8
22 9
22 11
22 18
22 19
22 25
22 27
22 38
22 40
22 42
22 56
22 57
22 64
22 67
22 71
22 80
22 85
22 91
22 95
22 98
22 100
22 112
22 113
22 115
22 117
22 119
22 123
22 128
23 0
23 2
23 5
23 6
23 11
23 14
23 15
23 28
23 32
23 35
23 39
23 57
23 68
23 69
23 71
23 74
23 85
23 90
23 93
23 97
23 110
23 119
24 2
24 3
24 26
24 27
24 29
24 31
24 34
24 43
24 62
24 65
24 68
24 78
24 84
24 87
24 90
24 95
24 100
24 103
24 105
24 110
24 114
24 115
24 117
24 123
24 129
25 1
25 2
25 8
25 13
25 14
25 34
25 35
25 38
25 39
25 40
25 52
25 72
25 73
25 84
25 86
25 95
25 104
25 106
25 108
25 121
25 123
25 125
25 127
26 7
26 10
26 11
26 12
26 15
26 16
26 19
26 25
26 41
26 46
26 48
26 49
26 52
26 53
26 58
26 61
26 69
26 70
26 71
26 72
26 75
26 83
26 89
26 90
26 93
26 96
26 100
26 104
26 114
26 117
27 2
27 5
27 8
27 25
27 30
27 36
27 40
27 46
27 48
27 62
27 68
27 69
27 73
27 84
27 85
27 88
27 92
27 95
27 96
27 107
27 115
27 117
27 119
27 121
27 124
27 127
28 6
28 10
28 22
28 23
28 29
28 32
28 34
28 46
28 47
28 54
28 55
28 75
28 76
28 88
28 93
28 94
28 95
28 96
28 97
28 101
28 107
28 113
28 117
28 119
28 127
29 8
29 11
29 12
29 15
29 22
29 24
29 26
29 32
29 34
29 39
29 40
29 41
29 44
29 54
29 55
29 65
29 67
29 68
29 72
29 75
29 91
29 92
29 95
29 98
29 99
29 104
29 105
29 116
29 122
29 125
29 126
29 128
30 1
30 5
30 6
30 12
30 18
30 20
30 21
30 22
30 23
30 24
30 35
30 40
30 42
30 57
30 64
30 66
30 77
30 81
30 93
30 95
30 108
30 109
30 115
30 117
30 125
30 126
31 0
31 2
31 5
31 6
31 7
31 11
31 16
31 17
31 20
31 22
31 23
31 29
31 36
31 37
31 39
31 43
31 47
31 48
31 49
31 52
31 55
31 56
31 57
31 65
31 70
31 77
31 83
31 95
31 96
31 110
31 115
31 121
31 129
32 3
32 4
32 9
32 29
32 38
32 43
32 52
32 54
32 63
32 65
32 68
32 73
32 85
32 92
32 103
32 105
32 107
32 114
32 120
32 123
32 125
32 128
33 0
33 1
33 2
33 6
33 7
33 11
33 12
33 14
33 17
33 22
33 27
33 29
33 37
33 44
33 46
33 62
33 69
33 73
33 74
33 82
33 95
33 100
33 109
33 110
33 124
34 3
34 7
34 9
34 22
34 24
34 26
34 37
34 41
34 48
34 64
34 70
34 71
34 73
34 74
34 80
34 81
34 82
34 97
34 99
34 100
34 103
34 116
34 117
34 118
34 122
34 128
35 4
35 8
35 9
35 28
35 31
35 32
35 46
35 52
35 61
35 69
35 74
35 82
35 96
35 107
35 108
35 109
35 116
35 121
35 122
35 123
35 126
35 129
36 6
36 7
36 11
36 17
36 19
36 22
36 38
36 46
36 56
36 57
36 67
36 70
36 73
36 77
36 78
36 82
36 88
36 92
36 103
36 108
36 112
37 6
37 9
37 23
37 40
37 41
37 43
37 49
37 53
37 57
37 64
37 65
37 70
37 73
37 76
37 80
37 87
37 91
37 94
37 98
37 99
37 101
37 107
37 128
38 7
38 8
38 23
38 26
38 27
38 29
38 39
38 47
38 60
38 62
38 63
38 76
38 80
38 85
38 88
38 93
38 102
38 105
38 107
38 114
38 120
38 121
38 128
39 8
39 12
39 13
39 14
39 22
39 23
39 32
39 35
39 37
39 43
39 46
39 48
39 51
39 62
39 64
39 68
39 93
39 94
39 95
39 96
39 97
39 98
39 111
39 113
39 118
39 126
39 129
40 4
40 5
40 8
40 10
40 14
40 16
40 22
40 27
40 29
40 37
40 42
40 45
40 49
40 51
40 55
40 60
40 61
40 66
40 91
40 100
40 101
40 105
40 106
40 112
40 120
40 127
40 129
41 4
41 7
41 13
41 17
41 24
41 29
41 33
41 50
41 51
41 53
41 56
41 58
41 60
41 71
41 72
41 80
41 81
41 87
41 97
41 99
41 106
41 112
41 114
41 120
41 123
42 22
42 23
42 30
42 32
42 36
42 43
42 45
42 48
42 56
42 66
42 75
42 80
42 82
42 90
42 91
42 93
42 94
42 95
42 97
42 100
42 101
42 105
42 106
42 109
42 110
42 111
42 118
42 121
42 124
42 128
43 3
43 8
43 15
43 19
43 27
43 41
43 50
43 52
43 55
43 61
43 62
43 66
43 67
43 69
43 70
43 74
43 79
43 88
43 92
43 101
43 104
43 105
43 108
43 112
43 115
43 122
44 0
44 9
44 10
44 12
44 13
44 16
44 18
44 20
44 27
44 29
44 39
44 46
44 49
44 51
44 52
44 57
44 76
44 81
44 86
44 88
44 93
44 99
44 109
44 110
44 125
45 0
45 12
45 15
45 23
45 24
45 35
45 37
45 41
45 44
45 48
45 53
45 55
45 65
45 69
45 72
45 84
45 93
45 105
45 110
45 111
45 113
45 117
45 118
45 119
45 120
46 2
46 8
46 11
46 12
46 17
46 20
46 22
46 23
46 27
46 30
46 31
46 42
46 43
46 44
46 47
46 55
46 62
46 93
46 96
46 99
46 103
46 105
46 107
46 109
46 110
46 116
46 117
46 121
46 122
47 0
47 6
47 12
47 14
47 15
47 17
47 27
47 28
47 29
47 39
47 45
47 48
47 54
47 58
47 61
47 62
47 68
47 69
47 72
47 73
47 79
47 97
47 105
47 118
47 124
47 127
48 3
48 9
48 14
48 26
48 31
48 32
48 35
48 38
48 53
48 68
48 69
48 70
48 73
48 80
48 83
48 100
48 102
48 103
48 105
48 109
48 128
49 7
49 12
49 13
49 17
49 25
49 35
49 42
49 50
49 54
49 56
49 63
49 77
49 78
49 80
49 85
49 87
49 90
49 92
49 105
49 111
49 120
49 124
50 4
50 7
50 9
50 18
50 25
50 26
50 32
50 40
50 45
50 46
50 49
50 54
50 66
50 70
50 76
50 80
50 82
50 83
50 85
50 87
50 88
50 90
50 94
50 95
50 106
50 113
50 115
50 121
50 128
50 129
51 1
51 9
51 15
51 16
51 17
51 24
51 26
51 34
51 54
51 58
51 68
51 72
51 98
51 101
51 128
51 129
52 2
52 4
52 5
52 6
52 10
52 20
52 22
52 25
52 28
52 30
52 32
52 37
52 42
52 44
52 47
52 63
52 68
52 70
52 74
52 77
52 79
52 87
52 93
52 94
52 99
52 100
52 109
52 112
52 117
52 121
52 122
53 0
53 7
53 12
53 13
53 18
53 24
53 28
53 34
53 47
53 54
53 58
53 59
53 63
53 64
53 69
53 79
53 80
53 81
53 83
53 85
53 90
53 96
53 97
53 98
53 105
53 122
53 124
53 128
54 6
54 8
54 9
54 13
54 25
54 31
54 38
54 41
54 57
54 65
54 73
54 84
54 86
54 92
54 94
54 99
54 100
54 105
54 106
54 113
54 114
54 118
55 4
55 10
55 12
55 14
55 20
55 23
55 25
55 41
55 44
55 54
55 61
55 63
55 68
55 70
55 72
55 75
55 76
55 90
55 95
55 96
55 103
55 110
55 112
55 113
55 118
55 120
55 121
55 126
55 128
56 14
56 20
56 22
56 36
56 38
56 60
56 68
56 69
56 77
56 78
56 82
56 83
56 84
56 85
56 88
56 89
56 92
56 99
56 104
56 108
56 110
56 111
56 112
56 118
56 123
56 125
57 3
57 9
57 21
57 28
57 29
57 31
57 44
57 55
57 63
57 64
57 72
57 76
57 80
57 83
57 85
57 93
57 111
57 114
57 115
57 118
57 120
57 121
57 122
57 128
58 7
58 9
58 10
58 11
58 12
58 14
58 16
58 22
58 32
58 40
58 44
58 53
58 56
58 60
58 65
58 68
58 72
58 74
58 76
58 78
58 88
58 89
58 96
58 102
58 103
58 107
58 125
59 6
59 12
59 24
59 31
59 45
59 47
59 49
59 60
59 62
59 68
59 74
59 75
59 79
59 80
59 81
59 82
59 85
59 93
59 100
59 102
59 112
59 123
59 126
60 2
60 5
60 12
60 19
60 21
60 42
60 45
60 46
60 47
60 55
60 56
60 67
60 70
60 72
60 76
60 80
60 85
60 88
60 92
60 93
60 98
60 100
60 104
60 111
60 117
60 119
60 123
60 126
61 15
61 22
61 24
61 37
61 51
61 56
61 71
61 73
61 75
61 76
61 80
61 83
61 84
61 86
61 87
61 94
61 117
61 121
61 122
61 128
62 1
62 7
62 10
62 12
62 14
62 19
62 30
62 32
62 35
62 41
62 47
62 56
62 64
62 69
62 71
62 75
62 77
62 97
62 111
62 115
62 117
62 120
62 125
63 0
63 8
63 17
63 19
63 22
63 26
63 31
63 45
63 48
63 50
63 51
63 52
63 54
63 57
63 62
63 65
63 73
63 87
63 88
63 95
63 99
63 101
63 104
63 106
63 110
63 115
63 117
63 118
63 122
63 123
63 124
63 128
64 0
64 9
64 10
64 13
64 18
64 21
64 23
64 28
64 34
64 39
64 46
64 47
64 58
64 59
64 69
64 76
64 78
64 85
64 89
64 90
64 93
64 97
64 99
64 104
64 110
64 113
64 124
64 125
64 128
65 0
65 4
65 7
65 10
65 12
65 18
65 20
65 23
65 24
65 25
65 26
65 38
65 46
65 50
65 53
65 54
65 56
65 58
65 61
65 74
65 80
65 96
65 106
66 14
66 17
66 19
66 27
66 28
66 29
66 43
66 46
66 59
66 70
66 73
66 79
66 93
66 101
66 128
67 1
67 3
67 7
67 17
67 23
67 31
67 34
67 54
67 59
67 60
67 62
67 65
67 66
67 69
67 71
67 83
67 90
67 108
67 112
67 118
67 119
67 129
68 1
68 4
68 5
68 8
68 12
68 13
68 21
68 23
68 26
68 29
68 31
68 33
68 40
68 42
68 54
68 55
68 56
68 57
68 58
68 66
68 76
68 92
68 97
68 98
68 101
68 104
68 105
68 106
68 107
68 112
68 114
68 115
68 118
68 122
68 123
68 124
68 126
69 3
69 5
69 6
69 10
69 11
69 12
69 15
69 26
69 37
69 40
69 45
69 48
69 49
69 50
69 54
69 64
69 74
69 82
69 90
69 92
69 102
69 106
69 124
69 125
70 22
70 35
70 38
70 40
70 42
70 45
70 48
70 51
70 52
70 53
70 66
70 69
70 73
70 80
70 89
70 93
70 98
70 99
70 104
70 107
70 109
70 118
70 120
71 5
71 10
71 13
71 26
71 31
71 37
71 39
71 45
71 56
71 62
71 64
71 67
71 73
71 78
71 79
71 81
71 83
71 89
71 99
71 103
71 118
71 120
72 4
72 6
72 7
72 27
72 32
72 40
72 41
72 42
72 54
72 56
72 61
72 62
72 64
72 75
72 76
72 85
72 87
72 88
72 93
72 96
72 98
72 115
72 125
72 128
73 10
73 30
73 32
73 35
73 36
73 39
73 46
73 47
73 48
73 56
73 58
73 59
73 61
73 68
73 69
73 70
73 74
73 82
73 103
73 106
73 113
73 119
73 120
73 124
73 125
73 128
74 0
74 3
74 12
74 17
74 29
74 45
74 54
74 60
74 64
74 67
74 78
74 82
74 87
74 104
74 105
74 111
74 117
74 118
74 121
74 122
74 124
75 19
75 27
75 30
75 31
75 32
75 36
75 37
75 38
75 40
75 43
75 51
75 54
75 64
75 73
75 76
75 79
75 94
75 101
75 103
75 107
75 119
76 3
76 6
76 12
76 13
76 14
76 28
76 34
76 37
76 39
76 41
76 44
76 51
76 58
76 60
76 61
76 65
76 67
76 70
76 71
76 74
76 75
76 77
76 101
76 105
76 106
76 108
76 125
76 129
77 6
77 7
77 13
77 14
77 22
77 25
77 27
77 28
77 31
77 35
77 47
77 50
77 52
77 64
77 65
77 71
77 78
77 86
77 89
77 96
77 99
77 100
77 101
77 103
77 115
77 117
77 119
77 123
78 19
78 21
78 28
78 35
78 44
78 54
78 62
78 69
78 70
78 92
78 104
78 109
78 118
78 120
79 3
79 4
79 5
79 9
79 21
79 28
79 37
79 46
79 48
79 49
79 54
79 59
79 88
79 92
79 94
79 96
79 100
79 104
79 109
79 112
79 113
79 118
79 124
79 125
80 9
80 10
80 15
80 21
80 23
80 25
80 26
80 29
80 33
80 35
80 41
80 54
80 56
80 62
80 68
80 84
80 85
80 88
80 90
80 96
80 103
80 115
80 122
80 124
81 1
81 3
81 8
81 12
81 21
81 30
81 35
81 36
81 37
81 40
81 53
81 55
81 58
81 65
81 69
81 71
81 72
81 75
81 77
81 80
81 87
81 89
81 91
81 93
81 98
81 100
81 104
81 109
81 115
81 117
81 120
82 4
82 8
82 13
82 14
82 23
82 24
82 28
82 33
82 34
82 36
82 42
82 54
82 63
82 69
82 76
82 102
82 107
82 109
82 111
82 115
82 117
82 128
82 129
83 3
83 6
83 8
83 12
83 20
83 24
83 30
83 37
83 48
83 50
83 51
83 58
83 64
83 68
83 80
83 81
83 94
83 97
83 100
83 104
83 105
83 124
83 129
84 0
84 2
84 7
84 12
84 13
84 18
84 24
84 27
84 44
84 56
84 57
84 58
84 63
84 67
84 70
84 76
84 81
84 85
84 86
84 88
84 90
84 93
84 96
84 104
84 113
84 115
84 120
84 121
84 128
85 3
85 4
85 13
85 14
85 20
85 24
85 26
85 27
85 35
85 40
85 41
85 43
85 49
85 54
85 56
85 57
85 65
85 75
85 77
85 78
85 80
85 96
85 106
85 107
85 128
86 2
86 7
86 11
86 13
86 14
86 18
86 28
86 30
86 37
86 42
86 49
86 53
86 55
86 61
86 62
86 64
86 65
86 67
86 71
86 72
86 73
86 77
86 81
86 83
86 85
86 88
86 97
86 99
86 103
86 105
86 110
86 112
86 115
86 116
86 119
87 2
87 3
87 19
87 21
87 28
87 29
87 35
87 39
87 48
87 51
87 56
87 75
87 79
87 83
87 95
87 99
87 103
87 109
87 112
87 116
87 119
87 122
87 128
88 0
88 2
88 5
88 8
88 9
88 18
88 23
88 29
88 30
88 44
88 45
88 51
88 59
88 60
88 63
88 65
88 69
88 71
88 77
88 81
88 84
88 89
88 92
88 97
88 110
88 111
88 112
88 114
88 126
88 127
89 3
89 14
89 18
89 23
89 29
89 30
89 31
89 33
89 36
89 37
89 45
89 47
89 49
89 55
89 61
89 63
89 76
89 82
89 86
89 99
89 101
89 106
89 110
89 113
90 2
90 6
90 15
90 16
90 27
90 32
90 44
90 45
90 48
90 53
90 55
90 59
90 62
90 63
90 65
90 71
90 72
90 73
90 76
90 82
90 85
90 89
90 96
90 98
90 99
90 100
90 102
90 103
90 104
90 106
90 115
91 10
91 13
91 14
91 19
91 24
91 27
91 52
91 53
91 70
91 72
91 86
91 92
91 93
91 96
91 97
91 98
91 100
91 109
91 110
91 117
91 118
91 126
91 128
92 4
92 15
92 17
92 18
92 28
92 29
92 31
92 36
92 44
92 71
92 81
92 83
92 85
92 86
92 90
92 95
92 97
92 98
92 101
92 109
92 113
92 115
92 122
92 127
92 128
93 0
93 3
93 4
93 11
93 16
93 24
93 32
93 34
93 46
93 47
93 53
93 55
93 57
93 61
93 64
93 74
93 79
93 81
93 83
93 90
93 94
93 95
93 96
93 99
93 101
93 105
93 106
93 109
93 112
93 119
93 126
94 4
94 8
94 13
94 18
94 27
94 28
94 29
94 37
94 38
94 45
94 50
94 57
94 63
94 66
94 69
94 75
94 78
94 82
94 86
94 96
94 103
94 105
94 107
94 116
95 4
95 10
95 14
95 23
95 31
95 37
95 38
95 44
95 45
95 48
95 49
95 54
95 58
95 59
95 62
95 64
95 66
95 69
95 70
95 77
95 80
95 81
95 83
95 90
95 91
95 105
95 106
95 108
95 109
95 111
95 112
96 1
96 9
96 17
96 18
96 46
96 47
96 51
96 53
96 58
96 68
96 77
96 78
96 81
96 87
96 88
96 115
96 123
96 124
97 7
97 11
97 19
97 25
97 29
97 32
97 34
97 40
97 60
97 63
97 72
97 75
97 80
97 86
97 87
97 95
97 104
97 109
97 127
98 0
98 6
98 7
98 11
98 13
98 15
98 17
98 21
98 28
98 33
98 35
98 41
98 42
98 48
98 55
98 64
98 77
98 81
98 86
98 87
98 102
98 103
98 108
98 111
98 112
98 117
98 120
99 1
99 6
99 9
99 10
99 15
99 16
99 21
99 36
99 51
99 53
99 54
99 66
99 69
99 74
99 75
99 87
99 92
99 93
99 94
99 102
99 103
99 108
99 110
99 113
99 115
99 118
99 122
99 125
99 128
99 129
100 8
100 9
100 18
100 22
100 25
100 34
100 38
100 52
100 53
100 56
100 57
100 60
100 68
100 79
100 83
100 84
100 86
100 94
100 96
100 99
100 102
100 115
100 118
100 120
100 123
100 124
101 5
101 8
101 13
101 21
101 22
101 29
101 38
101 41
101 42
101 45
101 48
101 51
101 54
101 56
101 64
101 70
101 76
101 81
101 83
101 88
101 97
101 121
101 123
101 125
101 128
102 1
102 6
102 16
102 17
102 19
102 21
102 30
102 39
102 40
102 54
102 59
102 66
102 69
102 71
102 77
102 89
102 99
102 103
102 105
102 107
102 113
102 114
102 116
102 122
102 123
103 10
103 25
103 27
103 28
103 36
103 63
103 68
103 77
103 86
103 87
103 88
103 95
103 104
103 105
103 106
103 107
103 108
103 109
103 111
103 113
103 118
103 123
103 125
103 126
103 129
104 2
104 6
104 11
104 15
104 25
104 29
104 36
104 37
104 39
104 44
104 48
104 49
104 59
104 77
104 80
104 82
104 86
104 87
104 90
104 91
104 92
104 94
104 96
104 106
104 115
104 122
104 123
104 129
105 4
105 9
105 10
105 12
105 26
105 29
105 37
105 39
105 41
105 43
105 48
105 53
105 65
105 68
105 72
105 80
105 82
105 86
105 87
105 92
105 103
105 104
105 106
105 111
105 113
105 116
105 118
105 119
105 120
105 121
105 127
105 128
106 6
106 12
106 19
106 20
106 25
106 28
106 33
106 35
106 36
106 38
106 39
106 41
106 42
106 47
106 49
106 50
106 54
106 57
106 58
106 68
106 71
106 74
106 78
106 79
106 80
106 84
106 85
106 88
106 92
106 108
106 113
106 125
106 126
107 0
107 1
107 4
107 6
107 12
107 13
107 21
107 28
107 40
107 42
107 47
107 49
107 50
107 52
107 58
107 62
107 63
107 68
107 73
107 76
107 80
107 90
107 94
107 95
107 116
107 118
107 123
107 125
107 126
108 4
108 7
108 12
108 16
108 19
108 23
108 36
108 39
108 61
108 69
108 80
108 89
108 90
108 96
108 101
108 103
108 104
108 112
108 113
108 116
108 118
108 124
108 128
108 129
109 3
109 4
109 9
109 18
109 20
109 23
109 24
109 26
109 27
109 31
109 34
109 35
109 36
109 37
109 43
109 44
109 50
109 58
109 61
109 66
109 81
109 82
109 84
109 85
109 88
109 91
109 92
109 106
109 107
109 113
109 115
109 117
109 120
109 121
109 126
110 0
110 5
110 6
110 14
110 15
110 26
110 33
110 35
110 41
110 42
110 56
110 58
110 63
110 70
110 75
110 78
110 85
110 91
110 95
110 104
110 106
110 123
110 124
111 8
111 17
111 27
111 28
111 32
111 36
111 38
111 39
111 47
111 51
111 54
111 55
111 56
111 60
111 70
111 71
111 77
111 79
111 81
111 83
111 84
111 90
111 94
111 99
111 100
111 105
111 106
111 108
111 116
112 19
112 23
112 30
112 32
112 34
112 41
112 44
112 49
112 51
112 57
112 60
112 70
112 71
112 74
112 76
112 90
112 91
112 94
112 97
112 98
112 105
112 110
112 119
112 122
112 125
113 8
113 15
113 22
113 24
113 25
113 29
113 31
113 42
113 45
113 46
113 48
113 50
113 54
113 55
113 57
113 74
113 81
113 86
113 90
113 94
113 97
113 106
113 109
113 110
113 115
113 116
113 118
113 121
114 2
114 5
114 21
114 22
114 23
114 24
114 31
114 33
114 38
114 44
114 45
114 47
114 49
114 50
114 54
114 56
114 61
114 65
114 66
114 67
114 69
114 74
114 80
114 82
114 84
114 101
114 103
114 105
114 106
114 107
114 109
114 111
114 122
114 125
114 129
115 4
115 6
115 16
115 18
115 20
115 44
115 46
115 47
115 48
115 56
115 60
115 73
115 74
115 75
115 85
115 86
115 88
115 90
115 92
115 101
115 103
115 108
115 110
115 112
115 113
115 117
115 122
115 123
115 125
116 4
116 8
116 11
116 13
116 23
116 26
116 27
116 39
116 40
116 43
116 46
116 52
116 59
116 70
116 71
116 76
116 77
116 80
116 85
116 88
116 90
116 94
116 100
116 103
116 105
116 107
116 114
116 129
117 1
117 2
117 6
117 7
117 10
117 22
117 24
117 30
117 49
117 50
117 52
117 56
117 58
117 63
117 64
117 74
117 89
117 90
117 91
117 103
117 105
117 109
117 110
117 116
117 118
117 126
118 0
118 1
118 3
118 6
118 16
118 17
118 21
118 22
118 30
118 37
118 38
118 41
118 60
118 62
118 65
118 67
118 78
118 80
118 81
118 87
118 88
118 98
118 105
118 108
118 109
118 113
118 125
118 126
118 129
119 3
119 9
119 12
119 14
119 21
119 23
119 26
119 35
119 36
119 41
119 51
119 52
119 55
119 56
119 61
119 70
119 71
119 77
119 80
119 85
119 87
119 95
119 96
119 97
119 100
119 102
119 110
119 118
119 121
119 124
120 0
120 2
120 17
120 22
120 23
120 25
120 26
120 27
120 28
120 48
120 52
120 53
120 55
120 61
120 66
120 70
120 73
120 75
120 77
120 78
120 92
120 95
120 100
120 102
120 103
120 106
120 108
120 112
120 115
120 116
120 119
120 123
121 5
121 10
121 11
121 36
121 39
121 41
121 46
121 47
121 52
121 62
121 71
121 84
121 94
121 98
121 99
121 103
121 118
121 119
121 128
122 0
122 1
122 12
122 15
122 19
122 25
122 28
122 29
122 59
122 60
122 73
122 77
122 78
122 84
122 86
122 95
122 96
122 99
122 108
122 119
122 128
123 0
123 9
123 13
123 15
123 16
123 27
123 40
123 46
123 48
123 61
123 65
123 66
123 72
123 76
123 79
123 82
123 87
123 96
123 97
123 100
123 101
123 102
123 110
123 120
123 124
123 125
123 126
124 6
124 12
124 22
124 28
124 39
124 42
124 43
124 49
124 54
124 58
124 101
124 102
124 104
124 111
124 120
124 129
125 1
125 22
125 25
125 28
125 29
125 34
125 37
125 38
125 41
125 43
125 46
125 52
125 54
125 57
125 59
125 70
125 75
125 78
125 79
125 82
125 94
125 96
125 104
125 105
125 106
125 110
125 128
125 129
126 2
126 5
126 11
126 15
126 26
126 30
126 31
126 36
126 45
126 48
126 49
126 56
126 61
126 66
126 69
126 73
126 74
126 78
126 80
126 84
126 86
126 99
126 101
126 103
126 108
126 116
126 118
127 11
127 18
127 24
127 25
127 26
127 33
127 36
127 47
127 48
127 62
127 69
127 70
127 71
127 72
127 76
127 82
127 83
127 87
127 88
127 91
127 92
127 93
127 94
127 97
127 100
127 109
127 122
127 128
128 16
128 19
128 29
128 31
128 33
128 35
128 39
128 51
128 53
128 57
128 60
128 61
128 63
128 65
128 69
128 70
128 80
128 82
128 90
128 93
128 109
128 114
128 120
128 124
128 125
128 126
128 127
129 1
129 15
129 17
129 21
129 23
129 30
129 32
129 33
129 42
129 67
129 68
129 76
129 78
129 92
129 94
129 107
129 112
129 124
129 128
