95
0 5
0 7
0 8
0 14
0 17
0 19
0 26
0 32
0 33
0 39
0 42
0 43
0 52
0 55
0 56
0 66
0 79
1 3
1 6
1 8
1 14
1 23
1 28
1 32
1 44
1 46
1 48
1 52
1 54
1 56
1 57
1 59
1 60
1 76
1 82
1 88
1 89
1 92
1 94
2 1
2 5
2 6
2 15
2 18
2 21
2 22
2 24
2 28
2 29
2 36
2 39
2 45
2 50
2 51
2 55
2 61
2 65
2 69
2 72
2 75
2 77
2 81
2 88
2 91
2 93
3 6
3 9
3 18
3 23
3 24
3 25
3 27
3 28
3 30
3 34
3 39
3 46
3 48
3 49
3 53
3 61
3 63
3 65
3 78
4 0
4 5
4 9
4 18
4 24
4 31
4 32
4 38
4 42
4 43
4 47
4 51
4 53
4 54
4 56
4 57
4 59
4 64
4 72
4 80
4 84
4 88
4 89
4 91
5 7
5 11
5 15
5 16
5 17
5 25
5 27
5 36
5 40
5 46
5 55
5 79
5 82
5 84
5 85
5 89
5 91
6 5
6 8
6 11
6 17
6 19
6 22
6 27
6 37
6 38
6 44
6 45
6 49
6 50
6 52
6 60
6 65
6 74
6 77
7 4
7 10
7 23
7 32
7 39
7 45
7 46
7 50
7 54
7 57
7 62
7 64
7 68
7 69
7 77
7 79
7 83
7 84
7 87
7 91
8 0
8 3
8 11
8 13
8 15
8 22
8 27
8 28
8 29
8 33
8 35
8 43
8 52
8 55
8 60
8 62
8 64
8 74
8 81
8 84
8 85
8 86
8 92
9 1
9 3
9 6
9 10
9 19
9 21
9 23
9 25
9 26
9 30
9 31
9 33
9 36
9 37
9 38
9 58
9 70
9 73
9 74
9 88
10 4
10 14
10 17
10 24
10 36
10 37
10 38
10 41
10 44
10 48
10 51
10 55
10 56
10 58
10 65
10 72
10 87
10 90
11 3
11 8
11 9
11 15
11 19
11 30
11 40
11 49
11 51
11 55
11 60
11 62
11 63
11 69
11 74
11 77
11 79
11 85
11 87
11 89
12 0
12 9
12 14
12 15
12 24
12 31
12 32
12 35
12 45
12 47
12 49
12 53
12 57
12 60
12 62
12 65
12 69
12 78
12 85
12 87
12 90
12 92
13 17
13 22
13 27
13 29
13 36
13 40
13 49
13 53
13 63
13 68
13 69
13 83
13 91
14 17
14 28
14 36
14 38
14 41
14 44
14 56
14 63
14 71
14 73
14 76
14 81
14 82
14 90
14 93
14 94
15 3
15 5
15 8
15 9
15 10
15 21
15 26
15 34
15 36
15 42
15 46
15 54
15 56
15 58
15 61
15 68
15 85
15 89
15 94
16 3
16 6
16 13
16 23
16 33
16 38
16 49
16 61
16 77
16 82
16 86
16 93
17 0
17 3
17 8
17 15
17 19
17 21
17 29
17 32
17 42
17 45
17 55
17 58
17 63
17 65
17 66
17 89
17 90
18 3
18 4
18 5
18 7
18 9
18 20
18 21
18 25
18 26
18 27
18 35
18 36
18 42
18 43
18 45
18 54
18 55
18 57
18 65
18 66
18 88
18 92
19 6
19 13
19 15
19 17
19 20
19 32
19 38
19 39
19 40
19 44
19 46
19 47
19 61
19 63
19 66
19 71
19 73
19 75
19 78
19 80
19 82
19 93
20 0
20 10
20 15
20 29
20 30
20 37
20 43
20 52
20 56
20 57
20 62
20 70
20 76
20 84
20 90
21 0
21 2
21 3
21 6
21 12
21 20
21 23
21 27
21 34
21 37
21 52
21 53
21 59
21 60
22 2
22 5
22 8
22 21
22 23
22 25
22 31
22 39
22 46
22 50
22 52
22 54
22 58
22 59
22 63
22 72
22 82
22 84
22 85
22 90
23 2
23 6
23 8
23 9
23 18
23 20
23 26
23 31
23 32
23 35
23 39
23 40
23 42
23 51
23 78
23 80
23 88
23 93
23 94
24 20
24 21
24 22
24 26
24 35
24 39
24 42
24 45
24 47
24 57
24 75
24 76
24 81
24 86
24 88
24 90
25 14
25 15
25 17
25 18
25 20
25 22
25 26
25 28
25 35
25 40
25 42
25 45
25 47
25 50
25 53
25 74
25 80
25 81
25 82
25 84
25 85
25 94
26 9
26 10
26 11
26 24
26 30
26 35
26 39
26 46
26 50
26 55
26 58
26 60
26 64
26 75
26 77
26 90
26 94
27 0
27 1
27 2
27 16
27 30
27 31
27 55
27 58
27 59
27 74
27 86
28 2
28 6
28 11
28 12
28 26
28 31
28 43
28 44
28 47
28 60
28 61
28 66
28 67
28 69
28 74
28 75
28 77
28 82
28 89
28 91
28 94
29 10
29 11
29 13
29 22
29 25
29 26
29 28
29 35
29 39
29 42
29 49
29 65
29 66
29 75
29 85
29 90
30 7
30 9
30 11
30 14
30 16
30 22
30 25
30 39
30 45
30 48
30 68
30 70
30 76
30 78
30 84
30 88
30 94
31 2
31 11
31 12
31 16
31 26
31 27
31 33
31 34
31 39
31 40
31 42
31 43
31 47
31 66
31 69
31 71
31 76
31 79
31 93
32 6
32 16
32 21
32 25
32 35
32 39
32 43
32 52
32 56
32 60
32 61
32 64
32 66
32 72
32 80
32 88
32 91
33 0
33 1
33 2
33 3
33 9
33 18
33 22
33 23
33 24
33 28
33 45
33 46
33 48
33 58
33 68
33 69
33 80
33 86
33 89
33 94
34 3
34 11
34 17
34 23
34 27
34 29
34 40
34 45
34 56
34 60
34 61
34 62
34 63
34 68
34 71
34 73
34 75
34 79
34 83
34 84
35 7
35 10
35 14
35 17
35 18
35 19
35 20
35 34
35 42
35 43
35 45
35 49
35 50
35 53
35 58
35 77
35 82
35 86
36 2
36 14
36 24
36 38
36 39
36 42
36 46
36 62
36 63
36 65
36 69
36 72
36 73
36 82
36 87
37 6
37 8
37 12
37 16
37 17
37 38
37 46
37 50
37 53
37 57
37 62
37 63
37 70
37 72
37 74
37 75
37 81
37 84
37 87
37 88
37 90
37 94
38 5
38 18
38 26
38 28
38 34
38 37
38 42
38 45
38 53
38 60
38 69
38 75
39 8
39 9
39 12
39 18
39 34
39 36
39 40
39 47
39 48
39 51
39 55
39 77
39 83
39 84
39 86
39 87
39 88
39 89
40 7
40 10
40 11
40 21
40 27
40 43
40 45
40 46
40 47
40 48
40 49
40 52
40 57
40 61
40 64
40 79
41 1
41 11
41 12
41 15
41 16
41 17
41 21
41 47
41 51
41 52
41 66
41 77
41 87
42 0
42 6
42 13
42 15
42 18
42 23
42 28
42 35
42 36
42 48
42 67
42 70
42 73
42 81
42 85
42 89
42 92
43 4
43 18
43 30
43 40
43 41
43 48
43 49
43 55
43 59
43 67
43 73
43 78
43 80
43 82
43 83
43 85
43 90
44 2
44 3
44 14
44 15
44 22
44 39
44 42
44 49
44 55
44 59
44 65
44 66
44 68
44 78
44 79
44 80
44 82
45 1
45 12
45 21
45 28
45 31
45 34
45 53
45 64
45 71
45 75
45 80
46 1
46 3
46 8
46 9
46 10
46 13
46 16
46 17
46 19
46 20
46 21
46 25
46 38
46 44
46 45
46 52
46 56
46 63
46 66
46 69
46 82
46 92
47 8
47 11
47 12
47 13
47 14
47 26
47 30
47 44
47 46
47 52
47 53
47 57
47 58
47 67
47 70
47 74
47 75
47 88
47 94
48 1
48 8
48 11
48 17
48 28
48 32
48 33
48 37
48 46
48 49
48 50
48 66
48 69
48 70
48 78
48 83
48 87
49 1
49 3
49 5
49 12
49 17
49 24
49 25
49 33
49 41
49 42
49 43
49 52
49 54
49 59
49 61
49 62
49 63
49 66
49 77
49 78
49 85
49 87
49 91
50 8
50 21
50 31
50 42
50 44
50 46
50 57
50 62
50 65
50 67
50 73
50 84
50 91
50 92
50 93
50 94
51 0
51 5
51 8
51 24
51 25
51 26
51 27
51 29
51 30
51 32
51 41
51 52
51 59
51 69
51 76
51 83
51 84
52 4
52 9
52 10
52 13
52 14
52 17
52 18
52 37
52 38
52 44
52 49
52 53
52 65
52 69
52 75
52 82
52 83
53 8
53 9
53 10
53 12
53 19
53 23
53 24
53 28
53 31
53 35
53 39
53 41
53 44
53 51
53 61
53 64
53 66
53 68
53 74
53 75
53 81
53 89
53 94
54 1
54 3
54 8
54 9
54 18
54 35
54 39
54 47
54 60
54 62
54 69
54 72
54 77
54 80
54 81
54 84
54 85
54 88
55 9
55 18
55 24
55 36
55 40
55 43
55 45
55 49
55 50
55 63
55 71
55 82
55 84
55 85
55 92
56 5
56 7
56 15
56 23
56 28
56 31
56 33
56 40
56 43
56 48
56 52
56 58
56 66
56 71
56 73
56 75
56 78
56 79
56 82
56 84
56 86
56 88
57 3
57 5
57 11
57 13
57 22
57 34
57 35
57 36
57 40
57 43
57 45
57 47
57 53
57 69
57 71
57 74
57 75
57 89
57 90
57 91
57 94
58 6
58 15
58 16
58 31
58 43
58 46
58 48
58 50
58 54
58 60
58 63
58 75
58 78
58 89
58 90
59 13
59 15
59 16
59 17
59 18
59 22
59 24
59 25
59 28
59 29
59 33
59 37
59 40
59 42
59 45
59 47
59 54
59 55
59 60
59 62
59 69
59 80
59 87
59 91
60 5
60 7
60 10
60 21
60 24
60 37
60 38
60 45
60 49
60 65
60 70
60 72
60 83
61 0
61 1
61 2
61 7
61 15
61 20
61 24
61 32
61 34
61 38
61 40
61 49
61 55
61 56
61 59
61 60
61 62
61 68
61 74
61 83
62 2
62 6
62 8
62 11
62 13
62 22
62 33
62 38
62 43
62 63
62 64
62 65
62 74
62 81
62 91
62 92
62 93
63 2
63 4
63 6
63 7
63 8
63 12
63 15
63 26
63 31
63 38
63 39
63 46
63 53
63 60
63 61
63 62
63 67
63 75
63 81
63 82
64 20
64 23
64 24
64 36
64 39
64 40
64 42
64 46
64 49
64 52
64 55
64 63
64 67
64 75
64 76
64 82
64 86
64 87
64 91
64 94
65 1
65 7
65 8
65 9
65 10
65 14
65 15
65 16
65 43
65 48
65 54
65 58
65 63
65 79
65 88
66 0
66 1
66 3
66 5
66 9
66 13
66 17
66 24
66 26
66 27
66 28
66 30
66 31
66 33
66 35
66 36
66 41
66 42
66 44
66 49
66 70
66 83
66 84
66 85
67 3
67 4
67 6
67 17
67 21
67 23
67 26
67 29
67 34
67 40
67 60
67 62
67 64
67 69
67 73
67 76
67 79
67 90
68 1
68 5
68 6
68 12
68 28
68 36
68 42
68 49
68 51
68 52
68 55
68 61
68 62
68 80
68 82
68 84
68 85
68 90
68 91
68 92
69 1
69 3
69 11
69 18
69 24
69 32
69 38
69 49
69 64
69 66
69 71
69 72
69 73
69 78
69 79
69 80
69 82
69 85
69 87
69 89
69 94
70 7
70 8
70 9
70 15
70 28
70 29
70 36
70 52
70 53
70 55
70 59
70 68
70 72
70 74
70 79
70 80
70 87
70 90
70 94
71 3
71 6
71 11
71 12
71 14
71 23
71 26
71 28
71 34
71 39
71 42
71 54
71 63
71 65
71 94
72 5
72 6
72 16
72 19
72 28
72 29
72 42
72 43
72 60
72 61
72 65
72 66
72 68
72 74
72 77
72 82
72 89
72 90
73 9
73 30
73 34
73 35
73 36
73 40
73 41
73 42
73 44
73 47
73 52
73 60
73 75
73 89
74 7
74 9
74 10
74 11
74 14
74 21
74 32
74 34
74 37
74 53
74 56
74 57
74 60
74 65
74 69
74 73
74 78
74 79
74 85
74 90
74 92
75 0
75 2
75 7
75 10
75 13
75 18
75 19
75 31
75 34
75 39
75 42
75 52
75 55
75 61
75 76
75 77
75 79
75 81
75 88
75 94
76 4
76 8
76 15
76 22
76 26
76 34
76 38
76 39
76 64
76 79
77 1
77 4
77 6
77 12
77 14
77 20
77 21
77 24
77 28
77 31
77 33
77 37
77 41
77 48
77 66
77 67
77 69
77 75
77 76
77 79
77 81
77 83
77 85
77 88
78 3
78 4
78 8
78 9
78 16
78 23
78 31
78 53
78 61
78 62
78 74
79 1
79 2
79 10
79 15
79 23
79 39
79 50
79 56
79 65
79 66
79 67
79 69
79 74
79 76
79 81
79 82
79 84
79 92
80 6
80 17
80 20
80 26
80 33
80 34
80 38
80 41
80 43
80 45
80 47
80 49
80 50
80 51
80 61
80 72
80 73
80 81
80 83
80 86
80 92
80 94
81 6
81 15
81 19
81 22
81 25
81 32
81 33
81 37
81 38
81 39
81 44
81 49
81 51
81 52
81 56
81 67
81 78
81 84
82 12
82 13
82 14
82 16
82 22
82 23
82 26
82 28
82 34
82 38
82 42
82 46
82 60
82 61
82 65
82 69
82 74
82 79
82 83
82 85
82 88
83 1
83 5
83 10
83 22
83 24
83 25
83 28
83 30
83 34
83 41
83 42
83 63
83 64
83 82
83 87
83 92
83 94
84 0
84 10
84 14
84 15
84 20
84 21
84 30
84 41
84 44
84 52
84 55
84 58
84 63
84 66
84 68
84 69
84 70
84 75
84 76
84 86
84 92
85 6
85 14
85 16
85 18
85 29
85 30
85 32
85 33
85 36
85 38
85 39
85 40
85 47
85 49
85 75
85 79
85 80
85 91
86 5
86 6
86 9
86 16
86 17
86 19
86 50
86 51
86 53
86 57
86 58
86 61
86 74
86 91
87 1
87 9
87 10
87 18
87 20
87 22
87 25
87 27
87 28
87 38
87 40
87 50
87 53
87 61
87 67
87 70
87 72
87 75
87 77
87 79
87 81
87 82
87 83
87 85
87 86
87 88
87 92
88 4
88 6
88 11
88 20
88 22
88 25
88 29
88 30
88 32
88 36
88 39
88 40
88 42
88 51
88 62
88 72
88 75
88 84
88 90
89 4
89 15
89 21
89 34
89 36
89 38
89 45
89 48
89 49
89 51
89 59
89 64
89 68
89 73
89 87
89 90
89 91
89 92
90 3
90 4
90 7
90 19
90 22
90 26
90 32
90 41
90 49
90 57
90 68
90 70
90 82
91 0
91 9
91 14
91 17
91 18
91 20
91 33
91 43
91 46
91 47
91 49
91 51
91 52
91 54
91 57
91 63
91 74
91 81
91 82
91 94
92 1
92 8
92 10
92 12
92 14
92 22
92 26
92 30
92 31
92 32
92 33
92 45
92 47
92 53
92 55
92 63
92 68
92 80
92 85
92 87
92 90
92 94
93 0
93 1
93 3
93 8
93 12
93 13
93 22
93 29
93 36
93 42
93 46
93 47
93 49
93 58
93 62
93 63
93 64
93 65
93 86
94 1
94 13
94 14
94 15
94 24
94 31
94 35
94 41
94 43
94 65
94 66
94 69
94 71
94 72
94 90
94 92
94 93
