105
0 1
0 5
0 12
0 14
0 23
0 27
0 30
0 36
0 40
0 46
0 48
0 54
0 60
0 68
0 71
0 74
0 78
0 84
0 92
0 99
0 101
1 9
1 14
1 15
1 16
1 29
1 35
1 38
1 42
1 44
1 49
1 50
1 55
1 56
1 59
1 67
1 70
1 90
1 94
1 102
2 4
2 7
2 19
2 37
2 38
2 46
2 47
2 52
2 72
2 75
2 80
2 82
2 87
2 88
2 93
2 101
3 2
3 6
3 7
3 13
3 16
3 17
3 22
3 24
3 31
3 35
3 36
3 39
3 43
3 51
3 55
3 58
3 66
3 76
3 78
3 81
3 86
3 93
3 97
3 103
3 104
4 0
4 7
4 10
4 18
4 21
4 25
4 30
4 34
4 42
4 51
4 58
4 61
4 67
4 82
4 85
4 86
4 94
4 95
4 99
4 100
4 101
4 102
5 3
5 9
5 10
5 11
5 12
5 15
5 16
5 18
5 29
5 43
5 46
5 51
5 52
5 54
5 59
5 61
5 66
5 70
5 74
5 99
5 100
6 3
6 9
6 13
6 15
6 17
6 18
6 27
6 36
6 40
6 41
6 46
6 50
6 51
6 52
6 57
6 59
6 61
6 64
6 65
6 69
6 70
6 74
6 82
6 83
6 86
6 91
6 102
7 0
7 1
7 9
7 17
7 18
7 22
7 23
7 24
7 26
7 30
7 35
7 36
7 40
7 43
7 53
7 54
7 55
7 73
7 77
7 81
7 85
7 86
7 88
7 90
7 92
7 99
8 0
8 3
8 5
8 13
8 14
8 18
8 25
8 27
8 30
8 33
8 34
8 45
8 50
8 60
8 73
8 74
8 75
8 81
8 90
9 4
9 6
9 7
9 8
9 11
9 14
9 17
9 25
9 26
9 28
9 38
9 39
9 40
9 42
9 43
9 45
9 51
9 52
9 54
9 55
9 56
9 57
9 63
9 66
9 70
9 72
9 74
9 76
9 81
9 90
9 96
9 97
9 99
9 100
10 3
10 4
10 5
10 7
10 8
10 9
10 13
10 17
10 22
10 27
10 28
10 44
10 54
10 61
10 62
10 66
10 68
10 77
10 78
10 80
10 81
10 86
10 92
10 100
11 2
11 6
11 7
11 18
11 29
11 33
11 35
11 37
11 40
11 44
11 47
11 64
11 65
11 67
11 69
11 76
11 77
11 87
11 95
11 98
12 7
12 10
12 14
12 18
12 19
12 23
12 27
12 49
12 51
12 56
12 59
12 64
12 67
12 76
12 80
12 82
12 83
12 85
12 90
12 93
12 99
12 101
12 102
13 1
13 3
13 12
13 19
13 31
13 35
13 36
13 58
13 66
13 69
13 73
13 75
13 77
13 80
13 88
13 95
14 1
14 15
14 21
14 31
14 37
14 41
14 47
14 50
14 51
14 61
14 67
14 77
14 91
14 100
14 103
15 1
15 4
15 5
15 11
15 18
15 25
15 41
15 44
15 48
15 56
15 60
15 65
15 68
15 69
15 71
15 82
15 87
15 91
15 95
15 99
15 103
16 5
16 10
16 12
16 15
16 18
16 22
16 24
16 29
16 34
16 35
16 37
16 39
16 46
16 47
16 53
16 54
16 56
16 58
16 63
16 64
16 71
16 76
16 82
16 88
16 95
16 97
16 98
17 7
17 9
17 10
17 24
17 26
17 27
17 28
17 29
17 33
17 37
17 38
17 43
17 55
17 65
17 69
17 73
17 74
17 81
17 94
17 95
17 104
18 2
18 4
18 7
18 21
18 25
18 29
18 30
18 31
18 35
18 41
18 43
18 50
18 53
18 55
18 57
18 65
18 67
18 76
18 79
18 87
18 89
18 96
18 100
18 102
18 104
19 1
19 12
19 15
19 16
19 20
19 22
19 23
19 30
19 35
19 39
19 41
19 56
19 70
19 76
19 80
19 81
19 82
19 87
19 89
19 90
19 99
19 102
19 103
20 0
20 21
20 27
20 41
20 45
20 49
20 50
20 51
20 57
20 60
20 61
20 64
20 83
20 91
20 93
20 104
21 8
21 15
21 22
21 29
21 42
21 46
21 48
21 55
21 56
21 67
21 69
21 70
21 71
21 77
21 81
21 84
21 85
21 91
21 103
22 0
22 6
22 21
22 50
22 65
22 70
22 83
22 86
22 101
23 5
23 30
23 45
23 55
23 62
23 64
23 65
23 70
23 72
23 78
23 85
23 92
23 101
24 13
24 14
24 18
24 20
24 25
24 32
24 35
24 38
24 48
24 61
24 62
24 84
24 89
24 95
24 100
25 0
25 40
25 41
25 48
25 56
25 57
25 60
25 62
25 78
25 95
25 98
25 100
26 0
26 7
26 13
26 14
26 19
26 22
26 29
26 31
26 38
26 39
26 43
26 44
26 45
26 49
26 52
26 53
26 60
26 62
26 71
26 73
26 77
26 79
26 86
26 92
26 95
26 100
26 101
26 103
26 104
27 6
27 8
27 13
27 15
27 24
27 29
27 32
27 33
27 36
27 37
27 39
27 44
27 45
27 59
27 72
27 75
27 80
27 82
27 89
27 92
27 97
27 103
27 104
28 0
28 4
28 6
28 9
28 19
28 22
28 24
28 26
28 34
28 38
28 40
28 42
28 50
28 54
28 67
28 72
28 84
28 85
28 88
28 92
28 95
28 96
28 103
29 7
29 18
29 19
29 21
29 22
29 24
29 25
29 26
29 27
29 32
29 37
29 43
29 45
29 47
29 49
29 55
29 58
29 61
29 62
29 77
29 86
29 87
29 93
30 4
30 11
30 22
30 28
30 35
30 43
30 52
30 58
30 61
30 64
30 69
30 70
30 77
30 80
30 83
30 84
30 89
30 93
31 0
31 18
31 24
31 28
31 33
31 41
31 52
31 53
31 54
31 56
31 60
31 68
31 69
31 71
31 75
31 79
31 80
31 85
31 86
31 103
31 104
32 5
32 9
32 10
32 25
32 29
32 34
32 41
32 42
32 44
32 48
32 50
32 51
32 60
32 62
32 65
32 83
32 92
32 96
32 102
33 4
33 7
33 13
33 18
33 26
33 32
33 49
33 58
33 69
33 72
33 74
33 81
33 82
33 86
33 88
33 97
33 98
33 104
34 6
34 7
34 10
34 11
34 12
34 17
34 43
34 47
34 51
34 52
34 56
34 64
34 65
34 71
34 72
34 84
34 90
34 98
34 102
35 1
35 2
35 5
35 7
35 17
35 28
35 30
35 31
35 36
35 37
35 41
35 42
35 51
35 54
35 57
35 62
35 65
35 76
35 78
35 81
35 82
35 85
35 86
35 89
35 91
35 97
35 98
35 101
36 4
36 7
36 8
36 11
36 13
36 17
36 19
36 20
36 21
36 23
36 25
36 26
36 31
36 33
36 42
36 43
36 61
36 62
36 64
36 66
36 71
36 78
36 82
36 83
36 84
36 92
36 98
36 99
36 103
37 12
37 16
37 17
37 24
37 25
37 32
37 45
37 48
37 53
37 65
37 68
37 69
37 78
37 84
37 86
37 88
37 89
37 92
37 93
37 95
38 0
38 4
38 7
38 12
38 27
38 28
38 32
38 44
38 46
38 63
38 69
38 80
38 88
38 95
38 100
38 102
39 0
39 2
39 3
39 6
39 8
39 9
39 10
39 13
39 14
39 15
39 22
39 23
39 30
39 35
39 37
39 50
39 57
39 60
39 61
39 67
39 74
39 80
40 0
40 11
40 16
40 19
40 20
40 22
40 25
40 30
40 33
40 43
40 51
40 53
40 55
40 56
40 59
40 63
40 67
40 72
40 73
40 77
40 80
40 85
40 88
40 91
40 92
40 93
40 95
41 1
41 10
41 15
41 16
41 20
41 21
41 27
41 31
41 37
41 42
41 44
41 46
41 50
41 57
41 58
41 61
41 62
41 64
41 68
41 69
41 74
41 78
41 79
41 81
41 82
41 89
41 97
41 100
41 101
42 2
42 14
42 19
42 27
42 40
42 45
42 46
42 53
42 58
42 67
42 88
42 89
42 95
42 97
43 2
43 5
43 9
43 16
43 31
43 32
43 39
43 42
43 48
43 51
43 55
43 60
43 61
43 74
43 75
43 77
43 80
43 83
43 86
44 6
44 12
44 18
44 23
44 28
44 29
44 33
44 37
44 38
44 42
44 45
44 53
44 54
44 60
44 63
44 64
44 65
44 71
44 74
44 76
44 77
44 83
44 84
44 88
44 98
44 99
45 5
45 7
45 8
45 11
45 13
45 14
45 21
45 29
45 34
45 40
45 54
45 58
45 66
45 68
45 72
45 74
45 75
45 78
45 83
45 85
45 99
45 101
45 102
46 1
46 3
46 4
46 6
46 14
46 24
46 26
46 35
46 43
46 45
46 51
46 55
46 56
46 62
46 66
46 69
46 72
46 78
46 85
46 87
46 97
46 99
46 101
46 102
47 3
47 5
47 6
47 9
47 16
47 18
47 25
47 28
47 30
47 45
47 49
47 51
47 53
47 59
47 69
47 73
47 77
47 81
47 84
47 91
47 94
47 100
48 2
48 8
48 9
48 11
48 22
48 30
48 35
48 44
48 49
48 50
48 58
48 82
48 95
48 98
48 100
49 1
49 3
49 4
49 10
49 16
49 23
49 25
49 26
49 29
49 30
49 31
49 38
49 42
49 52
49 54
49 61
49 64
49 71
49 72
49 74
49 84
49 89
49 90
49 97
49 103
50 2
50 6
50 12
50 19
50 26
50 27
50 30
50 31
50 32
50 36
50 38
50 39
50 40
50 48
50 53
50 61
50 66
50 71
50 84
50 94
50 96
50 102
51 1
51 8
51 9
51 10
51 18
51 19
51 22
51 28
51 38
51 45
51 46
51 48
51 53
51 58
51 67
51 70
51 74
51 80
51 82
51 84
51 87
51 100
52 9
52 15
52 23
52 25
52 29
52 31
52 33
52 36
52 60
52 62
52 67
52 70
52 72
52 73
52 79
52 89
52 90
52 96
52 103
53 3
53 5
53 11
53 13
53 15
53 16
53 18
53 24
53 27
53 28
53 29
53 30
53 39
53 41
53 67
53 74
53 76
53 80
53 85
53 100
53 104
54 0
54 5
54 16
54 24
54 33
54 35
54 40
54 61
54 62
54 66
54 68
54 74
54 76
54 78
54 79
54 81
54 85
54 89
54 93
54 95
54 96
55 2
55 5
55 8
55 11
55 20
55 22
55 31
55 43
55 44
55 46
55 51
55 53
55 58
55 62
55 69
55 81
55 86
55 93
55 98
55 101
56 1
56 7
56 10
56 15
56 17
56 18
56 21
56 25
56 39
56 40
56 44
56 68
56 69
56 70
56 77
56 79
56 82
56 93
56 96
57 0
57 7
57 9
57 11
57 13
57 21
57 24
57 30
57 31
57 32
57 33
57 38
57 45
57 56
57 64
57 66
57 70
57 73
57 80
57 85
57 88
57 90
57 104
58 2
58 16
58 17
58 19
58 21
58 25
58 34
58 47
58 59
58 63
58 66
58 73
58 76
58 78
58 80
58 84
58 89
59 3
59 6
59 17
59 21
59 29
59 30
59 33
59 34
59 45
59 54
59 60
59 65
59 66
59 69
59 70
59 71
59 74
59 75
59 90
59 91
59 92
59 94
59 97
60 6
60 7
60 10
60 18
60 19
60 26
60 27
60 30
60 40
60 46
60 50
60 57
60 61
60 72
60 78
60 81
60 85
60 87
60 95
60 100
61 12
61 13
61 15
61 17
61 27
61 48
61 49
61 56
61 78
61 80
61 83
61 85
61 95
61 96
62 4
62 11
62 14
62 21
62 22
62 36
62 41
62 42
62 51
62 54
62 56
62 64
62 66
62 75
62 81
62 98
62 99
62 102
62 103
63 0
63 1
63 6
63 9
63 16
63 21
63 22
63 25
63 26
63 30
63 32
63 39
63 42
63 46
63 56
63 60
63 65
63 74
63 75
63 79
63 89
64 1
64 11
64 20
64 29
64 31
64 32
64 38
64 43
64 48
64 49
64 60
64 61
64 65
64 71
64 81
64 82
64 87
64 91
64 101
64 103
65 1
65 7
65 15
65 27
65 28
65 34
65 41
65 45
65 50
65 51
65 52
65 53
65 68
65 75
65 77
65 80
65 83
66 19
66 27
66 32
66 34
66 49
66 51
66 53
66 56
66 58
66 59
66 68
66 73
66 79
66 83
66 84
66 85
66 86
66 87
67 1
67 2
67 4
67 6
67 14
67 17
67 20
67 35
67 46
67 47
67 50
67 60
67 63
67 70
67 71
67 80
67 98
68 3
68 9
68 10
68 13
68 25
68 29
68 30
68 32
68 41
68 43
68 47
68 48
68 66
68 92
68 94
68 101
68 104
69 6
69 11
69 12
69 14
69 16
69 19
69 30
69 35
69 42
69 47
69 51
69 56
69 63
69 67
69 73
69 74
69 82
69 86
69 87
69 88
69 93
69 94
69 99
69 102
70 2
70 14
70 19
70 20
70 24
70 29
70 31
70 32
70 37
70 43
70 48
70 50
70 56
70 57
70 59
70 66
70 68
70 69
70 77
70 82
70 84
70 86
71 5
71 14
71 21
71 23
71 24
71 26
71 31
71 40
71 45
71 55
71 56
71 62
71 66
71 67
71 73
71 75
71 76
71 78
71 86
71 87
71 88
71 89
71 99
72 1
72 2
72 3
72 12
72 16
72 18
72 22
72 26
72 37
72 38
72 41
72 46
72 62
72 75
72 76
72 77
72 78
72 82
72 86
72 89
72 98
72 99
73 8
73 9
73 17
73 20
73 26
73 30
73 34
73 45
73 47
73 53
73 62
73 64
73 80
73 88
73 91
73 92
73 93
73 96
73 98
74 2
74 3
74 10
74 12
74 17
74 21
74 22
74 32
74 38
74 40
74 42
74 46
74 51
74 60
74 73
74 78
74 90
74 92
74 101
74 104
75 2
75 3
75 11
75 12
75 14
75 16
75 36
75 45
75 50
75 64
75 68
75 71
75 78
75 83
75 86
75 89
75 90
75 95
75 96
76 5
76 10
76 16
76 18
76 22
76 23
76 26
76 28
76 29
76 53
76 54
76 66
76 68
76 77
76 81
76 83
76 91
76 97
76 102
77 7
77 17
77 19
77 22
77 23
77 35
77 39
77 44
77 47
77 51
77 53
77 55
77 60
77 62
77 65
77 69
77 71
77 72
77 82
77 92
77 99
78 9
78 12
78 21
78 25
78 28
78 33
78 39
78 43
78 45
78 49
78 54
78 69
78 70
78 76
78 80
78 87
78 98
79 6
79 8
79 13
79 17
79 25
79 26
79 29
79 36
79 50
79 51
79 54
79 56
79 60
79 61
79 76
79 77
79 89
79 91
79 94
79 100
80 0
80 13
80 15
80 17
80 19
80 23
80 24
80 28
80 32
80 36
80 42
80 43
80 44
80 47
80 50
80 53
80 59
80 62
80 68
80 75
80 76
80 77
80 79
80 82
80 83
80 88
80 89
80 93
80 98
80 99
80 102
81 0
81 5
81 9
81 12
81 14
81 17
81 33
81 37
81 40
81 46
81 48
81 51
81 66
81 71
81 74
81 77
81 79
81 83
81 86
81 96
81 97
81 103
82 2
82 4
82 11
82 20
82 22
82 24
82 25
82 28
82 34
82 36
82 40
82 44
82 54
82 56
82 63
82 70
82 71
82 78
82 85
82 86
82 88
82 89
82 97
82 98
82 103
83 1
83 3
83 10
83 15
83 20
83 21
83 31
83 32
83 33
83 37
83 40
83 51
83 53
83 54
83 60
83 67
83 68
83 70
83 76
83 81
83 89
83 94
83 96
83 98
84 2
84 5
84 11
84 15
84 48
84 52
84 53
84 57
84 63
84 66
84 68
84 69
84 85
84 86
84 92
84 93
84 101
85 1
85 4
85 15
85 16
85 20
85 21
85 24
85 38
85 53
85 60
85 62
85 65
85 67
85 69
85 77
85 83
85 84
85 93
85 94
85 97
85 103
86 3
86 4
86 7
86 15
86 17
86 20
86 23
86 24
86 26
86 32
86 42
86 47
86 48
86 49
86 51
86 66
86 72
86 73
86 75
86 77
86 79
86 81
86 82
86 88
86 91
86 103
86 104
87 8
87 10
87 13
87 18
87 22
87 26
87 33
87 38
87 39
87 41
87 42
87 64
87 72
87 74
87 75
87 81
87 94
88 15
88 21
88 24
88 27
88 28
88 32
88 34
88 38
88 52
88 53
88 55
88 59
88 60
88 61
88 84
88 95
88 99
88 102
89 5
89 13
89 15
89 18
89 20
89 22
89 26
89 31
89 32
89 39
89 41
89 51
89 52
89 55
89 57
89 73
89 74
89 75
89 82
89 83
89 96
89 102
90 0
90 2
90 3
90 8
90 13
90 20
90 22
90 24
90 29
90 32
90 37
90 51
90 55
90 57
90 59
90 62
90 64
90 68
90 70
90 71
90 75
90 77
90 83
90 92
90 93
90 95
90 96
91 0
91 3
91 12
91 13
91 17
91 36
91 48
91 52
91 53
91 67
91 80
91 82
91 93
91 98
91 101
91 102
91 103
92 3
92 5
92 8
92 11
92 15
92 20
92 26
92 28
92 30
92 35
92 36
92 39
92 40
92 41
92 44
92 49
92 56
92 73
92 79
92 85
92 87
92 94
92 95
92 97
92 101
92 104
93 3
93 4
93 9
93 12
93 15
93 16
93 23
93 27
93 39
93 47
93 49
93 52
93 57
93 58
93 63
93 72
93 74
93 78
93 94
93 99
94 2
94 4
94 6
94 7
94 8
94 10
94 13
94 15
94 16
94 17
94 19
94 23
94 41
94 42
94 67
94 73
94 85
94 89
94 90
94 101
94 102
95 1
95 5
95 15
95 19
95 24
95 27
95 33
95 38
95 41
95 57
95 60
95 69
95 73
95 74
95 76
95 80
95 84
95 87
95 91
95 93
95 101
96 21
96 27
96 39
96 45
96 50
96 56
96 57
96 59
96 60
96 61
96 62
96 65
96 67
96 72
96 90
96 93
96 97
96 99
96 100
96 102
97 10
97 11
97 12
97 18
97 19
97 23
97 50
97 57
97 62
97 66
97 69
97 71
97 74
97 79
97 80
97 86
97 89
97 101
98 2
98 6
98 9
98 12
98 22
98 25
98 35
98 38
98 44
98 69
98 78
98 80
98 93
98 97
99 4
99 7
99 8
99 9
99 12
99 13
99 25
99 29
99 34
99 35
99 36
99 42
99 43
99 44
99 47
99 49
99 53
99 72
99 76
99 80
99 85
99 89
99 90
99 96
100 6
100 21
100 23
100 30
100 31
100 33
100 34
100 38
100 57
100 60
100 63
100 70
100 71
100 72
100 93
100 101
101 0
101 2
101 5
101 8
101 12
101 15
101 19
101 20
101 24
101 28
101 36
101 40
101 45
101 51
101 57
101 58
101 59
101 61
101 83
101 85
101 87
102 4
102 7
102 8
102 10
102 11
102 14
102 15
102 31
102 34
102 37
102 43
102 47
102 50
102 58
102 64
102 65
102 68
102 77
102 78
102 85
102 88
102 89
102 92
102 98
102 100
103 3
103 9
103 18
103 20
103 31
103 32
103 36
103 38
103 43
103 46
103 53
103 56
103 61
103 62
103 66
103 72
103 75
103 83
103 98
103 99
104 0
104 8
104 11
104 20
104 28
104 34
104 40
104 45
104 48
104 51
104 68
104 77
104 79
104 80
104 82
104 83
104 85
104 93
104 100
104 103
