200
0 1
0 5
0 8
0 22
0 25
0 26
0 31
0 34
0 40
0 87
0 90
0 96
0 125
0 130
0 131
0 136
0 138
0 139
0 141
0 146
0 150
0 153
0 156
0 157
0 160
0 162
0 164
0 165
0 167
0 172
0 174
0 175
0 183
0 185
0 187
0 191
0 195
0 196
0 199
1 6
1 7
1 8
1 21
1 23
1 32
1 40
1 44
1 45
1 63
1 64
1 65
1 70
1 75
1 76
1 77
1 86
1 88
1 92
1 99
1 102
1 109
1 116
1 123
1 127
1 150
1 156
1 159
1 162
1 168
1 178
1 186
1 195
2 3
2 4
2 6
2 15
2 16
2 23
2 25
2 37
2 40
2 42
2 43
2 47
2 51
2 63
2 67
2 73
2 84
2 89
2 93
2 96
2 98
2 106
2 111
2 113
2 117
2 118
2 124
2 126
2 132
2 136
2 137
2 138
2 139
2 144
2 145
2 148
2 162
2 166
2 168
2 169
2 170
2 171
2 172
2 179
2 194
2 196
3 0
3 1
3 9
3 12
3 16
3 18
3 21
3 23
3 27
3 32
3 42
3 43
3 48
3 49
3 52
3 55
3 56
3 66
3 68
3 73
3 74
3 79
3 81
3 85
3 86
3 92
3 93
3 95
3 102
3 107
3 113
3 123
3 128
3 142
3 143
3 151
3 153
3 155
3 165
3 168
3 169
3 173
3 175
3 177
3 186
3 189
3 193
3 196
3 198
4 8
4 11
4 12
4 15
4 16
4 19
4 23
4 26
4 27
4 29
4 34
4 36
4 37
4 38
4 42
4 55
4 58
4 61
4 63
4 64
4 67
4 70
4 71
4 76
4 83
4 89
4 92
4 94
4 100
4 107
4 110
4 112
4 114
4 127
4 132
4 145
4 146
4 154
4 155
4 156
4 163
4 169
4 173
4 179
4 181
4 196
4 197
5 3
5 6
5 16
5 20
5 31
5 32
5 45
5 56
5 66
5 69
5 72
5 82
5 84
5 86
5 88
5 93
5 100
5 101
5 109
5 115
5 118
5 120
5 123
5 124
5 125
5 139
5 145
5 152
5 157
5 160
5 166
5 167
5 168
5 172
5 177
5 180
5 191
5 194
6 0
6 2
6 8
6 15
6 22
6 36
6 43
6 49
6 54
6 75
6 81
6 88
6 93
6 112
6 114
6 118
6 123
6 127
6 129
6 130
6 135
6 137
6 144
6 147
6 156
6 161
6 162
6 165
6 167
6 176
6 178
6 182
6 188
6 191
6 194
6 196
6 199
7 0
7 2
7 10
7 17
7 18
7 35
7 38
7 46
7 47
7 48
7 50
7 53
7 54
7 57
7 62
7 70
7 72
7 74
7 84
7 98
7 102
7 103
7 106
7 111
7 112
7 113
7 118
7 119
7 121
7 125
7 126
7 133
7 134
7 139
7 140
7 142
7 160
7 170
7 175
7 177
7 178
7 190
7 191
7 193
8 1
8 7
8 10
8 15
8 19
8 22
8 25
8 51
8 62
8 68
8 69
8 76
8 78
8 82
8 84
8 86
8 95
8 98
8 101
8 102
8 115
8 126
8 129
8 131
8 136
8 142
8 152
8 155
8 157
8 158
8 167
8 168
8 170
8 171
8 172
8 175
8 176
8 181
8 191
8 194
8 195
9 0
9 7
9 20
9 22
9 26
9 27
9 31
9 36
9 38
9 41
9 57
9 59
9 70
9 71
9 72
9 73
9 75
9 76
9 82
9 86
9 88
9 91
9 95
9 100
9 103
9 104
9 106
9 107
9 112
9 114
9 115
9 118
9 120
9 124
9 126
9 127
9 128
9 131
9 132
9 133
9 134
9 143
9 145
9 150
9 155
9 162
9 167
9 170
9 173
9 187
9 194
10 6
10 7
10 16
10 19
10 23
10 26
10 33
10 39
10 44
10 45
10 46
10 51
10 54
10 57
10 59
10 62
10 67
10 70
10 73
10 80
10 91
10 97
10 98
10 101
10 108
10 110
10 115
10 120
10 127
10 139
10 141
10 146
10 147
10 150
10 158
10 167
10 169
10 176
10 178
10 179
10 180
10 187
11 2
11 5
11 13
11 17
11 19
11 29
11 33
11 34
11 38
11 41
11 42
11 43
11 51
11 58
11 69
11 70
11 71
11 75
11 81
11 92
11 97
11 108
11 112
11 116
11 118
11 120
11 127
11 130
11 137
11 142
11 155
11 157
11 158
11 171
11 190
11 192
11 193
11 197
12 7
12 17
12 20
12 23
12 27
12 30
12 31
12 42
12 43
12 46
12 47
12 49
12 50
12 58
12 69
12 71
12 82
12 83
12 92
12 95
12 101
12 109
12 113
12 116
12 120
12 122
12 127
12 133
12 146
12 153
12 156
12 161
12 169
12 170
12 175
12 180
12 183
12 186
12 189
12 198
13 0
13 23
13 27
13 45
13 49
13 50
13 62
13 74
13 76
13 77
13 83
13 88
13 89
13 104
13 105
13 120
13 121
13 138
13 147
13 154
13 166
13 169
13 175
13 181
13 198
14 2
14 10
14 19
14 23
14 27
14 31
14 35
14 36
14 37
14 45
14 46
14 49
14 51
14 58
14 62
14 65
14 73
14 76
14 90
14 100
14 103
14 110
14 112
14 113
14 117
14 123
14 128
14 131
14 136
14 138
14 144
14 149
14 150
14 151
14 153
14 157
14 176
14 180
14 197
15 1
15 3
15 9
15 11
15 16
15 30
15 31
15 38
15 44
15 46
15 51
15 52
15 60
15 62
15 88
15 91
15 92
15 93
15 95
15 116
15 123
15 126
15 132
15 136
15 140
15 142
15 150
15 151
15 153
15 166
15 168
15 182
15 186
15 192
16 2
16 3
16 4
16 17
16 18
16 19
16 42
16 43
16 44
16 45
16 51
16 63
16 69
16 71
16 86
16 87
16 92
16 99
16 120
16 123
16 126
16 129
16 131
16 137
16 140
16 144
16 155
16 162
16 178
16 183
16 189
17 0
17 5
17 7
17 12
17 16
17 18
17 21
17 27
17 36
17 45
17 46
17 55
17 58
17 65
17 68
17 69
17 71
17 77
17 80
17 82
17 90
17 91
17 96
17 100
17 102
17 103
17 107
17 111
17 112
17 117
17 120
17 134
17 136
17 144
17 145
17 147
17 150
17 153
17 158
17 160
17 164
17 170
17 178
17 182
17 184
17 186
17 192
17 197
18 0
18 3
18 4
18 9
18 10
18 11
18 14
18 21
18 22
18 23
18 43
18 46
18 48
18 49
18 51
18 52
18 60
18 73
18 80
18 81
18 89
18 96
18 97
18 101
18 102
18 103
18 105
18 116
18 119
18 120
18 124
18 131
18 132
18 136
18 140
18 141
18 145
18 146
18 154
18 157
18 159
18 170
18 176
18 193
19 1
19 4
19 5
19 10
19 25
19 36
19 41
19 48
19 49
19 59
19 62
19 63
19 71
19 74
19 86
19 95
19 98
19 100
19 104
19 112
19 114
19 120
19 137
19 143
19 146
19 158
19 173
19 176
19 179
19 183
19 185
19 191
19 194
19 197
20 2
20 6
20 14
20 33
20 38
20 40
20 50
20 53
20 61
20 66
20 71
20 72
20 74
20 80
20 84
20 103
20 105
20 114
20 118
20 127
20 134
20 145
20 149
20 152
20 153
20 155
20 159
20 167
20 174
20 177
20 182
20 187
20 190
20 197
21 18
21 20
21 23
21 24
21 26
21 28
21 42
21 43
21 44
21 56
21 65
21 72
21 77
21 88
21 97
21 98
21 107
21 116
21 119
21 121
21 123
21 126
21 128
21 130
21 136
21 144
21 145
21 148
21 158
21 168
21 181
21 184
21 189
21 191
22 3
22 4
22 9
22 17
22 19
22 21
22 23
22 25
22 29
22 30
22 39
22 43
22 47
22 48
22 50
22 55
22 57
22 64
22 73
22 82
22 88
22 89
22 96
22 118
22 120
22 122
22 123
22 131
22 132
22 133
22 135
22 138
22 144
22 156
22 158
22 180
22 183
22 186
22 193
22 194
22 195
22 196
22 199
23 0
23 1
23 2
23 6
23 8
23 11
23 24
23 25
23 48
23 49
23 54
23 56
23 57
23 60
23 66
23 74
23 76
23 83
23 98
23 106
23 112
23 115
23 116
23 119
23 122
23 127
23 138
23 140
23 143
23 144
23 145
23 147
23 148
23 150
23 158
23 165
23 167
23 168
23 180
23 184
23 186
23 187
23 188
24 0
24 5
24 9
24 10
24 12
24 13
24 14
24 21
24 25
24 26
24 34
24 37
24 51
24 52
24 53
24 58
24 68
24 74
24 76
24 88
24 90
24 95
24 101
24 102
24 110
24 118
24 125
24 140
24 159
24 164
24 165
24 170
24 177
24 182
24 192
24 199
25 2
25 3
25 8
25 9
25 10
25 26
25 33
25 36
25 40
25 41
25 51
25 55
25 69
25 72
25 75
25 76
25 88
25 89
25 93
25 103
25 105
25 116
25 124
25 131
25 133
25 135
25 136
25 145
25 156
25 167
25 169
25 176
25 190
25 191
25 193
26 3
26 9
26 11
26 23
26 31
26 33
26 34
26 36
26 38
26 39
26 40
26 43
26 47
26 56
26 59
26 61
26 64
26 68
26 72
26 77
26 81
26 92
26 94
26 97
26 100
26 105
26 107
26 108
26 120
26 121
26 122
26 124
26 125
26 140
26 151
26 153
26 157
26 161
26 162
26 172
26 175
26 177
26 178
26 180
26 186
26 189
26 192
26 198
27 4
27 7
27 8
27 16
27 30
27 36
27 54
27 66
27 68
27 75
27 80
27 82
27 85
27 89
27 90
27 92
27 96
27 97
27 98
27 124
27 128
27 130
27 135
27 138
27 139
27 150
27 156
27 157
27 164
27 173
27 175
27 182
27 194
27 197
27 198
28 1
28 4
28 11
28 23
28 32
28 47
28 50
28 54
28 57
28 59
28 75
28 80
28 81
28 82
28 91
28 104
28 112
28 117
28 118
28 119
28 127
28 143
28 161
28 162
28 163
28 168
28 175
28 178
28 194
28 195
28 198
28 199
29 0
29 2
29 3
29 6
29 12
29 13
29 15
29 17
29 19
29 23
29 32
29 34
29 38
29 46
29 47
29 49
29 59
29 74
29 77
29 78
29 83
29 86
29 88
29 103
29 112
29 118
29 119
29 120
29 131
29 142
29 144
29 148
29 150
29 158
29 161
29 165
29 166
29 168
29 173
29 179
29 181
29 184
29 187
30 2
30 7
30 10
30 16
30 17
30 25
30 34
30 38
30 41
30 46
30 49
30 51
30 53
30 56
30 58
30 60
30 65
30 66
30 74
30 79
30 83
30 92
30 93
30 103
30 105
30 111
30 112
30 117
30 118
30 122
30 128
30 131
30 132
30 136
30 137
30 139
30 144
30 148
30 151
30 160
30 162
30 166
30 175
30 181
30 188
31 1
31 2
31 5
31 17
31 19
31 37
31 40
31 78
31 81
31 90
31 91
31 100
31 116
31 120
31 122
31 124
31 131
31 138
31 150
31 151
31 152
31 175
31 178
31 179
31 182
31 198
32 3
32 6
32 14
32 20
32 22
32 23
32 25
32 27
32 30
32 38
32 40
32 42
32 48
32 49
32 54
32 58
32 62
32 64
32 72
32 78
32 87
32 88
32 91
32 94
32 96
32 101
32 102
32 108
32 111
32 114
32 115
32 118
32 126
32 129
32 133
32 142
32 144
32 152
32 156
32 157
32 162
32 163
32 174
32 178
32 193
32 197
33 1
33 3
33 4
33 5
33 6
33 8
33 12
33 13
33 21
33 22
33 27
33 38
33 44
33 69
33 71
33 83
33 84
33 86
33 90
33 93
33 96
33 98
33 107
33 110
33 116
33 118
33 124
33 127
33 129
33 137
33 138
33 139
33 143
33 147
33 150
33 152
33 153
33 159
33 162
33 176
33 179
33 183
33 190
33 192
34 1
34 6
34 7
34 29
34 32
34 33
34 37
34 38
34 41
34 50
34 51
34 52
34 53
34 62
34 66
34 67
34 77
34 78
34 81
34 83
34 85
34 87
34 106
34 107
34 108
34 109
34 112
34 115
34 119
34 125
34 127
34 128
34 129
34 142
34 143
34 144
34 145
34 147
34 149
34 165
34 166
34 172
34 173
34 175
34 176
34 177
34 178
34 180
34 184
34 189
34 198
35 3
35 7
35 11
35 13
35 17
35 30
35 31
35 32
35 33
35 42
35 46
35 48
35 54
35 57
35 63
35 65
35 72
35 73
35 81
35 91
35 92
35 93
35 96
35 98
35 108
35 111
35 122
35 142
35 143
35 145
35 147
35 161
35 164
35 166
35 168
35 169
35 171
35 173
35 177
35 178
35 186
35 190
35 193
35 198
36 0
36 26
36 41
36 54
36 55
36 57
36 64
36 66
36 73
36 74
36 76
36 78
36 79
36 80
36 81
36 87
36 89
36 111
36 115
36 116
36 117
36 119
36 120
36 121
36 122
36 125
36 126
36 132
36 140
36 142
36 152
36 163
36 170
36 173
36 183
36 184
36 194
36 199
37 0
37 12
37 13
37 30
37 32
37 33
37 34
37 54
37 61
37 64
37 77
37 83
37 85
37 90
37 96
37 98
37 100
37 114
37 115
37 118
37 121
37 137
37 140
37 141
37 142
37 143
37 147
37 152
37 169
37 171
37 173
37 184
37 189
37 191
37 198
38 16
38 17
38 36
38 40
38 43
38 53
38 55
38 57
38 58
38 72
38 74
38 76
38 79
38 83
38 89
38 90
38 92
38 97
38 99
38 102
38 103
38 105
38 107
38 109
38 114
38 118
38 127
38 128
38 129
38 134
38 141
38 142
38 143
38 145
38 149
38 150
38 152
38 154
38 174
38 183
38 195
38 198
39 4
39 11
39 12
39 14
39 18
39 19
39 30
39 31
39 34
39 38
39 43
39 53
39 61
39 62
39 64
39 65
39 74
39 78
39 83
39 84
39 86
39 90
39 93
39 114
39 115
39 120
39 126
39 129
39 131
39 132
39 136
39 142
39 143
39 148
39 173
39 194
39 198
40 2
40 10
40 16
40 21
40 22
40 26
40 51
40 52
40 55
40 58
40 61
40 63
40 64
40 74
40 80
40 86
40 98
40 106
40 109
40 110
40 116
40 131
40 137
40 142
40 150
40 151
40 159
40 163
40 166
40 180
40 194
40 198
41 2
41 3
41 10
41 15
41 27
41 30
41 37
41 38
41 46
41 49
41 51
41 58
41 60
41 62
41 64
41 66
41 68
41 69
41 71
41 74
41 78
41 82
41 93
41 95
41 100
41 101
41 109
41 114
41 119
41 120
41 125
41 130
41 131
41 139
41 140
41 143
41 149
41 157
41 160
41 179
41 184
41 189
41 190
41 191
41 192
42 4
42 6
42 7
42 9
42 11
42 26
42 27
42 30
42 39
42 41
42 49
42 50
42 54
42 58
42 61
42 66
42 68
42 70
42 76
42 89
42 93
42 95
42 111
42 114
42 123
42 124
42 135
42 145
42 147
42 151
42 155
42 162
42 164
42 168
42 169
42 179
42 181
42 183
42 191
42 193
43 0
43 3
43 8
43 16
43 29
43 31
43 35
43 36
43 41
43 52
43 61
43 63
43 64
43 65
43 72
43 77
43 78
43 86
43 88
43 93
43 105
43 107
43 122
43 128
43 134
43 141
43 151
43 153
43 158
43 164
43 168
43 170
43 174
43 180
43 181
43 190
43 193
43 197
44 4
44 7
44 20
44 22
44 24
44 30
44 33
44 47
44 57
44 61
44 63
44 70
44 92
44 94
44 96
44 99
44 100
44 101
44 102
44 103
44 105
44 110
44 116
44 124
44 128
44 131
44 136
44 140
44 142
44 145
44 148
44 180
44 181
44 191
44 196
45 2
45 17
45 18
45 29
45 31
45 37
45 42
45 50
45 51
45 61
45 63
45 66
45 70
45 72
45 74
45 76
45 80
45 82
45 85
45 91
45 94
45 97
45 105
45 110
45 116
45 126
45 130
45 131
45 135
45 136
45 137
45 143
45 145
45 151
45 155
45 157
45 167
45 183
45 189
45 192
45 196
46 11
46 15
46 16
46 21
46 36
46 37
46 41
46 56
46 60
46 66
46 68
46 70
46 74
46 75
46 79
46 80
46 89
46 91
46 92
46 95
46 100
46 106
46 110
46 112
46 113
46 116
46 124
46 125
46 132
46 136
46 140
46 141
46 143
46 149
46 151
46 153
46 179
46 188
46 189
47 3
47 4
47 20
47 21
47 22
47 27
47 28
47 37
47 44
47 57
47 66
47 69
47 86
47 87
47 91
47 92
47 96
47 108
47 109
47 110
47 124
47 138
47 140
47 158
47 167
47 179
47 192
47 194
47 195
47 196
47 197
48 2
48 7
48 10
48 16
48 17
48 18
48 20
48 21
48 22
48 30
48 31
48 38
48 41
48 62
48 71
48 73
48 75
48 79
48 84
48 92
48 93
48 96
48 103
48 107
48 111
48 120
48 121
48 122
48 129
48 142
48 143
48 153
48 156
48 160
48 164
48 168
48 174
48 179
48 180
48 181
48 190
48 199
49 6
49 10
49 21
49 26
49 34
49 35
49 38
49 43
49 44
49 45
49 47
49 48
49 52
49 53
49 65
49 73
49 75
49 77
49 80
49 91
49 94
49 98
49 99
49 102
49 103
49 111
49 121
49 126
49 130
49 136
49 141
49 142
49 146
49 150
49 152
49 153
49 154
49 156
49 157
49 166
49 168
49 177
49 178
49 184
49 187
49 190
49 197
50 3
50 10
50 14
50 19
50 25
50 28
50 30
50 39
50 43
50 48
50 58
50 60
50 61
50 62
50 66
50 69
50 70
50 82
50 84
50 91
50 95
50 96
50 100
50 102
50 111
50 114
50 119
50 120
50 125
50 127
50 131
50 133
50 138
50 140
50 142
50 147
50 149
50 152
50 153
50 164
50 165
50 167
50 170
50 182
50 196
51 1
51 4
51 8
51 9
51 10
51 19
51 21
51 23
51 26
51 27
51 30
51 31
51 34
51 39
51 50
51 55
51 63
51 64
51 70
51 72
51 74
51 75
51 79
51 82
51 91
51 95
51 101
51 105
51 109
51 111
51 128
51 130
51 131
51 138
51 148
51 150
51 152
51 161
51 163
51 164
51 171
51 174
51 178
51 179
51 180
51 188
51 194
51 196
51 197
52 3
52 4
52 5
52 7
52 10
52 12
52 24
52 26
52 27
52 29
52 31
52 36
52 43
52 44
52 48
52 50
52 56
52 61
52 62
52 72
52 85
52 86
52 91
52 96
52 97
52 100
52 102
52 111
52 115
52 118
52 145
52 153
52 154
52 155
52 163
52 165
52 191
52 199
53 0
53 7
53 22
53 34
53 41
53 43
53 51
53 57
53 61
53 64
53 67
53 92
53 95
53 108
53 111
53 114
53 120
53 126
53 132
53 135
53 136
53 144
53 147
53 148
53 154
53 155
53 156
53 170
53 174
53 178
53 179
53 183
53 186
53 196
54 12
54 16
54 20
54 25
54 37
54 40
54 42
54 47
54 50
54 53
54 56
54 59
54 67
54 70
54 73
54 76
54 81
54 88
54 91
54 93
54 102
54 108
54 114
54 124
54 130
54 132
54 136
54 137
54 142
54 146
54 156
54 165
54 166
54 169
54 179
54 180
54 183
54 186
54 189
55 14
55 16
55 17
55 18
55 20
55 26
55 27
55 35
55 44
55 45
55 47
55 53
55 56
55 75
55 81
55 84
55 85
55 89
55 90
55 93
55 94
55 99
55 101
55 103
55 104
55 105
55 107
55 111
55 112
55 121
55 123
55 138
55 146
55 152
55 169
55 179
55 182
55 194
56 1
56 5
56 7
56 9
56 10
56 11
56 12
56 17
56 18
56 23
56 27
56 29
56 30
56 31
56 35
56 40
56 45
56 49
56 50
56 58
56 60
56 63
56 73
56 74
56 79
56 87
56 100
56 107
56 118
56 126
56 129
56 136
56 143
56 146
56 149
56 152
56 158
56 163
56 166
56 172
56 173
56 175
56 191
56 193
56 197
57 5
57 8
57 10
57 14
57 18
57 28
57 31
57 34
57 45
57 46
57 62
57 70
57 71
57 77
57 81
57 84
57 85
57 86
57 93
57 98
57 107
57 110
57 112
57 117
57 141
57 150
57 167
57 171
57 178
57 186
57 191
57 192
57 195
58 0
58 3
58 9
58 12
58 20
58 35
58 40
58 46
58 49
58 51
58 55
58 67
58 68
58 73
58 74
58 77
58 82
58 84
58 87
58 93
58 95
58 114
58 119
58 120
58 134
58 139
58 146
58 152
58 153
58 154
58 157
58 159
58 161
58 162
58 168
58 177
58 179
58 184
58 193
58 199
59 0
59 7
59 9
59 14
59 24
59 27
59 30
59 42
59 43
59 44
59 61
59 63
59 64
59 65
59 73
59 74
59 78
59 80
59 85
59 88
59 89
59 93
59 96
59 112
59 113
59 123
59 142
59 145
59 167
59 168
59 169
59 172
59 173
59 189
60 2
60 4
60 16
60 17
60 19
60 20
60 21
60 35
60 37
60 45
60 54
60 56
60 58
60 78
60 82
60 85
60 89
60 92
60 105
60 108
60 110
60 116
60 118
60 119
60 120
60 121
60 123
60 131
60 136
60 138
60 141
60 151
60 155
60 158
60 162
60 173
60 175
60 176
60 187
61 0
61 2
61 3
61 4
61 5
61 10
61 11
61 14
61 17
61 19
61 21
61 28
61 32
61 33
61 37
61 38
61 50
61 52
61 64
61 72
61 74
61 83
61 96
61 117
61 123
61 125
61 127
61 132
61 135
61 137
61 138
61 139
61 142
61 153
61 154
61 156
61 165
61 166
61 169
61 171
61 176
61 188
61 195
61 198
62 2
62 7
62 15
62 17
62 22
62 27
62 28
62 35
62 36
62 54
62 58
62 59
62 66
62 72
62 100
62 102
62 112
62 121
62 133
62 134
62 147
62 152
62 167
62 169
62 179
62 183
62 189
62 190
62 195
62 196
62 197
63 0
63 11
63 19
63 24
63 40
63 41
63 45
63 47
63 50
63 57
63 61
63 69
63 96
63 97
63 107
63 116
63 124
63 130
63 138
63 140
63 152
63 168
63 172
63 177
63 181
63 182
63 183
63 186
63 194
63 196
64 4
64 5
64 7
64 8
64 17
64 19
64 21
64 38
64 40
64 42
64 44
64 48
64 49
64 50
64 60
64 68
64 69
64 71
64 72
64 85
64 89
64 95
64 103
64 105
64 106
64 110
64 112
64 116
64 133
64 134
64 142
64 149
64 152
64 157
64 159
64 168
64 175
64 182
64 187
64 195
65 8
65 9
65 12
65 13
65 19
65 40
65 43
65 55
65 61
65 64
65 72
65 76
65 96
65 103
65 106
65 110
65 111
65 113
65 128
65 130
65 131
65 143
65 144
65 148
65 150
65 155
65 162
65 163
65 168
65 169
65 171
65 174
65 175
65 179
65 181
65 183
65 185
65 187
65 190
65 196
65 198
66 1
66 6
66 7
66 12
66 20
66 25
66 31
66 32
66 35
66 38
66 41
66 42
66 44
66 71
66 77
66 95
66 108
66 110
66 117
66 132
66 135
66 139
66 142
66 145
66 149
66 153
66 156
66 167
66 168
66 175
66 189
66 191
66 194
66 197
67 2
67 5
67 8
67 16
67 29
67 41
67 43
67 50
67 85
67 93
67 104
67 116
67 125
67 126
67 128
67 132
67 134
67 139
67 141
67 148
67 149
67 153
67 155
67 162
67 169
67 170
67 172
67 174
67 175
67 184
67 185
67 188
67 190
67 199
68 1
68 2
68 6
68 8
68 16
68 23
68 34
68 53
68 54
68 55
68 58
68 59
68 75
68 78
68 80
68 86
68 90
68 92
68 95
68 97
68 98
68 107
68 128
68 137
68 151
68 157
68 166
68 176
68 178
68 179
68 185
68 192
68 199
69 0
69 3
69 11
69 12
69 14
69 17
69 21
69 25
69 26
69 28
69 29
69 32
69 37
69 38
69 42
69 43
69 46
69 50
69 57
69 63
69 74
69 78
69 82
69 91
69 101
69 106
69 115
69 116
69 122
69 129
69 144
69 168
69 172
69 179
69 183
69 194
69 199
70 13
70 15
70 17
70 18
70 22
70 24
70 30
70 58
70 60
70 62
70 64
70 69
70 72
70 79
70 85
70 87
70 94
70 99
70 103
70 104
70 106
70 113
70 115
70 116
70 127
70 128
70 132
70 137
70 147
70 163
70 170
70 171
70 172
70 174
70 177
70 179
70 185
70 187
70 194
70 195
71 1
71 8
71 17
71 25
71 31
71 36
71 37
71 39
71 43
71 48
71 53
71 60
71 67
71 70
71 79
71 83
71 89
71 104
71 108
71 110
71 115
71 116
71 120
71 136
71 137
71 148
71 154
71 158
71 162
71 170
71 173
71 178
71 180
71 191
71 195
72 1
72 4
72 6
72 17
72 18
72 21
72 29
72 30
72 31
72 34
72 37
72 49
72 57
72 61
72 67
72 85
72 91
72 95
72 116
72 134
72 136
72 149
72 151
72 156
72 158
72 162
72 169
72 186
72 190
72 191
72 196
73 11
73 29
73 30
73 35
73 46
73 53
73 61
73 64
73 65
73 68
73 79
73 83
73 92
73 99
73 105
73 108
73 113
73 117
73 119
73 126
73 128
73 130
73 131
73 140
73 147
73 151
73 153
73 158
73 163
73 165
73 175
73 178
73 179
73 188
73 190
73 191
73 192
74 7
74 10
74 17
74 27
74 33
74 36
74 45
74 46
74 48
74 50
74 55
74 57
74 75
74 81
74 82
74 84
74 95
74 96
74 98
74 99
74 101
74 102
74 103
74 104
74 108
74 109
74 114
74 121
74 129
74 131
74 132
74 141
74 142
74 147
74 161
74 163
74 166
74 167
74 174
74 182
74 189
75 6
75 13
75 22
75 24
75 26
75 32
75 34
75 37
75 40
75 42
75 45
75 46
75 58
75 63
75 94
75 98
75 100
75 108
75 110
75 113
75 116
75 123
75 126
75 131
75 132
75 138
75 140
75 144
75 146
75 153
75 162
75 170
75 176
75 183
75 186
75 194
75 199
76 5
76 7
76 19
76 23
76 26
76 27
76 34
76 37
76 48
76 51
76 61
76 66
76 69
76 72
76 73
76 78
76 79
76 81
76 83
76 84
76 85
76 96
76 102
76 106
76 126
76 129
76 132
76 140
76 141
76 147
76 150
76 151
76 157
76 166
76 171
76 177
76 180
76 185
76 186
76 196
76 197
76 199
77 2
77 4
77 13
77 14
77 16
77 18
77 28
77 30
77 33
77 35
77 38
77 40
77 42
77 46
77 50
77 65
77 74
77 90
77 91
77 99
77 100
77 102
77 103
77 116
77 120
77 126
77 129
77 130
77 131
77 132
77 136
77 138
77 139
77 142
77 150
77 156
77 162
77 167
77 177
77 182
77 185
77 189
78 1
78 8
78 11
78 12
78 24
78 25
78 27
78 31
78 32
78 36
78 46
78 55
78 58
78 60
78 62
78 66
78 67
78 88
78 90
78 91
78 96
78 104
78 110
78 111
78 117
78 118
78 121
78 141
78 143
78 145
78 149
78 152
78 153
78 157
78 162
78 163
78 176
78 178
78 185
78 189
78 193
78 198
79 23
79 32
79 34
79 37
79 39
79 49
79 55
79 56
79 64
79 73
79 81
79 84
79 94
79 100
79 103
79 104
79 107
79 119
79 121
79 122
79 123
79 127
79 147
79 149
79 151
79 153
79 156
79 158
79 167
79 169
79 188
79 190
79 191
79 192
79 193
79 196
79 199
80 9
80 23
80 30
80 35
80 46
80 48
80 51
80 52
80 58
80 63
80 67
80 72
80 79
80 81
80 99
80 112
80 113
80 114
80 118
80 140
80 143
80 149
80 160
80 161
80 169
80 172
80 175
80 181
80 188
80 193
81 23
81 24
81 29
81 30
81 37
81 44
81 52
81 64
81 65
81 67
81 75
81 77
81 85
81 91
81 102
81 104
81 106
81 107
81 122
81 124
81 129
81 130
81 131
81 135
81 143
81 147
81 148
81 149
81 150
81 151
81 153
81 157
81 164
81 166
81 168
81 175
81 180
81 186
81 188
81 190
81 197
82 1
82 16
82 17
82 22
82 35
82 41
82 45
82 47
82 49
82 53
82 55
82 57
82 58
82 65
82 71
82 72
82 75
82 76
82 77
82 80
82 95
82 99
82 101
82 102
82 105
82 110
82 111
82 113
82 117
82 128
82 132
82 139
82 144
82 145
82 147
82 152
82 155
82 159
82 165
82 168
82 175
82 181
82 188
82 192
82 195
82 199
83 0
83 1
83 11
83 15
83 20
83 26
83 29
83 32
83 35
83 37
83 38
83 45
83 49
83 53
83 64
83 65
83 70
83 82
83 94
83 98
83 115
83 120
83 122
83 129
83 133
83 142
83 152
83 153
83 164
83 174
83 185
83 190
83 192
83 194
83 198
84 1
84 6
84 8
84 9
84 10
84 14
84 19
84 25
84 32
84 33
84 34
84 37
84 41
84 46
84 63
84 64
84 75
84 76
84 77
84 80
84 87
84 95
84 96
84 104
84 106
84 111
84 120
84 132
84 144
84 146
84 149
84 152
84 163
84 166
84 169
84 170
84 173
84 177
84 182
84 183
84 184
84 195
85 5
85 7
85 8
85 9
85 11
85 17
85 20
85 29
85 30
85 31
85 33
85 39
85 42
85 48
85 49
85 51
85 52
85 57
85 61
85 62
85 73
85 74
85 80
85 89
85 95
85 98
85 104
85 108
85 110
85 112
85 114
85 120
85 128
85 131
85 142
85 143
85 144
85 145
85 151
85 153
85 162
85 166
85 168
85 170
85 175
85 185
85 195
85 197
86 1
86 4
86 8
86 9
86 13
86 16
86 19
86 20
86 26
86 28
86 30
86 34
86 38
86 39
86 40
86 47
86 49
86 54
86 64
86 66
86 69
86 71
86 73
86 79
86 83
86 88
86 89
86 93
86 95
86 97
86 98
86 101
86 102
86 123
86 132
86 135
86 139
86 151
86 152
86 156
86 157
86 159
86 164
86 166
86 167
86 169
86 176
86 178
86 181
86 182
86 188
86 193
87 0
87 8
87 9
87 14
87 15
87 16
87 26
87 29
87 31
87 36
87 46
87 51
87 53
87 67
87 73
87 81
87 83
87 84
87 86
87 91
87 107
87 111
87 120
87 126
87 137
87 144
87 151
87 152
87 159
87 161
87 164
87 165
87 167
87 169
87 171
87 172
87 175
87 178
87 190
88 5
88 11
88 12
88 13
88 17
88 26
88 35
88 40
88 41
88 42
88 43
88 49
88 52
88 63
88 69
88 78
88 79
88 87
88 89
88 98
88 110
88 111
88 113
88 116
88 118
88 130
88 134
88 136
88 139
88 140
88 143
88 147
88 150
88 156
88 162
88 169
88 178
88 186
88 191
88 192
88 194
89 2
89 8
89 9
89 10
89 20
89 28
89 32
89 40
89 46
89 52
89 56
89 60
89 64
89 65
89 66
89 67
89 70
89 75
89 79
89 81
89 84
89 87
89 88
89 91
89 105
89 109
89 111
89 113
89 118
89 123
89 145
89 146
89 149
89 171
89 176
89 180
89 190
89 192
89 193
89 196
89 197
90 0
90 5
90 8
90 46
90 49
90 61
90 63
90 70
90 85
90 86
90 91
90 101
90 110
90 112
90 113
90 117
90 125
90 127
90 135
90 139
90 142
90 147
90 162
90 175
90 177
90 190
90 192
91 8
91 19
91 21
91 30
91 37
91 38
91 39
91 40
91 49
91 64
91 66
91 68
91 72
91 73
91 78
91 80
91 84
91 85
91 88
91 89
91 95
91 105
91 107
91 108
91 119
91 120
91 121
91 124
91 126
91 130
91 134
91 135
91 140
91 144
91 158
91 159
91 163
91 171
91 176
91 177
91 180
91 181
91 185
91 192
92 2
92 4
92 10
92 11
92 15
92 16
92 17
92 22
92 24
92 25
92 36
92 40
92 41
92 45
92 52
92 61
92 62
92 66
92 69
92 72
92 78
92 79
92 88
92 105
92 108
92 110
92 111
92 116
92 120
92 121
92 122
92 123
92 134
92 136
92 162
92 163
92 164
92 167
92 178
92 190
92 193
93 3
93 7
93 11
93 12
93 14
93 20
93 24
93 26
93 31
93 33
93 40
93 43
93 63
93 73
93 74
93 78
93 80
93 85
93 95
93 102
93 112
93 114
93 115
93 129
93 130
93 136
93 140
93 145
93 149
93 161
93 169
93 182
93 189
94 0
94 2
94 9
94 11
94 18
94 24
94 26
94 29
94 30
94 32
94 37
94 38
94 39
94 43
94 44
94 64
94 81
94 82
94 83
94 96
94 104
94 106
94 110
94 111
94 116
94 123
94 129
94 130
94 137
94 139
94 145
94 148
94 155
94 157
94 161
94 163
94 168
94 169
94 172
94 175
94 177
94 181
94 195
95 9
95 17
95 36
95 37
95 38
95 45
95 61
95 68
95 75
95 83
95 97
95 101
95 103
95 111
95 113
95 117
95 122
95 128
95 129
95 138
95 139
95 142
95 145
95 147
95 150
95 152
95 154
95 155
95 159
95 161
95 167
95 168
95 172
95 178
95 179
95 193
95 196
96 3
96 20
96 23
96 25
96 26
96 42
96 44
96 45
96 48
96 65
96 75
96 80
96 91
96 98
96 99
96 102
96 105
96 114
96 115
96 121
96 130
96 140
96 160
96 162
96 170
96 174
96 175
96 176
96 199
97 9
97 12
97 34
97 41
97 52
97 53
97 54
97 56
97 59
97 62
97 71
97 82
97 84
97 85
97 86
97 89
97 101
97 105
97 106
97 107
97 108
97 114
97 122
97 125
97 126
97 130
97 138
97 144
97 150
97 153
97 164
97 171
97 179
97 181
97 191
98 1
98 2
98 10
98 20
98 25
98 34
98 38
98 40
98 50
98 64
98 76
98 79
98 92
98 93
98 99
98 102
98 116
98 127
98 146
98 156
98 162
98 167
98 178
98 180
98 185
98 186
98 189
98 193
98 195
98 196
99 14
99 17
99 27
99 28
99 29
99 38
99 40
99 48
99 50
99 57
99 60
99 65
99 68
99 79
99 85
99 86
99 88
99 91
99 92
99 100
99 106
99 109
99 117
99 122
99 123
99 125
99 133
99 135
99 138
99 152
99 162
99 163
99 165
99 167
99 169
99 171
99 175
99 181
99 187
99 195
99 197
100 8
100 10
100 18
100 25
100 30
100 32
100 33
100 49
100 53
100 57
100 60
100 62
100 71
100 74
100 78
100 85
100 87
100 102
100 104
100 107
100 111
100 112
100 123
100 128
100 129
100 130
100 132
100 137
100 139
100 143
100 150
100 154
100 158
100 160
100 169
100 180
100 181
100 183
100 188
100 189
100 190
101 10
101 17
101 18
101 23
101 38
101 47
101 50
101 53
101 54
101 58
101 63
101 73
101 78
101 81
101 88
101 94
101 109
101 116
101 121
101 124
101 130
101 138
101 145
101 146
101 148
101 150
101 151
101 155
101 156
101 181
101 186
101 198
101 199
102 4
102 9
102 10
102 27
102 33
102 35
102 36
102 38
102 42
102 50
102 58
102 68
102 74
102 80
102 89
102 96
102 97
102 110
102 116
102 117
102 127
102 133
102 138
102 142
102 144
102 149
102 155
102 177
102 182
102 185
102 186
102 191
103 2
103 4
103 6
103 8
103 10
103 12
103 13
103 15
103 17
103 22
103 25
103 28
103 34
103 35
103 38
103 39
103 44
103 46
103 56
103 58
103 66
103 67
103 74
103 75
103 79
103 80
103 86
103 88
103 96
103 97
103 101
103 105
103 109
103 110
103 111
103 112
103 121
103 128
103 136
103 146
103 150
103 153
103 168
103 170
103 179
103 184
103 195
103 196
103 199
104 2
104 5
104 8
104 23
104 26
104 27
104 28
104 30
104 33
104 35
104 40
104 41
104 43
104 46
104 63
104 67
104 72
104 81
104 86
104 88
104 89
104 106
104 110
104 116
104 117
104 127
104 135
104 138
104 141
104 142
104 151
104 152
104 158
104 159
104 169
104 172
104 178
104 182
104 191
104 192
105 5
105 14
105 18
105 30
105 31
105 35
105 36
105 44
105 45
105 53
105 54
105 55
105 56
105 60
105 64
105 66
105 67
105 73
105 75
105 79
105 85
105 94
105 96
105 99
105 100
105 108
105 124
105 128
105 132
105 134
105 135
105 142
105 152
105 157
105 160
105 162
105 163
105 172
105 174
105 179
105 180
105 195
105 196
105 197
105 198
106 0
106 5
106 22
106 33
106 34
106 42
106 43
106 44
106 46
106 48
106 49
106 60
106 63
106 66
106 73
106 75
106 79
106 82
106 83
106 86
106 100
106 102
106 105
106 115
106 119
106 141
106 143
106 145
106 147
106 149
106 150
106 155
106 156
106 167
106 172
106 178
106 181
106 189
106 190
107 3
107 12
107 18
107 19
107 27
107 29
107 40
107 43
107 46
107 50
107 52
107 56
107 58
107 65
107 66
107 69
107 70
107 74
107 84
107 88
107 101
107 102
107 109
107 110
107 111
107 117
107 121
107 130
107 132
107 139
107 142
107 143
107 146
107 156
107 162
107 167
107 174
107 177
107 183
107 185
107 193
108 3
108 13
108 15
108 18
108 28
108 30
108 32
108 38
108 42
108 46
108 47
108 52
108 59
108 63
108 67
108 77
108 82
108 90
108 96
108 102
108 119
108 122
108 132
108 138
108 147
108 155
108 158
108 161
108 172
108 173
108 174
108 184
108 199
109 3
109 6
109 9
109 16
109 17
109 21
109 22
109 26
109 30
109 31
109 33
109 35
109 41
109 46
109 49
109 53
109 54
109 69
109 70
109 74
109 78
109 80
109 89
109 94
109 95
109 100
109 105
109 106
109 110
109 111
109 116
109 132
109 137
109 140
109 145
109 146
109 158
109 169
109 170
109 171
109 179
109 192
110 7
110 14
110 24
110 45
110 46
110 52
110 55
110 59
110 68
110 69
110 74
110 76
110 81
110 84
110 87
110 90
110 105
110 106
110 113
110 130
110 131
110 132
110 146
110 149
110 151
110 153
110 161
110 165
110 166
110 169
110 170
110 171
110 175
110 176
110 183
110 188
110 189
110 192
110 193
110 198
111 7
111 12
111 16
111 28
111 32
111 33
111 45
111 50
111 51
111 55
111 72
111 75
111 79
111 87
111 94
111 95
111 98
111 100
111 112
111 113
111 118
111 120
111 121
111 122
111 123
111 124
111 127
111 128
111 138
111 143
111 152
111 153
111 156
111 157
111 159
111 165
111 172
111 181
111 183
111 185
111 186
111 187
111 199
112 15
112 19
112 24
112 26
112 29
112 34
112 37
112 38
112 46
112 63
112 68
112 70
112 71
112 81
112 89
112 92
112 94
112 95
112 102
112 104
112 109
112 110
112 116
112 126
112 127
112 128
112 134
112 135
112 137
112 143
112 145
112 148
112 161
112 162
112 170
112 175
112 177
112 184
112 188
112 190
112 194
112 195
113 10
113 15
113 31
113 35
113 39
113 49
113 54
113 55
113 62
113 63
113 64
113 65
113 67
113 70
113 75
113 78
113 86
113 88
113 90
113 97
113 99
113 103
113 107
113 108
113 114
113 115
113 122
113 133
113 146
113 153
113 167
113 173
113 175
113 177
113 178
113 181
113 192
113 195
114 8
114 10
114 28
114 37
114 60
114 63
114 65
114 67
114 72
114 76
114 80
114 89
114 90
114 92
114 95
114 96
114 108
114 111
114 113
114 118
114 121
114 133
114 136
114 146
114 150
114 159
114 162
114 163
114 172
114 177
114 187
114 190
115 6
115 9
115 14
115 34
115 45
115 58
115 68
115 76
115 77
115 83
115 84
115 88
115 95
115 97
115 98
115 100
115 112
115 119
115 122
115 133
115 143
115 160
115 166
115 168
115 169
115 174
115 184
115 190
115 191
115 193
115 195
116 1
116 2
116 9
116 10
116 12
116 14
116 16
116 17
116 21
116 26
116 38
116 49
116 65
116 67
116 71
116 73
116 74
116 82
116 85
116 86
116 91
116 98
116 100
116 103
116 109
116 113
116 118
116 121
116 123
116 129
116 133
116 142
116 146
116 148
116 156
116 160
116 170
116 171
116 174
116 180
116 191
116 192
116 193
116 197
117 1
117 10
117 11
117 14
117 16
117 18
117 19
117 20
117 30
117 31
117 36
117 37
117 39
117 46
117 54
117 58
117 60
117 64
117 66
117 71
117 77
117 82
117 84
117 91
117 93
117 94
117 98
117 111
117 122
117 123
117 126
117 135
117 140
117 141
117 144
117 149
117 155
117 156
117 174
117 182
117 185
117 188
117 189
117 190
117 193
117 194
118 0
118 2
118 7
118 8
118 9
118 27
118 32
118 33
118 38
118 51
118 55
118 58
118 59
118 61
118 69
118 79
118 82
118 84
118 98
118 101
118 107
118 110
118 114
118 130
118 133
118 134
118 145
118 151
118 152
118 154
118 155
118 158
118 159
118 161
118 173
118 176
118 187
118 193
118 195
118 199
119 0
119 4
119 5
119 11
119 17
119 23
119 24
119 28
119 29
119 31
119 34
119 35
119 40
119 42
119 46
119 52
119 53
119 60
119 68
119 70
119 72
119 74
119 81
119 87
119 89
119 90
119 91
119 92
119 104
119 114
119 116
119 117
119 121
119 133
119 135
119 138
119 140
119 149
119 155
119 156
119 162
119 164
119 165
119 176
119 177
119 179
119 180
119 183
119 184
119 193
119 198
119 199
120 3
120 7
120 26
120 30
120 38
120 40
120 42
120 45
120 48
120 49
120 54
120 57
120 85
120 92
120 102
120 104
120 105
120 106
120 121
120 123
120 124
120 129
120 132
120 136
120 150
120 153
120 154
120 159
120 160
120 166
120 168
120 171
120 176
120 177
120 180
120 182
120 183
121 5
121 7
121 35
121 36
121 39
121 44
121 51
121 53
121 56
121 59
121 63
121 64
121 65
121 69
121 79
121 82
121 87
121 89
121 91
121 106
121 109
121 115
121 118
121 122
121 124
121 148
121 149
121 152
121 154
121 157
121 160
121 162
121 163
121 165
121 174
121 176
121 184
121 185
121 188
121 193
121 199
122 3
122 11
122 13
122 33
122 38
122 41
122 61
122 63
122 68
122 69
122 71
122 76
122 83
122 92
122 93
122 105
122 106
122 110
122 116
122 117
122 118
122 132
122 140
122 145
122 149
122 154
122 158
122 165
122 167
122 183
122 188
122 191
122 195
122 196
123 2
123 4
123 7
123 21
123 23
123 30
123 35
123 41
123 44
123 48
123 50
123 52
123 53
123 65
123 66
123 75
123 76
123 82
123 84
123 92
123 95
123 105
123 109
123 114
123 116
123 127
123 130
123 132
123 143
123 144
123 147
123 152
123 154
123 160
123 163
123 178
123 179
123 186
123 189
124 0
124 1
124 2
124 7
124 12
124 27
124 28
124 30
124 36
124 39
124 42
124 53
124 63
124 66
124 74
124 79
124 91
124 98
124 99
124 103
124 106
124 115
124 117
124 119
124 126
124 129
124 133
124 137
124 139
124 144
124 146
124 147
124 151
124 169
124 173
124 174
124 176
124 183
124 188
124 189
124 192
124 198
125 10
125 12
125 14
125 15
125 20
125 23
125 49
125 52
125 58
125 65
125 66
125 70
125 95
125 102
125 106
125 109
125 113
125 119
125 138
125 142
125 146
125 149
125 172
125 176
125 181
126 0
126 5
126 6
126 9
126 18
126 26
126 28
126 31
126 35
126 40
126 41
126 47
126 49
126 53
126 57
126 58
126 65
126 68
126 71
126 78
126 80
126 81
126 85
126 88
126 92
126 107
126 108
126 118
126 122
126 141
126 146
126 153
126 162
126 169
126 171
126 183
126 190
126 192
126 198
126 199
127 0
127 4
127 5
127 17
127 25
127 26
127 31
127 33
127 41
127 47
127 49
127 51
127 61
127 66
127 69
127 70
127 79
127 80
127 82
127 83
127 90
127 93
127 95
127 97
127 102
127 104
127 112
127 116
127 123
127 128
127 133
127 141
127 145
127 147
127 148
127 151
127 152
127 155
127 161
127 162
127 164
127 173
127 180
127 187
127 188
127 189
127 197
128 3
128 12
128 18
128 21
128 23
128 36
128 40
128 43
128 45
128 48
128 51
128 64
128 68
128 71
128 83
128 88
128 90
128 99
128 106
128 109
128 111
128 120
128 130
128 136
128 139
128 141
128 147
128 156
128 159
128 170
128 172
128 183
128 189
129 12
129 22
129 29
129 32
129 41
129 47
129 49
129 51
129 58
129 61
129 69
129 70
129 84
129 87
129 91
129 95
129 100
129 102
129 104
129 105
129 115
129 117
129 119
129 120
129 123
129 125
129 132
129 134
129 142
129 144
129 147
129 165
129 166
129 172
129 175
129 179
129 182
129 183
129 186
129 189
129 195
130 5
130 14
130 23
130 24
130 25
130 34
130 38
130 42
130 43
130 47
130 52
130 55
130 61
130 64
130 66
130 70
130 79
130 81
130 86
130 95
130 101
130 105
130 108
130 111
130 115
130 116
130 119
130 121
130 122
130 124
130 127
130 129
130 134
130 141
130 145
130 151
130 159
130 161
130 163
130 166
130 172
130 185
130 186
131 3
131 4
131 6
131 10
131 14
131 15
131 17
131 31
131 37
131 43
131 45
131 62
131 68
131 70
131 84
131 91
131 94
131 97
131 112
131 116
131 135
131 140
131 148
131 156
131 158
131 159
131 160
131 164
131 169
131 172
131 176
131 179
131 180
131 182
131 187
131 195
132 8
132 13
132 19
132 24
132 29
132 30
132 33
132 43
132 50
132 56
132 59
132 63
132 68
132 72
132 75
132 76
132 78
132 85
132 104
132 109
132 113
132 117
132 122
132 127
132 128
132 129
132 131
132 140
132 141
132 146
132 155
132 156
132 159
132 171
132 178
132 179
132 195
133 0
133 4
133 6
133 8
133 10
133 15
133 16
133 22
133 23
133 25
133 40
133 45
133 52
133 61
133 81
133 83
133 89
133 94
133 107
133 108
133 111
133 112
133 113
133 119
133 122
133 125
133 143
133 152
133 158
133 161
133 168
133 171
133 187
133 197
134 14
134 17
134 23
134 29
134 37
134 38
134 45
134 49
134 54
134 56
134 58
134 64
134 65
134 66
134 70
134 71
134 73
134 77
134 83
134 85
134 97
134 102
134 110
134 112
134 113
134 119
134 120
134 131
134 133
134 138
134 140
134 142
134 156
134 163
134 167
134 172
134 176
134 186
134 189
134 190
134 199
135 3
135 4
135 6
135 17
135 22
135 23
135 24
135 27
135 28
135 31
135 37
135 40
135 42
135 43
135 49
135 54
135 61
135 62
135 65
135 70
135 82
135 83
135 87
135 89
135 90
135 100
135 102
135 108
135 112
135 114
135 117
135 120
135 122
135 123
135 130
135 133
135 139
135 151
135 152
135 155
135 159
135 161
135 164
135 178
135 183
135 184
136 4
136 7
136 8
136 9
136 10
136 21
136 28
136 30
136 35
136 42
136 45
136 56
136 59
136 78
136 79
136 81
136 90
136 97
136 99
136 108
136 110
136 124
136 129
136 150
136 152
136 154
136 178
136 180
136 189
136 190
136 191
136 195
136 196
136 197
137 2
137 4
137 6
137 8
137 11
137 12
137 15
137 22
137 31
137 34
137 42
137 45
137 47
137 50
137 65
137 79
137 81
137 89
137 99
137 102
137 104
137 106
137 107
137 110
137 115
137 123
137 128
137 138
137 146
137 153
137 157
137 161
137 165
137 167
137 170
137 173
137 174
137 178
137 180
137 181
137 191
138 10
138 12
138 21
138 22
138 27
138 35
138 41
138 43
138 44
138 46
138 47
138 49
138 57
138 64
138 70
138 77
138 80
138 82
138 83
138 98
138 108
138 115
138 116
138 122
138 123
138 127
138 128
138 133
138 136
138 140
138 141
138 150
138 156
138 157
138 160
138 161
138 169
138 172
138 184
138 185
138 188
138 191
138 193
138 195
138 196
138 197
139 0
139 6
139 17
139 18
139 25
139 27
139 39
139 57
139 58
139 59
139 70
139 73
139 74
139 77
139 81
139 86
139 91
139 98
139 99
139 106
139 107
139 125
139 128
139 134
139 140
139 148
139 149
139 150
139 166
139 168
139 170
139 172
139 191
139 199
140 10
140 22
140 24
140 28
140 29
140 49
140 53
140 60
140 63
140 70
140 81
140 93
140 96
140 97
140 103
140 105
140 110
140 111
140 125
140 127
140 139
140 148
140 166
140 177
140 179
140 184
140 192
141 2
141 10
141 21
141 30
141 36
141 39
141 69
141 71
141 73
141 74
141 90
141 100
141 103
141 124
141 129
141 130
141 134
141 137
141 155
141 156
141 170
141 173
141 177
141 178
141 179
141 181
141 183
141 185
141 186
141 193
141 197
142 0
142 6
142 15
142 17
142 18
142 27
142 33
142 45
142 47
142 55
142 58
142 83
142 89
142 91
142 110
142 113
142 116
142 122
142 125
142 129
142 130
142 134
142 135
142 145
142 149
142 151
142 156
142 157
142 166
142 173
142 178
142 180
142 184
142 190
142 194
142 199
143 2
143 10
143 16
143 17
143 31
143 38
143 39
143 42
143 45
143 52
143 56
143 61
143 76
143 78
143 81
143 85
143 90
143 93
143 94
143 114
143 122
143 125
143 126
143 130
143 131
143 140
143 158
143 170
143 173
143 174
143 183
143 185
143 189
143 194
143 197
144 4
144 24
144 25
144 37
144 50
144 56
144 60
144 63
144 69
144 71
144 76
144 87
144 88
144 99
144 100
144 101
144 108
144 114
144 115
144 117
144 124
144 126
144 143
144 165
144 167
144 171
144 178
144 188
144 195
145 0
145 2
145 4
145 10
145 11
145 28
145 31
145 35
145 43
145 44
145 46
145 48
145 51
145 57
145 58
145 64
145 65
145 71
145 79
145 84
145 100
145 109
145 110
145 120
145 123
145 128
145 129
145 135
145 144
145 159
145 171
145 173
145 183
145 189
145 199
146 3
146 5
146 10
146 18
146 20
146 32
146 48
146 49
146 68
146 70
146 75
146 76
146 85
146 92
146 101
146 102
146 104
146 113
146 118
146 119
146 126
146 127
146 128
146 135
146 136
146 162
146 163
146 166
146 177
146 181
146 182
146 183
146 191
146 197
146 199
147 3
147 11
147 14
147 21
147 23
147 42
147 44
147 45
147 54
147 60
147 64
147 65
147 68
147 76
147 80
147 88
147 91
147 99
147 103
147 109
147 110
147 115
147 116
147 126
147 133
147 136
147 145
147 153
147 154
147 157
147 159
147 174
147 181
147 183
147 184
147 185
147 189
147 192
147 195
148 0
148 4
148 11
148 13
148 14
148 27
148 28
148 31
148 32
148 47
148 51
148 61
148 73
148 75
148 81
148 85
148 91
148 93
148 102
148 103
148 105
148 109
148 120
148 122
148 123
148 124
148 130
148 131
148 135
148 136
148 139
148 140
148 147
148 154
148 156
148 159
148 161
148 163
148 175
148 178
148 184
148 199
149 0
149 3
149 12
149 15
149 19
149 31
149 33
149 38
149 44
149 45
149 54
149 60
149 80
149 84
149 89
149 94
149 101
149 103
149 105
149 116
149 126
149 129
149 131
149 152
149 157
149 158
149 160
149 173
149 176
149 180
149 186
149 191
149 192
150 9
150 13
150 15
150 17
150 20
150 21
150 22
150 24
150 26
150 37
150 48
150 51
150 52
150 54
150 56
150 63
150 65
150 77
150 80
150 90
150 101
150 104
150 109
150 112
150 117
150 119
150 120
150 127
150 129
150 131
150 137
150 141
150 146
150 149
150 161
150 162
150 166
150 171
150 174
150 179
150 186
150 194
150 196
151 3
151 4
151 27
151 28
151 35
151 36
151 45
151 65
151 69
151 71
151 73
151 76
151 80
151 84
151 86
151 97
151 100
151 101
151 107
151 108
151 109
151 113
151 116
151 122
151 127
151 130
151 132
151 133
151 137
151 138
151 146
151 152
151 153
151 160
151 171
151 172
151 173
151 178
151 181
151 183
151 184
151 187
151 197
152 0
152 6
152 8
152 12
152 21
152 22
152 23
152 24
152 28
152 41
152 62
152 64
152 67
152 81
152 87
152 89
152 92
152 96
152 97
152 98
152 99
152 100
152 125
152 130
152 140
152 146
152 166
152 168
152 170
152 194
153 1
153 16
153 25
153 26
153 30
153 32
153 43
153 47
153 48
153 64
153 77
153 78
153 79
153 84
153 85
153 92
153 97
153 104
153 105
153 108
153 110
153 114
153 115
153 120
153 130
153 137
153 159
153 164
153 166
153 167
153 169
153 170
153 173
153 177
153 180
153 181
153 186
153 192
153 199
154 3
154 6
154 20
154 27
154 30
154 35
154 38
154 42
154 51
154 53
154 59
154 60
154 71
154 75
154 76
154 85
154 87
154 91
154 92
154 94
154 108
154 109
154 111
154 115
154 119
154 129
154 132
154 143
154 146
154 155
154 165
154 168
154 172
154 184
154 185
154 186
154 188
155 4
155 17
155 29
155 30
155 36
155 38
155 51
155 53
155 56
155 59
155 62
155 68
155 71
155 74
155 77
155 78
155 95
155 100
155 102
155 109
155 119
155 127
155 133
155 138
155 150
155 151
155 153
155 159
155 171
155 178
155 183
155 185
155 186
155 187
155 189
155 191
155 196
156 2
156 5
156 7
156 11
156 14
156 17
156 20
156 21
156 23
156 27
156 29
156 34
156 48
156 50
156 56
156 57
156 60
156 72
156 74
156 78
156 81
156 94
156 96
156 102
156 103
156 104
156 111
156 114
156 144
156 148
156 151
156 153
156 155
156 171
156 173
156 175
156 194
157 6
157 20
157 21
157 24
157 33
157 34
157 42
157 44
157 46
157 48
157 52
157 63
157 66
157 68
157 71
157 72
157 83
157 86
157 90
157 93
157 95
157 105
157 112
157 116
157 117
157 120
157 124
157 125
157 127
157 128
157 133
157 140
157 146
157 150
157 152
157 156
157 159
157 185
157 187
157 190
157 195
158 2
158 11
158 15
158 18
158 23
158 32
158 40
158 42
158 51
158 56
158 72
158 75
158 86
158 100
158 101
158 121
158 122
158 123
158 129
158 130
158 131
158 134
158 138
158 145
158 147
158 150
158 166
158 168
158 169
158 173
158 179
158 182
158 186
158 193
159 0
159 4
159 5
159 24
159 27
159 28
159 30
159 31
159 41
159 45
159 48
159 49
159 55
159 68
159 70
159 74
159 90
159 93
159 97
159 99
159 100
159 114
159 117
159 118
159 120
159 124
159 127
159 136
159 137
159 140
159 141
159 142
159 150
159 157
159 176
159 180
159 184
159 185
159 187
159 189
159 197
160 1
160 8
160 10
160 14
160 20
160 33
160 37
160 47
160 56
160 61
160 72
160 87
160 88
160 90
160 96
160 99
160 101
160 103
160 104
160 129
160 136
160 140
160 141
160 142
160 158
160 165
160 174
160 175
160 177
160 180
160 181
160 183
160 191
160 196
160 199
161 3
161 4
161 13
161 14
161 30
161 33
161 34
161 37
161 39
161 45
161 47
161 54
161 57
161 59
161 73
161 82
161 87
161 92
161 106
161 112
161 125
161 126
161 127
161 132
161 139
161 142
161 154
161 155
161 157
161 164
161 171
161 172
161 173
161 177
161 187
161 193
161 195
161 199
162 3
162 6
162 9
162 14
162 15
162 22
162 29
162 31
162 36
162 38
162 41
162 45
162 64
162 68
162 69
162 70
162 79
162 82
162 93
162 94
162 96
162 98
162 109
162 119
162 120
162 122
162 125
162 126
162 128
162 135
162 139
162 141
162 144
162 145
162 151
162 155
162 156
162 161
162 166
162 167
162 168
162 169
162 172
162 176
162 180
162 181
162 182
162 183
162 186
162 187
162 191
163 0
163 3
163 5
163 6
163 7
163 12
163 21
163 37
163 40
163 41
163 55
163 59
163 67
163 69
163 70
163 78
163 84
163 85
163 87
163 96
163 98
163 100
163 108
163 130
163 139
163 142
163 146
163 150
163 178
163 181
163 184
163 194
163 199
164 14
164 17
164 24
164 26
164 30
164 31
164 33
164 34
164 43
164 56
164 57
164 59
164 62
164 64
164 75
164 76
164 77
164 78
164 82
164 87
164 91
164 127
164 133
164 135
164 136
164 138
164 150
164 156
164 159
164 163
164 167
164 172
164 183
164 190
164 192
164 193
165 3
165 5
165 7
165 17
165 18
165 22
165 32
165 44
165 49
165 50
165 52
165 53
165 54
165 55
165 56
165 60
165 78
165 80
165 88
165 94
165 96
165 99
165 104
165 107
165 111
165 113
165 114
165 116
165 119
165 120
165 124
165 126
165 135
165 137
165 161
165 167
165 170
165 172
165 175
165 177
165 182
165 183
165 185
165 199
166 0
166 3
166 12
166 21
166 43
166 50
166 55
166 57
166 58
166 59
166 65
166 71
166 81
166 85
166 95
166 99
166 102
166 107
166 108
166 109
166 110
166 112
166 121
166 123
166 124
166 130
166 131
166 138
166 142
166 144
166 145
166 148
166 158
166 160
166 163
166 169
166 175
166 176
166 185
166 188
166 198
167 1
167 10
167 14
167 15
167 16
167 25
167 36
167 45
167 52
167 55
167 61
167 72
167 74
167 75
167 87
167 91
167 94
167 105
167 110
167 112
167 117
167 128
167 138
167 140
167 141
167 146
167 153
167 156
167 179
167 180
167 188
167 191
167 192
167 194
168 3
168 7
168 8
168 9
168 12
168 19
168 24
168 26
168 33
168 45
168 53
168 55
168 60
168 63
168 68
168 69
168 71
168 73
168 74
168 80
168 81
168 90
168 99
168 104
168 105
168 109
168 110
168 111
168 122
168 141
168 142
168 143
168 144
168 146
168 154
168 156
168 157
168 171
168 173
168 187
168 194
169 2
169 8
169 10
169 11
169 12
169 13
169 27
169 42
169 56
169 62
169 72
169 76
169 85
169 90
169 94
169 97
169 99
169 112
169 114
169 115
169 120
169 123
169 126
169 128
169 134
169 137
169 144
169 146
169 151
169 181
169 183
169 192
169 199
170 6
170 10
170 11
170 13
170 14
170 15
170 18
170 19
170 30
170 37
170 46
170 55
170 56
170 61
170 68
170 70
170 74
170 76
170 83
170 88
170 91
170 94
170 98
170 99
170 105
170 106
170 113
170 114
170 115
170 116
170 117
170 127
170 128
170 132
170 133
170 147
170 150
170 152
170 165
170 166
170 168
170 173
170 174
170 176
170 185
170 187
170 197
171 8
171 11
171 15
171 27
171 28
171 31
171 34
171 35
171 40
171 45
171 47
171 50
171 52
171 62
171 64
171 66
171 73
171 83
171 88
171 99
171 108
171 110
171 111
171 118
171 123
171 124
171 127
171 128
171 130
171 147
171 149
171 155
171 156
171 160
171 161
171 172
171 174
171 185
171 190
171 191
171 196
171 197
172 1
172 6
172 7
172 14
172 15
172 25
172 39
172 53
172 55
172 71
172 72
172 76
172 80
172 86
172 96
172 97
172 106
172 109
172 124
172 127
172 132
172 137
172 139
172 140
172 147
172 148
172 149
172 156
172 160
172 165
172 166
172 176
172 179
172 180
172 182
172 185
172 187
172 192
172 194
172 196
172 197
172 198
173 13
173 19
173 23
173 25
173 26
173 30
173 39
173 40
173 45
173 48
173 53
173 61
173 67
173 71
173 74
173 78
173 81
173 87
173 88
173 93
173 95
173 101
173 108
173 113
173 123
173 130
173 133
173 135
173 147
173 154
173 160
173 167
173 168
173 170
173 174
173 175
173 179
173 187
173 192
174 2
174 3
174 5
174 6
174 8
174 11
174 13
174 15
174 17
174 21
174 22
174 23
174 27
174 34
174 36
174 41
174 42
174 47
174 59
174 61
174 66
174 69
174 75
174 76
174 84
174 85
174 91
174 92
174 93
174 100
174 106
174 107
174 120
174 121
174 134
174 135
174 136
174 142
174 152
174 160
174 164
174 177
174 179
174 182
174 184
174 186
174 187
174 188
174 189
175 7
175 8
175 16
175 33
175 38
175 40
175 41
175 42
175 50
175 57
175 58
175 63
175 67
175 69
175 70
175 74
175 75
175 79
175 96
175 97
175 99
175 124
175 131
175 134
175 141
175 142
175 143
175 146
175 154
175 155
175 156
175 158
175 160
175 161
175 164
175 172
175 180
175 185
176 16
176 18
176 19
176 26
176 37
176 43
176 45
176 76
176 78
176 80
176 81
176 89
176 91
176 96
176 98
176 100
176 102
176 103
176 106
176 110
176 127
176 128
176 135
176 145
176 152
176 158
176 168
176 169
176 177
176 182
176 189
176 195
177 1
177 9
177 11
177 19
177 26
177 29
177 41
177 42
177 46
177 48
177 65
177 68
177 72
177 73
177 95
177 96
177 97
177 100
177 101
177 103
177 106
177 121
177 122
177 125
177 126
177 134
177 136
177 139
177 151
177 156
177 167
177 169
177 176
177 182
177 183
177 185
177 186
177 191
177 197
178 1
178 7
178 11
178 16
178 20
178 26
178 34
178 37
178 44
178 54
178 55
178 72
178 73
178 77
178 78
178 86
178 87
178 88
178 90
178 100
178 102
178 103
178 106
178 121
178 125
178 135
178 137
178 147
178 155
178 156
178 158
178 165
178 168
178 187
178 188
179 5
179 10
179 16
179 19
179 21
179 22
179 27
179 38
179 51
179 59
179 71
179 93
179 105
179 107
179 109
179 122
179 132
179 134
179 152
179 157
179 160
179 166
179 173
179 176
179 177
179 181
179 182
179 188
179 189
180 1
180 10
180 11
180 13
180 18
180 27
180 29
180 36
180 37
180 42
180 43
180 49
180 52
180 75
180 81
180 94
180 96
180 110
180 117
180 118
180 121
180 126
180 136
180 137
180 139
180 162
180 163
180 170
180 172
180 174
180 181
180 182
180 192
180 195
181 1
181 3
181 7
181 12
181 24
181 25
181 26
181 30
181 32
181 41
181 58
181 61
181 65
181 71
181 86
181 88
181 93
181 94
181 96
181 102
181 104
181 107
181 108
181 112
181 113
181 129
181 131
181 139
181 144
181 164
181 177
181 180
181 192
181 195
181 199
182 5
182 7
182 8
182 9
182 13
182 22
182 46
182 48
182 49
182 50
182 54
182 60
182 72
182 79
182 86
182 88
182 92
182 96
182 104
182 126
182 129
182 134
182 141
182 144
182 145
182 155
182 156
182 159
182 160
182 167
182 170
182 176
182 178
182 179
182 181
182 194
182 199
183 10
183 11
183 15
183 18
183 21
183 22
183 27
183 30
183 32
183 35
183 37
183 39
183 47
183 59
183 61
183 67
183 75
183 78
183 80
183 83
183 85
183 87
183 94
183 105
183 109
183 111
183 113
183 116
183 118
183 120
183 140
183 141
183 146
183 149
183 151
183 158
183 163
183 164
183 168
183 172
183 181
183 186
183 190
183 194
184 1
184 10
184 13
184 16
184 23
184 35
184 38
184 39
184 43
184 44
184 46
184 53
184 57
184 62
184 71
184 78
184 82
184 89
184 91
184 100
184 103
184 106
184 107
184 108
184 120
184 121
184 127
184 132
184 139
184 159
184 161
184 169
184 175
184 176
184 179
184 188
184 191
184 195
185 7
185 10
185 22
185 33
185 39
185 48
185 50
185 61
185 62
185 65
185 67
185 73
185 83
185 85
185 90
185 93
185 106
185 111
185 112
185 114
185 122
185 123
185 129
185 144
185 149
185 151
185 156
185 169
185 172
185 175
185 177
185 180
185 186
185 191
185 192
185 196
186 16
186 17
186 20
186 21
186 24
186 32
186 48
186 50
186 52
186 54
186 57
186 65
186 70
186 72
186 81
186 88
186 89
186 90
186 95
186 99
186 100
186 104
186 106
186 109
186 115
186 117
186 121
186 129
186 130
186 154
186 156
186 164
186 165
186 171
186 173
186 177
186 180
186 189
186 191
186 197
187 0
187 2
187 3
187 5
187 7
187 15
187 16
187 18
187 26
187 38
187 41
187 44
187 61
187 75
187 76
187 86
187 87
187 110
187 111
187 112
187 114
187 122
187 125
187 129
187 138
187 148
187 153
187 164
187 168
187 176
187 179
187 186
187 192
187 198
187 199
188 11
188 17
188 22
188 23
188 35
188 47
188 51
188 57
188 61
188 62
188 67
188 69
188 71
188 74
188 75
188 81
188 97
188 99
188 102
188 110
188 112
188 114
188 115
188 120
188 123
188 126
188 128
188 138
188 139
188 141
188 145
188 146
188 151
188 156
188 176
188 178
188 180
188 182
188 186
188 191
188 192
188 194
189 3
189 6
189 7
189 19
189 25
189 28
189 31
189 36
189 37
189 50
189 59
189 61
189 65
189 78
189 79
189 87
189 89
189 94
189 99
189 104
189 107
189 122
189 131
189 136
189 144
189 148
189 153
189 163
189 165
189 167
189 168
189 170
189 171
189 175
189 180
189 182
189 190
190 13
190 15
190 16
190 19
190 22
190 23
190 30
190 37
190 39
190 40
190 42
190 52
190 54
190 61
190 63
190 65
190 71
190 75
190 77
190 82
190 86
190 88
190 94
190 107
190 108
190 117
190 122
190 127
190 129
190 131
190 137
190 138
190 143
190 144
190 147
190 156
190 163
190 164
190 177
190 192
190 196
191 18
191 22
191 23
191 24
191 37
191 41
191 42
191 46
191 47
191 49
191 53
191 58
191 65
191 72
191 75
191 76
191 77
191 81
191 84
191 87
191 96
191 110
191 119
191 135
191 138
191 139
191 144
191 152
191 155
191 164
191 166
191 167
191 168
191 173
191 174
191 177
191 181
191 184
191 188
191 190
191 194
191 196
191 199
192 1
192 4
192 22
192 27
192 28
192 29
192 39
192 46
192 47
192 48
192 57
192 59
192 65
192 85
192 87
192 88
192 99
192 100
192 109
192 110
192 119
192 124
192 145
192 154
192 164
192 167
192 168
192 187
193 2
193 12
193 16
193 17
193 20
193 29
193 32
193 33
193 35
193 36
193 40
193 46
193 50
193 52
193 63
193 69
193 73
193 76
193 77
193 80
193 84
193 93
193 101
193 113
193 114
193 117
193 127
193 133
193 135
193 137
193 142
193 144
193 164
193 165
193 176
193 181
193 182
193 187
193 191
193 194
193 197
194 6
194 9
194 16
194 24
194 26
194 28
194 38
194 42
194 45
194 54
194 55
194 60
194 62
194 66
194 69
194 78
194 87
194 97
194 98
194 107
194 108
194 111
194 115
194 116
194 124
194 125
194 130
194 153
194 154
194 155
194 161
194 162
194 164
194 165
194 170
194 177
194 179
194 195
194 196
194 198
195 6
195 7
195 8
195 16
195 34
195 35
195 37
195 38
195 42
195 43
195 46
195 48
195 66
195 75
195 80
195 81
195 87
195 90
195 94
195 101
195 106
195 107
195 108
195 109
195 120
195 141
195 152
195 163
195 164
195 168
195 173
195 174
195 177
195 182
195 188
195 189
195 190
195 193
196 1
196 4
196 5
196 14
196 19
196 21
196 22
196 31
196 35
196 36
196 54
196 58
196 61
196 62
196 64
196 82
196 83
196 84
196 85
196 98
196 106
196 108
196 110
196 115
196 123
196 144
196 147
196 153
196 160
196 177
196 179
196 180
196 199
197 4
197 12
197 13
197 26
197 28
197 31
197 32
197 34
197 37
197 40
197 47
197 49
197 54
197 71
197 72
197 76
197 80
197 92
197 93
197 98
197 99
197 100
197 103
197 106
197 107
197 108
197 109
197 112
197 119
197 135
197 141
197 142
197 147
197 152
197 157
197 163
197 165
197 167
197 168
197 170
197 171
197 179
197 185
197 188
197 190
197 194
197 195
198 3
198 4
198 12
198 16
198 18
198 24
198 26
198 29
198 32
198 41
198 49
198 52
198 53
198 63
198 67
198 72
198 73
198 77
198 78
198 83
198 84
198 87
198 93
198 103
198 105
198 106
198 112
198 128
198 129
198 131
198 132
198 138
198 139
198 152
198 157
198 159
198 161
198 163
198 167
198 178
198 181
198 183
198 189
198 190
198 191
198 193
198 194
198 195
199 1
199 9
199 10
199 12
199 28
199 35
199 37
199 38
199 39
199 45
199 46
199 49
199 55
199 62
199 102
199 104
199 108
199 113
199 118
199 122
199 133
199 137
199 148
199 149
199 150
199 157
199 159
199 163
199 164
199 170
199 182
199 190
199 193
