215
0 5
0 6
0 16
0 21
0 24
0 29
0 32
0 43
0 46
0 47
0 56
0 62
0 64
0 70
0 75
0 78
0 81
0 82
0 84
0 87
0 90
0 91
0 97
0 98
0 100
0 104
0 116
0 120
0 125
0 128
0 131
0 136
0 138
0 139
0 147
0 148
0 151
0 153
0 154
0 167
0 174
0 187
0 189
0 192
0 194
0 197
0 203
0 214
1 0
1 3
1 6
1 8
1 11
1 17
1 36
1 42
1 43
1 49
1 51
1 53
1 57
1 59
1 62
1 66
1 68
1 69
1 70
1 73
1 79
1 85
1 95
1 99
1 109
1 110
1 112
1 113
1 116
1 125
1 127
1 130
1 135
1 140
1 142
1 158
1 162
1 164
1 170
1 177
1 181
1 196
1 197
1 201
1 207
1 212
2 1
2 3
2 6
2 19
2 23
2 26
2 39
2 42
2 45
2 47
2 49
2 50
2 51
2 53
2 56
2 57
2 61
2 64
2 81
2 87
2 88
2 93
2 107
2 111
2 114
2 125
2 132
2 134
2 148
2 161
2 162
2 163
2 166
2 171
2 174
2 175
2 186
2 190
2 194
2 195
2 199
2 201
2 208
3 4
3 5
3 13
3 32
3 36
3 58
3 60
3 64
3 73
3 84
3 92
3 96
3 98
3 100
3 101
3 114
3 118
3 121
3 129
3 133
3 140
3 144
3 149
3 150
3 151
3 154
3 157
3 160
3 161
3 174
3 176
3 179
3 180
3 185
3 186
3 187
3 192
3 194
3 198
3 200
3 206
3 211
3 212
3 213
4 1
4 3
4 7
4 11
4 12
4 14
4 25
4 34
4 35
4 42
4 43
4 45
4 49
4 61
4 72
4 73
4 74
4 78
4 85
4 90
4 95
4 96
4 102
4 103
4 106
4 109
4 113
4 114
4 119
4 122
4 142
4 152
4 155
4 170
4 177
4 181
4 185
4 190
4 191
4 201
4 206
5 3
5 17
5 22
5 37
5 48
5 58
5 65
5 69
5 72
5 81
5 85
5 97
5 100
5 109
5 114
5 129
5 131
5 132
5 135
5 147
5 148
5 167
5 168
5 173
5 176
5 184
5 207
5 210
5 211
6 14
6 20
6 27
6 31
6 32
6 38
6 42
6 45
6 47
6 52
6 53
6 56
6 58
6 69
6 77
6 87
6 94
6 103
6 104
6 110
6 114
6 119
6 126
6 131
6 132
6 137
6 146
6 151
6 152
6 162
6 163
6 164
6 167
6 171
6 182
6 187
6 191
6 198
7 2
7 4
7 6
7 18
7 19
7 25
7 26
7 39
7 49
7 54
7 62
7 71
7 73
7 74
7 75
7 81
7 86
7 88
7 90
7 93
7 102
7 106
7 107
7 113
7 123
7 129
7 138
7 142
7 146
7 147
7 152
7 158
7 168
7 169
7 170
7 175
7 176
7 178
7 184
7 186
7 189
7 196
7 200
7 201
7 206
7 212
8 0
8 11
8 17
8 24
8 28
8 40
8 41
8 46
8 59
8 67
8 72
8 76
8 87
8 105
8 106
8 110
8 116
8 117
8 125
8 129
8 133
8 135
8 143
8 146
8 151
8 155
8 156
8 157
8 160
8 178
8 179
8 186
8 187
8 190
8 200
8 201
9 1
9 4
9 6
9 7
9 10
9 18
9 30
9 31
9 34
9 35
9 36
9 43
9 51
9 52
9 65
9 70
9 79
9 86
9 89
9 91
9 97
9 98
9 99
9 100
9 105
9 115
9 120
9 126
9 131
9 142
9 144
9 152
9 154
9 155
9 156
9 157
9 158
9 168
9 174
9 187
9 197
9 201
9 202
9 203
9 213
10 6
10 8
10 18
10 21
10 33
10 36
10 44
10 47
10 52
10 56
10 59
10 63
10 65
10 71
10 76
10 84
10 90
10 91
10 102
10 107
10 108
10 111
10 120
10 122
10 123
10 125
10 126
10 129
10 130
10 146
10 147
10 149
10 153
10 160
10 165
10 185
10 188
10 189
10 197
10 198
10 204
11 2
11 10
11 16
11 17
11 34
11 46
11 59
11 83
11 90
11 91
11 94
11 95
11 97
11 100
11 101
11 110
11 113
11 114
11 121
11 122
11 131
11 140
11 149
11 151
11 152
11 153
11 157
11 169
11 172
11 183
11 193
11 198
11 199
11 203
11 208
11 209
11 211
12 6
12 7
12 10
12 14
12 17
12 19
12 25
12 26
12 31
12 32
12 37
12 41
12 48
12 49
12 50
12 53
12 60
12 62
12 82
12 83
12 84
12 86
12 87
12 91
12 95
12 97
12 99
12 101
12 102
12 103
12 115
12 117
12 120
12 122
12 126
12 135
12 147
12 150
12 151
12 160
12 167
12 173
12 177
12 181
12 183
12 186
12 187
12 190
12 195
12 206
13 17
13 24
13 26
13 32
13 34
13 51
13 62
13 65
13 66
13 77
13 79
13 83
13 85
13 88
13 90
13 91
13 94
13 97
13 101
13 104
13 113
13 117
13 118
13 124
13 125
13 127
13 131
13 132
13 140
13 151
13 153
13 168
13 179
13 185
13 191
13 195
13 199
13 210
14 4
14 5
14 7
14 10
14 16
14 19
14 20
14 35
14 38
14 44
14 49
14 54
14 63
14 65
14 67
14 70
14 71
14 74
14 79
14 86
14 88
14 89
14 92
14 93
14 94
14 108
14 114
14 131
14 139
14 141
14 151
14 154
14 155
14 176
14 187
14 189
14 198
14 199
14 200
14 201
14 212
15 0
15 2
15 7
15 9
15 12
15 21
15 22
15 24
15 27
15 31
15 36
15 37
15 42
15 46
15 49
15 51
15 64
15 65
15 66
15 69
15 72
15 77
15 85
15 90
15 96
15 98
15 99
15 100
15 102
15 104
15 106
15 107
15 110
15 114
15 118
15 120
15 126
15 127
15 144
15 148
15 149
15 151
15 157
15 171
15 176
15 178
15 179
15 181
15 182
15 184
15 191
15 192
15 195
15 196
15 208
15 210
15 214
16 3
16 5
16 8
16 9
16 17
16 18
16 19
16 43
16 47
16 50
16 51
16 55
16 56
16 57
16 59
16 72
16 90
16 94
16 101
16 105
16 106
16 107
16 109
16 120
16 135
16 136
16 141
16 155
16 160
16 163
16 168
16 173
16 185
16 186
16 191
16 195
16 199
16 200
16 205
16 209
17 0
17 18
17 23
17 41
17 45
17 54
17 61
17 63
17 65
17 66
17 71
17 72
17 73
17 74
17 76
17 80
17 83
17 85
17 86
17 88
17 90
17 95
17 104
17 111
17 114
17 119
17 122
17 123
17 127
17 136
17 171
17 175
17 187
17 190
17 196
17 199
17 203
17 205
17 208
18 17
18 30
18 37
18 49
18 51
18 52
18 56
18 59
18 69
18 76
18 79
18 89
18 90
18 93
18 97
18 98
18 105
18 112
18 113
18 129
18 148
18 154
18 159
18 161
18 163
18 171
18 173
18 175
18 186
18 189
18 190
18 191
18 202
18 203
18 207
18 209
19 2
19 6
19 26
19 27
19 28
19 30
19 35
19 50
19 54
19 55
19 56
19 59
19 70
19 72
19 76
19 78
19 90
19 94
19 95
19 97
19 107
19 111
19 112
19 114
19 122
19 125
19 128
19 130
19 131
19 138
19 156
19 158
19 163
19 166
19 169
19 172
19 175
19 178
19 188
19 189
19 199
19 202
19 203
19 207
20 9
20 10
20 13
20 27
20 29
20 34
20 40
20 42
20 44
20 57
20 58
20 67
20 69
20 71
20 74
20 77
20 78
20 80
20 88
20 92
20 99
20 103
20 106
20 124
20 132
20 138
20 143
20 144
20 145
20 149
20 152
20 158
20 161
20 174
20 178
20 184
20 185
20 186
20 193
20 200
20 203
20 209
20 210
21 4
21 5
21 13
21 14
21 15
21 20
21 22
21 28
21 30
21 31
21 35
21 37
21 48
21 55
21 56
21 58
21 64
21 68
21 70
21 73
21 79
21 80
21 86
21 100
21 103
21 104
21 105
21 107
21 109
21 114
21 120
21 138
21 140
21 143
21 155
21 157
21 165
21 167
21 171
21 178
21 187
21 188
21 192
21 196
21 197
21 203
21 207
21 209
22 13
22 28
22 31
22 36
22 37
22 56
22 58
22 75
22 76
22 90
22 93
22 96
22 97
22 98
22 101
22 106
22 111
22 118
22 125
22 129
22 134
22 135
22 141
22 144
22 153
22 154
22 156
22 157
22 158
22 160
22 165
22 177
22 178
22 183
22 192
23 0
23 14
23 15
23 16
23 18
23 22
23 27
23 36
23 40
23 47
23 82
23 97
23 102
23 117
23 121
23 122
23 126
23 130
23 133
23 139
23 142
23 144
23 148
23 150
23 151
23 152
23 156
23 158
23 165
23 172
23 176
23 189
23 193
23 194
24 2
24 5
24 6
24 15
24 16
24 22
24 23
24 29
24 32
24 38
24 41
24 42
24 43
24 46
24 56
24 57
24 72
24 73
24 74
24 79
24 96
24 97
24 103
24 117
24 118
24 129
24 134
24 135
24 138
24 140
24 150
24 164
24 165
24 167
24 168
24 177
24 191
24 195
24 197
24 203
24 210
24 214
25 3
25 4
25 13
25 21
25 29
25 31
25 32
25 37
25 40
25 48
25 54
25 66
25 67
25 68
25 69
25 74
25 76
25 82
25 94
25 103
25 105
25 123
25 126
25 128
25 136
25 137
25 145
25 147
25 150
25 156
25 157
25 160
25 161
25 163
25 165
25 173
25 177
25 180
25 185
25 188
25 201
25 202
25 203
25 207
26 1
26 11
26 15
26 20
26 36
26 39
26 41
26 46
26 47
26 51
26 55
26 64
26 65
26 66
26 79
26 80
26 88
26 94
26 97
26 105
26 111
26 112
26 115
26 117
26 124
26 128
26 134
26 143
26 149
26 155
26 156
26 168
26 176
26 179
26 183
26 186
26 187
26 189
26 190
26 192
26 197
26 199
26 202
26 207
26 213
27 2
27 3
27 4
27 6
27 18
27 26
27 28
27 32
27 36
27 37
27 38
27 47
27 56
27 58
27 63
27 71
27 73
27 75
27 78
27 81
27 84
27 85
27 86
27 87
27 89
27 91
27 92
27 102
27 113
27 116
27 119
27 120
27 129
27 134
27 143
27 145
27 155
27 156
27 158
27 165
27 166
27 171
27 192
27 194
27 195
27 197
27 205
28 3
28 12
28 15
28 20
28 24
28 26
28 27
28 31
28 33
28 38
28 41
28 43
28 46
28 47
28 51
28 54
28 59
28 60
28 64
28 65
28 66
28 80
28 86
28 89
28 92
28 93
28 94
28 96
28 98
28 109
28 118
28 119
28 124
28 125
28 128
28 129
28 132
28 136
28 140
28 145
28 152
28 155
28 159
28 161
28 164
28 174
28 176
28 181
28 183
28 186
28 187
28 189
28 204
28 205
28 208
29 7
29 10
29 24
29 26
29 34
29 47
29 63
29 66
29 70
29 71
29 76
29 77
29 79
29 81
29 88
29 92
29 95
29 102
29 104
29 111
29 113
29 124
29 125
29 129
29 137
29 149
29 150
29 161
29 167
29 179
29 182
29 192
29 199
29 211
30 0
30 2
30 11
30 16
30 17
30 18
30 21
30 29
30 32
30 33
30 34
30 54
30 58
30 64
30 69
30 70
30 80
30 83
30 86
30 87
30 88
30 94
30 99
30 108
30 118
30 120
30 128
30 134
30 139
30 140
30 144
30 145
30 146
30 148
30 152
30 154
30 162
30 166
30 167
30 169
30 173
30 177
30 190
30 197
30 198
30 200
30 203
30 210
31 7
31 19
31 20
31 25
31 29
31 38
31 41
31 43
31 46
31 49
31 50
31 51
31 62
31 64
31 66
31 68
31 69
31 78
31 80
31 81
31 82
31 84
31 85
31 91
31 93
31 94
31 100
31 101
31 104
31 105
31 108
31 110
31 112
31 118
31 128
31 138
31 139
31 143
31 160
31 161
31 166
31 170
31 173
31 177
31 181
31 182
31 193
31 198
31 207
31 208
32 4
32 7
32 11
32 14
32 15
32 17
32 19
32 20
32 21
32 25
32 26
32 27
32 35
32 36
32 46
32 50
32 55
32 56
32 60
32 63
32 64
32 66
32 91
32 92
32 95
32 96
32 97
32 98
32 99
32 101
32 113
32 119
32 125
32 130
32 134
32 141
32 142
32 144
32 151
32 155
32 156
32 160
32 164
32 174
32 175
32 182
32 189
32 197
32 198
32 201
32 202
32 203
32 211
32 213
33 0
33 4
33 6
33 8
33 14
33 20
33 22
33 40
33 42
33 44
33 58
33 61
33 82
33 91
33 97
33 108
33 110
33 113
33 118
33 121
33 126
33 132
33 136
33 143
33 154
33 167
33 172
33 176
33 177
33 183
33 185
33 188
33 201
33 203
33 204
34 15
34 17
34 23
34 28
34 29
34 33
34 36
34 37
34 39
34 40
34 43
34 45
34 49
34 52
34 54
34 64
34 68
34 74
34 75
34 76
34 78
34 90
34 93
34 95
34 99
34 100
34 105
34 110
34 111
34 116
34 121
34 125
34 127
34 132
34 141
34 158
34 165
34 168
34 169
34 176
34 177
34 201
34 211
34 213
35 0
35 4
35 6
35 7
35 14
35 16
35 22
35 27
35 49
35 56
35 59
35 61
35 65
35 74
35 77
35 85
35 87
35 88
35 94
35 97
35 103
35 105
35 106
35 115
35 119
35 120
35 123
35 128
35 132
35 134
35 146
35 147
35 154
35 159
35 162
35 163
35 178
35 179
35 181
35 186
35 198
35 206
35 211
35 212
35 213
36 6
36 7
36 10
36 13
36 26
36 31
36 37
36 47
36 50
36 54
36 56
36 61
36 65
36 77
36 82
36 87
36 90
36 92
36 95
36 102
36 109
36 111
36 118
36 120
36 124
36 130
36 138
36 139
36 140
36 143
36 144
36 145
36 146
36 156
36 159
36 161
36 168
36 190
36 192
36 194
36 195
36 207
37 2
37 5
37 6
37 8
37 14
37 15
37 16
37 17
37 18
37 30
37 38
37 41
37 51
37 62
37 68
37 70
37 72
37 74
37 76
37 77
37 78
37 83
37 86
37 93
37 96
37 101
37 103
37 108
37 119
37 133
37 136
37 140
37 150
37 151
37 152
37 155
37 175
37 177
37 185
37 188
37 197
37 200
37 209
38 2
38 10
38 13
38 14
38 16
38 17
38 23
38 32
38 34
38 44
38 47
38 56
38 65
38 70
38 78
38 94
38 95
38 98
38 101
38 108
38 116
38 118
38 124
38 126
38 127
38 128
38 134
38 136
38 140
38 142
38 145
38 148
38 154
38 157
38 159
38 164
38 165
38 166
38 168
38 169
38 183
38 189
38 198
38 203
38 211
38 212
39 8
39 9
39 13
39 16
39 29
39 31
39 40
39 44
39 45
39 48
39 54
39 59
39 61
39 62
39 63
39 67
39 73
39 77
39 82
39 87
39 88
39 89
39 90
39 95
39 98
39 104
39 109
39 112
39 118
39 125
39 130
39 131
39 134
39 137
39 139
39 140
39 145
39 151
39 168
39 173
39 174
39 181
39 184
39 187
39 189
39 203
39 205
39 208
39 209
39 214
40 0
40 1
40 3
40 5
40 7
40 12
40 21
40 22
40 27
40 35
40 41
40 42
40 60
40 62
40 66
40 70
40 73
40 78
40 79
40 80
40 84
40 88
40 91
40 102
40 104
40 107
40 125
40 130
40 133
40 138
40 140
40 150
40 151
40 153
40 159
40 160
40 179
40 187
40 190
40 195
40 199
40 201
40 211
40 213
40 214
41 10
41 13
41 14
41 17
41 29
41 40
41 48
41 58
41 69
41 71
41 79
41 80
41 93
41 100
41 113
41 117
41 118
41 126
41 146
41 149
41 168
41 171
41 176
41 182
41 202
41 206
41 212
42 10
42 18
42 20
42 26
42 31
42 35
42 37
42 44
42 53
42 63
42 68
42 74
42 75
42 77
42 82
42 91
42 96
42 105
42 106
42 108
42 114
42 118
42 125
42 132
42 148
42 152
42 157
42 166
42 172
42 173
42 176
42 183
42 189
42 197
42 203
42 204
42 208
42 212
42 214
43 6
43 7
43 12
43 13
43 22
43 31
43 33
43 41
43 47
43 48
43 58
43 69
43 70
43 72
43 86
43 93
43 98
43 101
43 102
43 107
43 108
43 120
43 122
43 126
43 130
43 133
43 141
43 148
43 153
43 154
43 157
43 158
43 170
43 172
43 177
43 181
43 184
43 194
43 196
43 209
44 8
44 11
44 26
44 29
44 32
44 40
44 41
44 43
44 48
44 51
44 53
44 59
44 61
44 67
44 70
44 75
44 76
44 80
44 81
44 86
44 87
44 89
44 92
44 99
44 102
44 105
44 108
44 115
44 116
44 120
44 142
44 143
44 147
44 149
44 151
44 152
44 153
44 155
44 157
44 161
44 162
44 170
44 172
44 173
44 179
44 185
44 188
44 200
44 206
44 214
45 4
45 12
45 16
45 18
45 21
45 22
45 26
45 27
45 36
45 46
45 48
45 55
45 69
45 70
45 83
45 85
45 90
45 91
45 92
45 96
45 100
45 109
45 116
45 120
45 123
45 124
45 130
45 141
45 146
45 149
45 150
45 157
45 158
45 160
45 164
45 171
45 174
45 197
45 203
45 204
45 212
45 214
46 2
46 19
46 21
46 22
46 28
46 30
46 44
46 48
46 49
46 50
46 53
46 72
46 75
46 85
46 88
46 93
46 96
46 106
46 126
46 129
46 133
46 134
46 144
46 146
46 150
46 155
46 166
46 167
46 168
46 171
46 173
46 184
46 190
46 207
47 2
47 4
47 9
47 14
47 20
47 33
47 37
47 39
47 40
47 42
47 43
47 44
47 46
47 61
47 66
47 67
47 68
47 73
47 76
47 78
47 79
47 85
47 89
47 90
47 91
47 98
47 99
47 102
47 117
47 118
47 129
47 130
47 135
47 144
47 146
47 150
47 153
47 154
47 155
47 159
47 160
47 161
47 165
47 170
47 182
47 183
47 194
47 197
47 198
47 201
47 207
47 208
48 7
48 9
48 12
48 15
48 29
48 31
48 43
48 46
48 55
48 56
48 62
48 74
48 83
48 86
48 91
48 97
48 101
48 111
48 112
48 126
48 129
48 132
48 139
48 140
48 141
48 142
48 147
48 148
48 163
48 169
48 170
48 172
48 183
48 189
48 190
48 195
48 198
48 201
48 206
48 207
48 208
49 7
49 10
49 13
49 15
49 22
49 24
49 36
49 41
49 47
49 57
49 59
49 67
49 74
49 77
49 80
49 82
49 83
49 86
49 94
49 95
49 99
49 110
49 114
49 126
49 128
49 137
49 147
49 153
49 161
49 162
49 165
49 170
49 171
49 174
49 181
49 192
49 195
49 197
49 199
49 201
49 202
50 0
50 5
50 7
50 20
50 24
50 41
50 43
50 44
50 55
50 59
50 63
50 69
50 70
50 71
50 78
50 82
50 83
50 95
50 96
50 102
50 107
50 111
50 116
50 122
50 133
50 140
50 150
50 151
50 157
50 160
50 167
50 172
50 173
50 175
50 185
50 187
50 199
50 201
50 207
50 208
50 211
50 212
50 213
51 1
51 5
51 6
51 10
51 13
51 15
51 19
51 21
51 32
51 33
51 35
51 41
51 43
51 52
51 53
51 58
51 60
51 64
51 69
51 74
51 77
51 82
51 106
51 107
51 110
51 111
51 124
51 129
51 130
51 132
51 133
51 135
51 138
51 149
51 151
51 157
51 159
51 165
51 166
51 171
51 173
51 179
51 184
51 193
51 195
51 201
51 206
51 209
51 210
51 213
52 2
52 4
52 7
52 10
52 12
52 16
52 41
52 49
52 69
52 76
52 84
52 91
52 98
52 110
52 121
52 123
52 125
52 130
52 136
52 137
52 150
52 159
52 165
52 170
52 171
52 173
52 185
52 191
52 193
52 203
52 205
53 3
53 4
53 7
53 13
53 19
53 25
53 32
53 38
53 40
53 62
53 87
53 96
53 103
53 106
53 121
53 123
53 125
53 130
53 132
53 140
53 143
53 145
53 148
53 172
53 175
53 179
53 180
53 182
53 183
53 186
53 187
53 190
53 191
53 194
53 202
53 205
53 206
53 214
54 2
54 16
54 19
54 20
54 44
54 52
54 59
54 60
54 62
54 63
54 86
54 89
54 91
54 100
54 103
54 112
54 117
54 118
54 120
54 127
54 139
54 140
54 147
54 155
54 167
54 168
54 172
54 180
54 188
54 190
54 211
55 0
55 4
55 11
55 12
55 13
55 21
55 25
55 28
55 31
55 32
55 34
55 35
55 40
55 41
55 42
55 58
55 61
55 69
55 70
55 72
55 75
55 80
55 85
55 88
55 103
55 109
55 118
55 124
55 127
55 129
55 130
55 143
55 157
55 159
55 165
55 167
55 171
55 172
55 179
55 188
55 190
55 191
55 198
55 199
55 201
55 204
55 206
55 208
55 211
55 212
56 2
56 3
56 10
56 18
56 22
56 32
56 37
56 39
56 49
56 53
56 54
56 55
56 63
56 65
56 67
56 70
56 75
56 77
56 81
56 84
56 85
56 87
56 101
56 107
56 117
56 119
56 123
56 127
56 129
56 145
56 146
56 147
56 156
56 166
56 171
56 179
56 184
56 185
56 192
56 201
56 212
57 16
57 21
57 39
57 41
57 44
57 45
57 46
57 54
57 59
57 77
57 78
57 79
57 88
57 92
57 93
57 97
57 101
57 102
57 107
57 109
57 110
57 114
57 119
57 128
57 139
57 142
57 143
57 149
57 150
57 151
57 157
57 168
57 169
57 171
57 172
57 185
57 189
57 192
57 202
57 203
57 214
58 2
58 4
58 5
58 7
58 12
58 20
58 25
58 26
58 30
58 33
58 39
58 49
58 59
58 64
58 73
58 79
58 84
58 93
58 108
58 111
58 122
58 125
58 126
58 131
58 134
58 141
58 152
58 154
58 164
58 180
58 197
58 199
58 213
58 214
59 2
59 3
59 14
59 28
59 31
59 32
59 41
59 44
59 54
59 58
59 66
59 67
59 75
59 77
59 81
59 83
59 91
59 109
59 114
59 118
59 119
59 121
59 122
59 130
59 135
59 138
59 140
59 142
59 144
59 145
59 148
59 153
59 165
59 168
59 170
59 179
59 185
59 191
59 197
59 199
59 201
59 205
59 210
59 212
60 2
60 6
60 7
60 19
60 21
60 26
60 34
60 36
60 42
60 49
60 55
60 57
60 62
60 64
60 79
60 80
60 83
60 85
60 89
60 103
60 106
60 109
60 115
60 118
60 128
60 131
60 132
60 133
60 141
60 144
60 149
60 155
60 158
60 159
60 160
60 169
60 170
60 174
60 177
60 178
60 181
60 182
60 183
60 185
60 186
60 198
60 199
60 201
60 207
60 208
60 212
60 213
61 1
61 9
61 13
61 14
61 19
61 20
61 21
61 25
61 35
61 45
61 50
61 54
61 59
61 67
61 74
61 79
61 81
61 85
61 88
61 91
61 92
61 93
61 100
61 111
61 112
61 117
61 123
61 130
61 148
61 154
61 156
61 157
61 158
61 165
61 173
61 176
61 179
61 199
61 205
62 5
62 6
62 15
62 16
62 19
62 22
62 24
62 28
62 32
62 34
62 48
62 54
62 57
62 58
62 61
62 68
62 75
62 76
62 91
62 102
62 103
62 118
62 124
62 126
62 129
62 132
62 134
62 140
62 151
62 160
62 169
62 176
62 177
62 181
62 186
62 187
62 195
62 196
62 202
62 209
63 8
63 11
63 17
63 23
63 38
63 39
63 42
63 57
63 58
63 59
63 70
63 72
63 77
63 78
63 95
63 98
63 99
63 104
63 111
63 127
63 128
63 132
63 151
63 152
63 159
63 174
63 178
63 179
63 183
63 190
63 191
63 194
63 197
63 198
64 3
64 4
64 7
64 8
64 16
64 21
64 23
64 29
64 32
64 36
64 37
64 48
64 57
64 59
64 67
64 78
64 79
64 82
64 83
64 84
64 86
64 92
64 101
64 105
64 106
64 108
64 109
64 111
64 137
64 151
64 154
64 157
64 165
64 168
64 169
64 172
64 177
64 183
64 194
64 199
64 201
64 206
64 212
64 213
65 0
65 3
65 10
65 11
65 18
65 19
65 26
65 28
65 31
65 34
65 35
65 46
65 49
65 54
65 58
65 60
65 72
65 77
65 79
65 85
65 98
65 99
65 105
65 106
65 108
65 109
65 110
65 118
65 119
65 126
65 127
65 128
65 134
65 135
65 139
65 141
65 145
65 147
65 149
65 151
65 152
65 153
65 154
65 168
65 189
65 190
65 191
65 194
65 195
65 207
65 211
66 4
66 6
66 13
66 16
66 19
66 22
66 24
66 28
66 35
66 38
66 39
66 42
66 43
66 47
66 48
66 49
66 50
66 52
66 53
66 56
66 59
66 72
66 74
66 79
66 84
66 88
66 105
66 106
66 109
66 114
66 115
66 118
66 121
66 124
66 132
66 136
66 143
66 145
66 146
66 147
66 153
66 164
66 165
66 169
66 172
66 174
66 185
66 187
66 188
66 191
66 193
66 194
66 196
66 199
66 200
66 204
66 205
66 208
66 212
66 213
67 6
67 18
67 19
67 23
67 26
67 30
67 39
67 42
67 44
67 59
67 62
67 64
67 70
67 76
67 79
67 107
67 108
67 109
67 118
67 127
67 129
67 134
67 138
67 140
67 147
67 166
67 167
67 176
67 193
67 200
67 203
67 204
67 205
68 2
68 6
68 9
68 11
68 12
68 15
68 17
68 25
68 28
68 33
68 34
68 35
68 36
68 50
68 60
68 63
68 64
68 67
68 70
68 72
68 76
68 78
68 81
68 86
68 104
68 109
68 140
68 146
68 150
68 151
68 155
68 158
68 165
68 175
68 176
68 178
68 179
68 180
68 199
68 201
68 210
68 213
69 26
69 33
69 34
69 38
69 43
69 46
69 48
69 54
69 65
69 85
69 86
69 88
69 90
69 110
69 111
69 115
69 119
69 121
69 122
69 129
69 133
69 135
69 137
69 141
69 145
69 148
69 168
69 175
69 182
69 185
69 189
69 200
69 201
69 205
69 206
69 210
69 213
70 4
70 7
70 10
70 12
70 14
70 15
70 23
70 31
70 36
70 38
70 40
70 43
70 47
70 48
70 53
70 58
70 60
70 61
70 66
70 77
70 82
70 85
70 92
70 102
70 105
70 110
70 113
70 114
70 116
70 124
70 130
70 131
70 136
70 139
70 142
70 150
70 152
70 154
70 156
70 161
70 164
70 168
70 185
70 187
70 188
70 197
70 203
70 205
70 214
71 0
71 8
71 12
71 15
71 18
71 21
71 28
71 33
71 36
71 39
71 41
71 45
71 50
71 52
71 55
71 58
71 61
71 62
71 72
71 75
71 76
71 80
71 84
71 87
71 91
71 94
71 100
71 103
71 105
71 108
71 112
71 125
71 136
71 137
71 141
71 143
71 144
71 149
71 154
71 159
71 162
71 175
71 179
71 180
71 186
71 199
71 204
71 205
71 209
71 212
71 213
72 0
72 1
72 5
72 10
72 14
72 22
72 26
72 32
72 40
72 47
72 49
72 50
72 53
72 60
72 67
72 68
72 71
72 81
72 83
72 101
72 102
72 112
72 113
72 127
72 130
72 134
72 135
72 138
72 142
72 151
72 153
72 157
72 159
72 171
72 176
72 181
72 187
72 195
72 200
72 206
72 208
72 212
73 4
73 5
73 7
73 8
73 9
73 13
73 17
73 22
73 27
73 29
73 33
73 35
73 37
73 38
73 39
73 40
73 42
73 47
73 48
73 49
73 56
73 62
73 63
73 74
73 76
73 87
73 88
73 96
73 101
73 103
73 111
73 114
73 115
73 121
73 122
73 123
73 126
73 130
73 131
73 133
73 141
73 142
73 148
73 149
73 157
73 164
73 174
73 175
73 179
73 180
73 190
73 192
73 197
73 203
73 204
74 1
74 6
74 7
74 10
74 12
74 17
74 22
74 27
74 31
74 33
74 34
74 38
74 39
74 41
74 47
74 56
74 60
74 63
74 68
74 69
74 76
74 97
74 98
74 99
74 101
74 102
74 107
74 108
74 118
74 123
74 124
74 127
74 131
74 134
74 138
74 145
74 149
74 157
74 162
74 164
74 172
74 174
74 175
74 178
74 180
74 182
74 187
74 189
74 197
74 205
74 208
74 210
74 214
75 7
75 9
75 13
75 15
75 19
75 23
75 28
75 33
75 38
75 45
75 49
75 52
75 55
75 68
75 72
75 76
75 79
75 80
75 83
75 89
75 112
75 120
75 121
75 122
75 129
75 130
75 132
75 140
75 143
75 145
75 147
75 152
75 153
75 160
75 163
75 170
75 176
75 179
75 181
75 183
75 185
75 187
75 190
75 192
75 199
75 203
75 211
75 214
76 1
76 2
76 3
76 14
76 16
76 21
76 23
76 29
76 33
76 39
76 44
76 45
76 55
76 57
76 59
76 67
76 69
76 70
76 78
76 81
76 82
76 86
76 89
76 90
76 93
76 95
76 101
76 106
76 111
76 121
76 128
76 131
76 132
76 133
76 137
76 139
76 140
76 141
76 143
76 145
76 151
76 154
76 158
76 161
76 163
76 164
76 169
76 182
76 185
76 186
76 196
76 210
76 211
76 212
77 0
77 7
77 10
77 11
77 15
77 16
77 20
77 21
77 25
77 27
77 35
77 39
77 42
77 49
77 52
77 64
77 71
77 76
77 86
77 87
77 92
77 94
77 96
77 99
77 114
77 115
77 117
77 130
77 131
77 132
77 136
77 138
77 147
77 160
77 162
77 167
77 168
77 190
77 191
77 197
77 199
77 202
77 203
77 206
77 210
78 2
78 3
78 5
78 13
78 25
78 26
78 28
78 29
78 38
78 47
78 59
78 62
78 69
78 75
78 76
78 80
78 88
78 91
78 93
78 96
78 103
78 111
78 112
78 117
78 124
78 134
78 140
78 153
78 158
78 171
78 176
78 179
78 206
78 208
78 210
79 2
79 6
79 8
79 10
79 16
79 24
79 25
79 26
79 33
79 34
79 43
79 52
79 57
79 58
79 60
79 61
79 73
79 83
79 99
79 103
79 109
79 112
79 131
79 132
79 133
79 139
79 140
79 146
79 147
79 171
79 177
79 178
79 182
79 189
79 190
79 202
79 204
79 213
80 1
80 4
80 14
80 15
80 19
80 26
80 32
80 39
80 42
80 47
80 54
80 60
80 62
80 71
80 72
80 82
80 84
80 92
80 98
80 101
80 103
80 120
80 127
80 136
80 150
80 151
80 157
80 158
80 163
80 166
80 172
80 185
80 188
80 192
80 194
80 197
80 200
80 204
80 206
81 1
81 3
81 8
81 10
81 14
81 23
81 46
81 52
81 53
81 57
81 59
81 60
81 61
81 68
81 70
81 76
81 82
81 88
81 90
81 99
81 106
81 107
81 113
81 114
81 121
81 128
81 130
81 131
81 133
81 142
81 153
81 156
81 160
81 163
81 165
81 166
81 171
81 172
81 173
81 180
81 181
81 204
81 205
81 210
82 4
82 15
82 16
82 22
82 24
82 29
82 35
82 37
82 41
82 42
82 45
82 52
82 61
82 64
82 74
82 75
82 87
82 89
82 90
82 96
82 101
82 109
82 112
82 113
82 116
82 120
82 128
82 138
82 146
82 155
82 162
82 163
82 182
82 185
82 186
82 187
82 188
82 195
82 213
83 9
83 12
83 14
83 17
83 18
83 21
83 22
83 32
83 35
83 38
83 39
83 40
83 50
83 57
83 66
83 72
83 73
83 74
83 79
83 81
83 85
83 94
83 95
83 97
83 111
83 119
83 122
83 125
83 131
83 133
83 143
83 153
83 158
83 165
83 174
83 181
83 187
83 190
83 191
83 195
83 196
83 202
83 203
83 212
83 213
83 214
84 0
84 6
84 8
84 10
84 13
84 17
84 20
84 25
84 31
84 34
84 37
84 38
84 40
84 42
84 50
84 59
84 60
84 62
84 73
84 80
84 82
84 86
84 88
84 92
84 99
84 100
84 101
84 106
84 107
84 121
84 124
84 125
84 132
84 136
84 146
84 147
84 149
84 151
84 157
84 160
84 164
84 172
84 175
84 178
84 181
84 195
84 199
84 204
84 205
84 213
85 2
85 5
85 11
85 31
85 32
85 33
85 38
85 42
85 49
85 50
85 56
85 58
85 60
85 62
85 70
85 73
85 80
85 82
85 84
85 86
85 87
85 92
85 93
85 94
85 106
85 123
85 127
85 140
85 145
85 148
85 150
85 155
85 157
85 159
85 161
85 163
85 167
85 189
85 192
85 193
85 198
85 201
85 206
85 207
86 1
86 2
86 4
86 12
86 13
86 24
86 29
86 32
86 38
86 43
86 53
86 55
86 62
86 64
86 68
86 79
86 80
86 87
86 94
86 105
86 107
86 112
86 119
86 123
86 124
86 129
86 134
86 142
86 145
86 148
86 155
86 157
86 160
86 169
86 170
86 174
86 177
86 178
86 182
86 185
86 188
86 204
86 207
86 209
86 210
86 213
87 2
87 9
87 16
87 21
87 22
87 27
87 30
87 39
87 40
87 41
87 45
87 48
87 59
87 68
87 70
87 78
87 80
87 82
87 92
87 101
87 107
87 108
87 113
87 119
87 128
87 131
87 132
87 140
87 141
87 143
87 146
87 148
87 156
87 159
87 160
87 167
87 171
87 174
87 177
87 178
87 181
87 182
87 187
87 191
87 192
87 193
87 195
87 196
87 206
87 208
88 1
88 9
88 12
88 19
88 34
88 39
88 41
88 46
88 47
88 49
88 59
88 65
88 79
88 94
88 95
88 97
88 99
88 106
88 107
88 108
88 111
88 115
88 116
88 128
88 132
88 136
88 139
88 144
88 152
88 154
88 157
88 158
88 160
88 163
88 172
88 180
88 181
88 193
88 195
88 196
88 203
88 204
88 206
88 208
88 212
89 3
89 4
89 9
89 15
89 18
89 22
89 25
89 26
89 34
89 35
89 44
89 50
89 52
89 55
89 59
89 64
89 66
89 68
89 70
89 72
89 88
89 119
89 120
89 126
89 131
89 135
89 136
89 137
89 145
89 153
89 158
89 163
89 169
89 171
89 173
89 177
89 178
89 204
90 3
90 11
90 16
90 18
90 21
90 23
90 30
90 33
90 34
90 47
90 49
90 52
90 71
90 74
90 75
90 78
90 81
90 83
90 86
90 87
90 89
90 91
90 93
90 96
90 102
90 106
90 113
90 117
90 130
90 134
90 135
90 145
90 147
90 155
90 157
90 159
90 164
90 171
90 180
90 191
90 195
90 201
90 202
90 204
90 205
90 206
91 1
91 2
91 17
91 18
91 19
91 22
91 26
91 47
91 67
91 71
91 72
91 75
91 76
91 84
91 85
91 100
91 106
91 107
91 108
91 111
91 122
91 130
91 146
91 162
91 164
91 167
91 170
91 177
91 182
91 183
91 199
91 202
91 204
91 208
91 211
92 8
92 13
92 16
92 28
92 31
92 41
92 47
92 49
92 52
92 54
92 57
92 58
92 61
92 66
92 73
92 78
92 79
92 84
92 87
92 89
92 96
92 97
92 102
92 116
92 123
92 125
92 127
92 134
92 138
92 139
92 143
92 145
92 151
92 154
92 161
92 162
92 165
92 169
92 171
92 173
92 174
92 177
92 180
92 184
92 192
92 198
92 199
92 203
92 210
92 211
92 213
93 4
93 7
93 13
93 16
93 37
93 44
93 46
93 57
93 63
93 65
93 70
93 72
93 74
93 77
93 80
93 86
93 90
93 91
93 98
93 100
93 103
93 105
93 108
93 114
93 124
93 126
93 131
93 134
93 136
93 145
93 150
93 157
93 159
93 162
93 172
93 178
93 183
93 186
93 188
93 195
93 200
93 209
93 214
94 3
94 5
94 8
94 12
94 16
94 18
94 20
94 28
94 44
94 50
94 51
94 56
94 64
94 71
94 76
94 77
94 78
94 80
94 89
94 101
94 106
94 109
94 110
94 116
94 118
94 123
94 125
94 130
94 140
94 143
94 147
94 149
94 151
94 152
94 155
94 159
94 163
94 164
94 169
94 174
94 177
94 183
94 188
94 189
94 190
94 191
94 193
94 198
94 201
94 208
94 211
94 213
95 7
95 14
95 16
95 23
95 31
95 35
95 38
95 59
95 60
95 81
95 84
95 91
95 107
95 111
95 114
95 121
95 132
95 134
95 138
95 140
95 147
95 154
95 156
95 157
95 164
95 167
95 173
95 176
95 183
95 196
95 200
95 203
95 207
96 4
96 6
96 7
96 11
96 19
96 30
96 33
96 34
96 41
96 43
96 46
96 53
96 54
96 81
96 88
96 89
96 97
96 101
96 104
96 105
96 106
96 117
96 124
96 126
96 132
96 134
96 137
96 139
96 141
96 142
96 145
96 148
96 158
96 161
96 182
96 187
96 189
96 202
96 212
97 1
97 3
97 16
97 21
97 37
97 41
97 45
97 49
97 55
97 57
97 67
97 69
97 71
97 79
97 86
97 89
97 91
97 94
97 106
97 123
97 124
97 136
97 151
97 156
97 164
97 168
97 178
97 180
97 181
97 185
97 188
97 190
97 195
97 196
97 207
97 213
98 3
98 6
98 8
98 16
98 17
98 18
98 25
98 26
98 27
98 36
98 53
98 54
98 57
98 68
98 73
98 83
98 84
98 87
98 95
98 111
98 115
98 117
98 127
98 129
98 132
98 134
98 137
98 139
98 145
98 151
98 154
98 161
98 164
98 175
98 177
98 180
98 183
98 185
98 189
98 192
98 193
98 197
98 198
98 204
98 210
98 212
99 0
99 4
99 7
99 8
99 9
99 10
99 13
99 14
99 31
99 34
99 37
99 40
99 59
99 63
99 65
99 71
99 84
99 85
99 98
99 100
99 123
99 124
99 128
99 131
99 136
99 137
99 147
99 154
99 158
99 166
99 167
99 172
99 175
99 177
99 178
99 179
99 181
99 183
99 185
99 190
99 191
99 192
99 193
99 196
99 198
99 200
99 204
99 213
100 0
100 1
100 2
100 5
100 9
100 14
100 17
100 32
100 42
100 43
100 46
100 52
100 59
100 65
100 72
100 78
100 84
100 89
100 90
100 91
100 108
100 111
100 113
100 123
100 132
100 139
100 147
100 153
100 155
100 159
100 169
100 175
100 177
100 179
100 180
100 181
100 210
100 213
101 3
101 5
101 15
101 16
101 17
101 18
101 21
101 25
101 36
101 44
101 49
101 53
101 59
101 61
101 68
101 74
101 84
101 90
101 91
101 94
101 111
101 123
101 127
101 128
101 137
101 145
101 153
101 154
101 155
101 161
101 162
101 163
101 165
101 169
101 171
101 175
101 176
101 179
101 181
101 184
101 187
101 193
101 194
101 201
102 4
102 24
102 26
102 33
102 35
102 39
102 44
102 46
102 49
102 51
102 52
102 54
102 60
102 63
102 68
102 87
102 89
102 96
102 104
102 108
102 109
102 114
102 117
102 120
102 134
102 135
102 138
102 139
102 143
102 145
102 146
102 147
102 154
102 157
102 169
102 172
102 183
102 191
102 194
102 195
102 196
102 199
102 200
102 204
102 211
103 8
103 10
103 12
103 15
103 20
103 35
103 37
103 41
103 46
103 47
103 59
103 62
103 65
103 67
103 69
103 71
103 74
103 78
103 79
103 84
103 86
103 92
103 96
103 105
103 120
103 121
103 122
103 126
103 128
103 140
103 145
103 148
103 150
103 151
103 152
103 154
103 164
103 165
103 169
103 172
103 173
103 174
103 180
103 189
103 191
103 192
103 194
103 203
103 206
103 213
103 214
104 2
104 8
104 10
104 13
104 15
104 21
104 26
104 51
104 58
104 81
104 83
104 90
104 94
104 105
104 108
104 114
104 121
104 124
104 127
104 137
104 143
104 152
104 158
104 159
104 161
104 162
104 164
104 172
104 176
104 183
104 191
104 195
104 196
104 205
105 5
105 15
105 17
105 21
105 24
105 27
105 35
105 40
105 42
105 45
105 51
105 53
105 54
105 65
105 66
105 70
105 79
105 86
105 87
105 97
105 104
105 109
105 118
105 122
105 124
105 132
105 145
105 157
105 166
105 168
105 173
105 175
105 187
105 190
105 195
105 199
105 204
105 205
106 1
106 3
106 4
106 6
106 20
106 23
106 24
106 27
106 29
106 43
106 47
106 49
106 56
106 57
106 67
106 69
106 75
106 86
106 109
106 112
106 119
106 123
106 132
106 135
106 142
106 145
106 147
106 153
106 154
106 156
106 164
106 166
106 170
106 173
106 175
106 178
106 179
106 182
106 190
106 191
106 194
106 203
106 206
106 211
107 2
107 5
107 11
107 15
107 17
107 19
107 32
107 40
107 41
107 49
107 52
107 63
107 67
107 74
107 77
107 78
107 80
107 83
107 86
107 89
107 94
107 95
107 97
107 114
107 118
107 119
107 122
107 126
107 128
107 139
107 147
107 152
107 154
107 163
107 166
107 181
107 190
107 193
107 195
107 196
107 214
108 1
108 2
108 12
108 14
108 17
108 25
108 32
108 34
108 39
108 42
108 43
108 47
108 54
108 56
108 69
108 76
108 79
108 85
108 86
108 101
108 109
108 127
108 128
108 136
108 137
108 139
108 146
108 147
108 149
108 150
108 154
108 158
108 163
108 167
108 169
108 170
108 182
108 184
108 185
108 186
108 193
108 198
108 199
108 200
108 204
108 206
108 207
108 210
108 212
109 1
109 6
109 10
109 12
109 13
109 25
109 34
109 35
109 38
109 44
109 50
109 83
109 90
109 101
109 112
109 124
109 127
109 129
109 131
109 136
109 137
109 138
109 140
109 146
109 148
109 149
109 153
109 155
109 159
109 186
109 206
109 207
109 211
110 11
110 18
110 20
110 23
110 31
110 59
110 65
110 66
110 69
110 72
110 73
110 77
110 80
110 81
110 83
110 90
110 96
110 98
110 102
110 104
110 106
110 112
110 114
110 121
110 124
110 125
110 136
110 137
110 138
110 147
110 153
110 158
110 161
110 167
110 181
110 182
110 185
110 189
110 192
110 208
110 209
111 0
111 4
111 12
111 16
111 18
111 23
111 27
111 29
111 33
111 36
111 57
111 66
111 69
111 81
111 82
111 86
111 95
111 96
111 99
111 103
111 116
111 120
111 122
111 127
111 129
111 130
111 137
111 139
111 143
111 145
111 147
111 155
111 163
111 165
111 169
111 171
111 179
111 181
111 182
111 183
111 195
111 197
111 199
111 208
111 214
112 1
112 3
112 7
112 8
112 11
112 13
112 17
112 21
112 26
112 28
112 51
112 52
112 53
112 56
112 63
112 66
112 71
112 73
112 74
112 76
112 77
112 89
112 95
112 101
112 106
112 111
112 133
112 137
112 138
112 140
112 141
112 142
112 176
112 187
112 188
112 190
112 200
112 205
113 11
113 17
113 21
113 24
113 27
113 28
113 29
113 32
113 33
113 44
113 50
113 55
113 58
113 71
113 81
113 82
113 83
113 84
113 89
113 93
113 97
113 98
113 99
113 104
113 105
113 110
113 117
113 122
113 134
113 135
113 140
113 142
113 152
113 158
113 160
113 161
113 162
113 163
113 165
113 174
113 191
113 196
113 205
113 211
113 212
114 3
114 5
114 10
114 14
114 15
114 23
114 27
114 30
114 32
114 33
114 38
114 41
114 54
114 60
114 63
114 73
114 75
114 76
114 79
114 82
114 91
114 103
114 107
114 110
114 111
114 117
114 121
114 123
114 139
114 142
114 144
114 145
114 150
114 159
114 160
114 164
114 168
114 174
114 177
114 182
114 189
114 193
114 194
114 198
114 207
115 5
115 22
115 34
115 39
115 47
115 52
115 59
115 60
115 68
115 74
115 78
115 79
115 91
115 94
115 99
115 109
115 110
115 113
115 116
115 117
115 122
115 123
115 126
115 137
115 147
115 148
115 149
115 154
115 163
115 168
115 169
115 172
115 187
115 191
115 194
115 195
115 205
115 213
116 1
116 3
116 12
116 17
116 24
116 35
116 44
116 45
116 48
116 53
116 55
116 59
116 61
116 62
116 75
116 78
116 84
116 86
116 89
116 92
116 102
116 103
116 107
116 108
116 117
116 119
116 122
116 129
116 132
116 141
116 147
116 150
116 155
116 158
116 161
116 162
116 164
116 171
116 176
116 179
116 180
116 184
116 187
116 189
116 194
116 203
117 1
117 7
117 13
117 17
117 24
117 28
117 36
117 38
117 39
117 53
117 54
117 55
117 61
117 65
117 69
117 70
117 73
117 75
117 81
117 86
117 94
117 97
117 106
117 111
117 119
117 121
117 122
117 127
117 128
117 131
117 132
117 141
117 146
117 151
117 155
117 162
117 167
117 179
117 181
117 183
117 189
117 193
117 196
117 201
117 202
117 204
117 211
118 2
118 8
118 13
118 27
118 29
118 40
118 43
118 49
118 53
118 58
118 61
118 63
118 65
118 72
118 79
118 83
118 84
118 91
118 93
118 97
118 101
118 108
118 120
118 136
118 139
118 143
118 151
118 169
118 184
118 189
118 197
118 199
118 200
118 201
118 203
118 205
118 213
119 0
119 5
119 6
119 7
119 9
119 10
119 15
119 16
119 22
119 26
119 30
119 36
119 39
119 54
119 61
119 64
119 72
119 76
119 82
119 85
119 86
119 89
119 98
119 114
119 122
119 124
119 129
119 132
119 133
119 134
119 138
119 144
119 148
119 160
119 164
119 172
119 178
119 181
119 186
119 189
119 191
119 202
119 213
119 214
120 9
120 10
120 14
120 19
120 25
120 29
120 49
120 53
120 58
120 62
120 80
120 89
120 91
120 93
120 96
120 106
120 113
120 132
120 134
120 139
120 150
120 161
120 162
120 163
120 164
120 170
120 180
120 183
120 189
120 190
120 192
120 197
120 205
120 208
120 210
120 212
121 2
121 3
121 26
121 38
121 41
121 45
121 47
121 71
121 77
121 81
121 82
121 92
121 99
121 100
121 107
121 111
121 115
121 116
121 119
121 122
121 124
121 128
121 138
121 141
121 144
121 147
121 148
121 149
121 172
121 173
121 175
121 176
121 181
121 183
121 184
121 185
121 188
121 192
121 208
122 2
122 9
122 10
122 15
122 17
122 24
122 27
122 31
122 32
122 33
122 37
122 39
122 42
122 43
122 44
122 45
122 46
122 59
122 61
122 67
122 69
122 72
122 80
122 83
122 89
122 92
122 100
122 104
122 106
122 108
122 114
122 115
122 117
122 118
122 120
122 124
122 130
122 131
122 133
122 135
122 137
122 147
122 152
122 153
122 155
122 156
122 162
122 169
122 173
122 178
122 180
122 186
122 188
122 191
122 195
122 198
122 200
122 204
123 12
123 21
123 26
123 28
123 31
123 42
123 47
123 59
123 79
123 85
123 86
123 92
123 97
123 103
123 105
123 106
123 113
123 114
123 116
123 122
123 124
123 127
123 138
123 140
123 147
123 155
123 191
123 199
123 209
124 1
124 6
124 8
124 14
124 18
124 23
124 30
124 34
124 35
124 37
124 39
124 46
124 48
124 54
124 60
124 62
124 64
124 75
124 81
124 82
124 83
124 85
124 89
124 98
124 103
124 105
124 108
124 111
124 116
124 129
124 131
124 133
124 136
124 140
124 143
124 145
124 148
124 152
124 154
124 156
124 160
124 166
124 168
124 173
124 174
124 176
124 183
124 187
124 192
124 200
124 201
124 210
124 214
125 3
125 21
125 32
125 34
125 39
125 45
125 64
125 66
125 72
125 74
125 75
125 76
125 78
125 79
125 84
125 86
125 92
125 96
125 99
125 109
125 110
125 116
125 120
125 121
125 123
125 130
125 134
125 142
125 146
125 147
125 158
125 161
125 173
125 176
125 186
125 188
125 196
125 200
125 202
125 203
125 209
126 5
126 9
126 12
126 13
126 14
126 15
126 27
126 30
126 41
126 43
126 47
126 50
126 64
126 67
126 81
126 83
126 85
126 87
126 95
126 105
126 118
126 119
126 120
126 121
126 123
126 125
126 127
126 132
126 138
126 140
126 141
126 146
126 155
126 156
126 160
126 164
126 167
126 176
126 178
126 184
126 191
126 199
126 204
126 213
126 214
127 6
127 8
127 13
127 16
127 17
127 26
127 34
127 36
127 37
127 41
127 45
127 49
127 54
127 57
127 59
127 62
127 64
127 69
127 72
127 73
127 77
127 78
127 85
127 88
127 95
127 108
127 113
127 114
127 118
127 125
127 126
127 130
127 132
127 133
127 139
127 148
127 158
127 162
127 177
127 178
127 180
127 182
127 184
127 188
127 190
127 191
127 192
127 195
127 199
127 204
127 207
127 211
128 1
128 4
128 6
128 7
128 8
128 18
128 20
128 22
128 24
128 26
128 27
128 34
128 39
128 52
128 57
128 67
128 73
128 76
128 80
128 87
128 96
128 107
128 110
128 117
128 118
128 130
128 139
128 146
128 163
128 164
128 175
128 176
128 179
128 180
128 182
128 183
128 185
128 193
128 199
128 207
129 1
129 2
129 4
129 15
129 18
129 30
129 32
129 35
129 40
129 42
129 47
129 50
129 57
129 59
129 62
129 64
129 69
129 70
129 75
129 77
129 87
129 100
129 108
129 111
129 117
129 121
129 122
129 127
129 141
129 144
129 146
129 150
129 153
129 155
129 156
129 167
129 170
129 179
129 181
129 183
129 190
129 191
129 192
129 198
129 213
130 5
130 6
130 8
130 11
130 14
130 20
130 26
130 27
130 38
130 40
130 59
130 66
130 67
130 74
130 79
130 84
130 90
130 95
130 100
130 104
130 119
130 128
130 132
130 134
130 137
130 138
130 140
130 141
130 146
130 152
130 155
130 158
130 161
130 163
130 177
130 178
130 179
130 181
130 192
130 194
130 202
130 205
131 1
131 3
131 8
131 13
131 15
131 17
131 26
131 27
131 28
131 36
131 38
131 50
131 52
131 54
131 56
131 58
131 59
131 69
131 74
131 76
131 84
131 85
131 89
131 91
131 92
131 106
131 115
131 118
131 120
131 121
131 124
131 126
131 135
131 140
131 144
131 156
131 170
131 173
131 174
131 187
131 201
131 204
131 213
132 3
132 5
132 7
132 12
132 14
132 16
132 18
132 20
132 25
132 30
132 36
132 50
132 55
132 57
132 58
132 59
132 64
132 78
132 86
132 93
132 100
132 112
132 116
132 131
132 137
132 139
132 148
132 149
132 154
132 157
132 163
132 164
132 173
132 184
132 195
132 197
132 199
132 202
132 204
133 5
133 8
133 11
133 25
133 33
133 45
133 48
133 70
133 71
133 73
133 77
133 78
133 79
133 93
133 98
133 101
133 102
133 120
133 136
133 147
133 152
133 155
133 159
133 160
133 164
133 166
133 168
133 176
133 181
133 185
133 189
133 196
133 200
133 203
133 204
133 205
133 206
133 210
133 211
134 7
134 9
134 12
134 16
134 22
134 29
134 40
134 41
134 45
134 50
134 61
134 67
134 71
134 72
134 82
134 83
134 91
134 107
134 109
134 117
134 119
134 128
134 133
134 140
134 147
134 154
134 155
134 156
134 159
134 173
134 177
134 181
134 193
134 198
134 199
134 206
134 207
135 1
135 4
135 5
135 11
135 13
135 30
135 32
135 35
135 37
135 38
135 39
135 58
135 66
135 70
135 81
135 90
135 100
135 105
135 107
135 113
135 120
135 125
135 136
135 140
135 157
135 161
135 168
135 170
135 184
135 195
135 205
135 206
136 3
136 8
136 9
136 11
136 16
136 17
136 18
136 20
136 22
136 35
136 36
136 39
136 40
136 42
136 55
136 61
136 64
136 66
136 86
136 89
136 93
136 94
136 116
136 123
136 126
136 128
136 130
136 134
136 145
136 149
136 153
136 156
136 157
136 171
136 173
136 174
136 176
136 177
136 180
136 184
136 185
136 201
136 202
136 207
136 211
137 11
137 23
137 27
137 28
137 30
137 37
137 39
137 41
137 43
137 46
137 48
137 52
137 55
137 60
137 66
137 84
137 86
137 94
137 96
137 103
137 106
137 109
137 123
137 124
137 130
137 131
137 132
137 135
137 136
137 139
137 146
137 150
137 151
137 152
137 154
137 161
137 162
137 165
137 166
137 174
137 186
137 192
137 197
137 207
137 210
138 0
138 4
138 5
138 12
138 14
138 18
138 22
138 25
138 32
138 45
138 46
138 48
138 56
138 67
138 70
138 72
138 76
138 78
138 79
138 80
138 82
138 86
138 89
138 91
138 93
138 103
138 124
138 126
138 127
138 128
138 131
138 136
138 137
138 148
138 149
138 167
138 168
138 169
138 171
138 173
138 180
138 182
138 186
138 187
138 191
138 193
138 198
138 200
138 205
138 210
138 211
138 212
138 214
139 0
139 2
139 15
139 27
139 30
139 31
139 36
139 38
139 40
139 43
139 47
139 53
139 55
139 58
139 59
139 61
139 65
139 69
139 71
139 83
139 84
139 87
139 96
139 98
139 101
139 103
139 111
139 112
139 113
139 116
139 122
139 130
139 134
139 136
139 138
139 153
139 160
139 168
139 181
139 183
139 185
139 190
139 193
139 198
139 199
139 205
139 211
139 213
140 2
140 16
140 29
140 31
140 39
140 40
140 44
140 56
140 59
140 63
140 76
140 83
140 88
140 91
140 92
140 94
140 107
140 112
140 116
140 123
140 124
140 127
140 141
140 146
140 150
140 154
140 165
140 186
140 189
140 195
140 196
140 201
140 209
140 213
141 6
141 16
141 17
141 20
141 25
141 30
141 44
141 47
141 50
141 56
141 60
141 62
141 65
141 68
141 73
141 76
141 82
141 84
141 89
141 104
141 105
141 106
141 113
141 116
141 119
141 126
141 129
141 131
141 132
141 133
141 134
141 150
141 151
141 156
141 163
141 164
141 177
141 180
141 182
141 192
141 193
141 199
142 5
142 8
142 14
142 29
142 36
142 44
142 46
142 52
142 58
142 59
142 60
142 64
142 78
142 81
142 84
142 90
142 95
142 101
142 103
142 106
142 109
142 111
142 113
142 116
142 118
142 123
142 130
142 136
142 140
142 141
142 143
142 145
142 153
142 157
142 159
142 160
142 163
142 165
142 172
142 179
142 180
142 181
142 182
142 186
142 189
142 193
142 198
142 199
142 200
142 204
142 208
142 212
143 3
143 8
143 17
143 18
143 21
143 25
143 28
143 30
143 38
143 42
143 43
143 45
143 48
143 56
143 59
143 62
143 63
143 82
143 86
143 87
143 88
143 94
143 107
143 109
143 110
143 113
143 115
143 123
143 134
143 138
143 139
143 141
143 144
143 147
143 160
143 165
143 166
143 168
143 172
143 174
143 177
143 182
143 187
143 190
143 191
143 192
143 202
143 204
143 205
144 1
144 3
144 6
144 7
144 8
144 15
144 21
144 22
144 30
144 33
144 60
144 61
144 66
144 78
144 89
144 90
144 91
144 93
144 94
144 100
144 103
144 113
144 116
144 118
144 125
144 126
144 131
144 133
144 138
144 143
144 145
144 151
144 152
144 166
144 168
144 172
144 177
144 178
144 194
144 195
144 200
144 212
145 0
145 3
145 7
145 8
145 19
145 20
145 26
145 33
145 35
145 42
145 45
145 51
145 54
145 55
145 58
145 60
145 61
145 68
145 78
145 79
145 97
145 104
145 107
145 108
145 115
145 123
145 125
145 130
145 131
145 133
145 136
145 138
145 140
145 147
145 148
145 154
145 157
145 176
145 182
145 192
145 197
145 204
145 205
145 206
146 1
146 4
146 8
146 9
146 13
146 22
146 37
146 38
146 39
146 52
146 59
146 60
146 69
146 74
146 93
146 99
146 103
146 104
146 109
146 124
146 125
146 126
146 127
146 139
146 140
146 141
146 143
146 156
146 157
146 166
146 173
146 174
146 177
146 179
146 181
146 186
146 188
146 190
146 191
146 192
146 195
146 205
146 206
146 212
146 213
147 5
147 16
147 18
147 23
147 40
147 41
147 47
147 48
147 49
147 56
147 61
147 64
147 65
147 67
147 73
147 81
147 87
147 90
147 91
147 98
147 107
147 108
147 111
147 114
147 121
147 123
147 126
147 130
147 149
147 150
147 151
147 155
147 157
147 160
147 163
147 165
147 167
147 168
147 169
147 173
147 175
147 176
147 183
147 184
147 185
147 187
147 189
147 192
147 193
147 198
147 201
147 207
147 208
148 0
148 2
148 20
148 25
148 28
148 31
148 39
148 40
148 44
148 45
148 46
148 52
148 58
148 59
148 61
148 62
148 71
148 75
148 93
148 94
148 100
148 102
148 103
148 109
148 111
148 114
148 124
148 127
148 131
148 134
148 147
148 152
148 162
148 165
148 166
148 169
148 170
148 172
148 184
148 186
148 187
148 188
148 193
148 195
148 196
148 200
148 201
148 202
148 204
149 2
149 9
149 13
149 16
149 17
149 18
149 20
149 21
149 24
149 35
149 41
149 43
149 48
149 51
149 69
149 74
149 75
149 78
149 89
149 91
149 93
149 99
149 109
149 110
149 112
149 114
149 120
149 129
149 148
149 153
149 156
149 158
149 164
149 171
149 172
149 173
149 176
149 178
149 184
149 187
149 188
149 190
149 200
149 209
149 213
150 0
150 7
150 34
150 50
150 56
150 57
150 76
150 104
150 107
150 109
150 111
150 113
150 118
150 127
150 129
150 133
150 154
150 167
150 170
150 182
150 186
150 188
150 194
150 195
150 203
150 206
150 208
150 210
151 4
151 5
151 16
151 19
151 31
151 35
151 36
151 37
151 42
151 46
151 54
151 61
151 62
151 68
151 77
151 80
151 97
151 105
151 125
151 126
151 129
151 139
151 145
151 152
151 153
151 163
151 166
151 167
151 170
151 171
151 175
151 177
151 180
151 190
151 195
151 196
151 207
151 212
152 1
152 2
152 5
152 10
152 20
152 23
152 49
152 54
152 59
152 60
152 62
152 69
152 70
152 78
152 83
152 85
152 88
152 89
152 106
152 123
152 147
152 148
152 165
152 166
152 168
152 169
152 174
152 178
152 179
152 180
152 182
152 191
152 192
152 199
152 203
152 205
153 2
153 13
153 14
153 15
153 18
153 21
153 22
153 24
153 28
153 29
153 33
153 44
153 56
153 61
153 71
153 83
153 85
153 86
153 96
153 98
153 99
153 105
153 113
153 119
153 124
153 127
153 128
153 132
153 137
153 139
153 144
153 152
153 154
153 161
153 177
153 186
153 196
153 198
153 199
154 3
154 7
154 11
154 14
154 17
154 23
154 29
154 40
154 43
154 49
154 51
154 53
154 54
154 55
154 62
154 69
154 70
154 75
154 76
154 77
154 85
154 90
154 93
154 100
154 103
154 104
154 105
154 118
154 126
154 128
154 131
154 136
154 143
154 147
154 152
154 166
154 179
154 192
154 208
154 214
155 4
155 5
155 8
155 10
155 25
155 27
155 31
155 36
155 37
155 49
155 54
155 58
155 62
155 63
155 66
155 73
155 83
155 86
155 88
155 93
155 102
155 103
155 104
155 105
155 109
155 120
155 128
155 137
155 139
155 145
155 146
155 148
155 156
155 171
155 185
155 186
155 203
155 209
156 1
156 3
156 5
156 6
156 14
156 24
156 29
156 34
156 36
156 39
156 41
156 42
156 58
156 78
156 89
156 91
156 98
156 104
156 106
156 116
156 119
156 123
156 128
156 146
156 148
156 150
156 152
156 159
156 166
156 167
156 169
156 174
156 175
156 179
156 182
156 200
156 201
156 202
156 214
157 3
157 9
157 14
157 19
157 20
157 26
157 27
157 29
157 30
157 33
157 37
157 47
157 52
157 58
157 62
157 64
157 66
157 74
157 75
157 78
157 86
157 88
157 89
157 100
157 103
157 116
157 127
157 129
157 130
157 144
157 151
157 165
157 167
157 171
157 172
157 173
157 177
157 182
157 185
157 189
157 197
157 200
157 204
157 207
157 214
158 4
158 5
158 14
158 16
158 20
158 22
158 25
158 28
158 32
158 43
158 52
158 61
158 65
158 70
158 72
158 79
158 90
158 100
158 105
158 128
158 131
158 136
158 137
158 143
158 146
158 148
158 150
158 156
158 163
158 167
158 174
158 181
158 186
158 188
158 189
158 207
159 0
159 14
159 16
159 17
159 20
159 23
159 29
159 38
159 47
159 64
159 65
159 73
159 77
159 79
159 92
159 94
159 97
159 108
159 119
159 128
159 129
159 139
159 141
159 145
159 153
159 157
159 163
159 167
159 178
159 183
159 198
159 199
159 205
159 211
160 1
160 5
160 10
160 13
160 20
160 24
160 36
160 42
160 47
160 56
160 61
160 63
160 66
160 67
160 73
160 76
160 77
160 80
160 96
160 97
160 100
160 103
160 104
160 107
160 109
160 111
160 113
160 117
160 123
160 125
160 134
160 140
160 145
160 150
160 155
160 164
160 168
160 169
160 171
160 173
160 174
160 177
160 187
160 188
160 198
160 200
160 204
160 205
160 210
160 213
161 0
161 4
161 10
161 23
161 39
161 44
161 45
161 46
161 49
161 64
161 72
161 73
161 74
161 75
161 84
161 91
161 93
161 100
161 101
161 105
161 108
161 111
161 113
161 114
161 123
161 129
161 131
161 135
161 141
161 142
161 146
161 150
161 151
161 157
161 159
161 170
161 171
161 172
161 179
161 181
161 185
161 187
161 189
161 197
161 198
161 203
161 205
161 208
161 210
161 211
162 10
162 12
162 16
162 19
162 20
162 21
162 24
162 26
162 28
162 34
162 38
162 44
162 48
162 58
162 66
162 72
162 73
162 75
162 80
162 86
162 91
162 92
162 93
162 101
162 102
162 106
162 115
162 116
162 122
162 130
162 133
162 134
162 150
162 152
162 161
162 163
162 172
162 183
162 184
162 185
162 186
162 188
162 190
162 191
162 202
162 210
162 214
163 10
163 16
163 19
163 33
163 34
163 40
163 44
163 46
163 47
163 48
163 51
163 56
163 58
163 62
163 64
163 72
163 90
163 92
163 93
163 95
163 98
163 105
163 106
163 118
163 130
163 143
163 146
163 149
163 153
163 157
163 169
163 174
163 177
163 192
163 194
163 209
163 210
163 212
163 214
164 1
164 2
164 4
164 10
164 12
164 15
164 17
164 24
164 29
164 31
164 33
164 44
164 47
164 69
164 74
164 78
164 79
164 90
164 93
164 98
164 100
164 106
164 107
164 111
164 117
164 127
164 135
164 139
164 140
164 146
164 151
164 152
164 154
164 156
164 159
164 161
164 166
164 168
164 172
164 180
164 197
164 202
164 203
164 204
164 212
165 5
165 8
165 15
165 21
165 25
165 26
165 28
165 31
165 34
165 49
165 64
165 66
165 68
165 69
165 71
165 85
165 86
165 89
165 94
165 105
165 108
165 111
165 118
165 122
165 123
165 125
165 128
165 137
165 142
165 147
165 148
165 150
165 155
165 159
165 162
165 171
165 174
165 180
165 181
165 182
165 189
165 190
165 195
165 207
165 208
165 209
165 212
166 0
166 2
166 4
166 10
166 11
166 13
166 14
166 15
166 21
166 24
166 26
166 30
166 46
166 53
166 57
166 59
166 65
166 88
166 89
166 93
166 96
166 111
166 114
166 118
166 130
166 138
166 142
166 149
166 150
166 153
166 155
166 165
166 169
166 171
166 174
166 176
166 178
166 180
166 183
166 189
166 190
166 192
166 198
166 209
166 211
167 3
167 4
167 12
167 15
167 16
167 21
167 28
167 30
167 40
167 45
167 46
167 47
167 54
167 74
167 78
167 79
167 86
167 95
167 98
167 106
167 107
167 112
167 118
167 121
167 128
167 129
167 130
167 146
167 156
167 169
167 172
167 175
167 177
167 186
167 192
167 195
167 196
167 198
167 206
167 208
168 4
168 5
168 7
168 10
168 11
168 16
168 18
168 22
168 27
168 31
168 32
168 37
168 50
168 55
168 65
168 71
168 80
168 84
168 85
168 87
168 89
168 91
168 100
168 107
168 113
168 114
168 115
168 122
168 124
168 126
168 137
168 141
168 143
168 149
168 155
168 157
168 164
168 166
168 171
168 172
168 173
168 176
168 177
168 182
168 185
168 190
168 197
168 203
168 208
168 210
169 4
169 6
169 7
169 15
169 21
169 23
169 37
169 48
169 50
169 51
169 59
169 61
169 72
169 85
169 86
169 87
169 91
169 93
169 97
169 103
169 111
169 114
169 118
169 123
169 145
169 155
169 161
169 163
169 170
169 171
169 173
169 175
169 180
169 193
169 199
170 2
170 3
170 7
170 8
170 13
170 18
170 19
170 22
170 31
170 39
170 42
170 44
170 49
170 50
170 67
170 70
170 75
170 77
170 83
170 93
170 96
170 98
170 99
170 100
170 104
170 107
170 108
170 115
170 122
170 123
170 132
170 135
170 146
170 148
170 154
170 155
170 162
170 166
170 177
170 180
170 188
170 190
170 191
170 198
170 199
170 200
170 203
170 205
171 7
171 8
171 14
171 19
171 23
171 29
171 30
171 40
171 43
171 49
171 52
171 53
171 54
171 56
171 59
171 82
171 85
171 93
171 95
171 98
171 101
171 106
171 109
171 116
171 118
171 123
171 139
171 154
171 155
171 170
171 178
171 187
171 193
171 199
171 205
171 212
172 9
172 12
172 15
172 18
172 41
172 45
172 50
172 54
172 55
172 61
172 72
172 73
172 74
172 75
172 86
172 97
172 100
172 114
172 116
172 127
172 129
172 133
172 138
172 141
172 142
172 144
172 146
172 152
172 153
172 169
172 170
172 171
172 173
172 183
172 186
172 187
172 189
172 190
172 196
172 205
172 214
173 9
173 19
173 28
173 45
173 46
173 47
173 57
173 71
173 74
173 77
173 80
173 81
173 93
173 94
173 96
173 102
173 112
173 116
173 124
173 126
173 138
173 146
173 147
173 161
173 163
173 164
173 177
173 178
173 192
173 202
173 205
173 206
173 213
174 16
174 17
174 18
174 30
174 32
174 35
174 36
174 39
174 41
174 45
174 56
174 58
174 60
174 62
174 63
174 64
174 65
174 69
174 88
174 94
174 97
174 103
174 107
174 108
174 117
174 123
174 125
174 130
174 131
174 132
174 133
174 143
174 146
174 150
174 151
174 158
174 160
174 185
174 202
174 203
174 205
174 206
174 212
175 6
175 11
175 14
175 18
175 19
175 20
175 34
175 37
175 42
175 45
175 47
175 50
175 64
175 65
175 67
175 72
175 80
175 87
175 88
175 91
175 92
175 95
175 101
175 103
175 107
175 111
175 115
175 116
175 127
175 129
175 136
175 139
175 142
175 146
175 147
175 148
175 155
175 156
175 169
175 173
175 179
175 184
175 195
175 202
175 203
176 6
176 14
176 18
176 19
176 20
176 21
176 31
176 42
176 56
176 63
176 79
176 102
176 115
176 116
176 118
176 126
176 128
176 142
176 147
176 165
176 167
176 169
176 179
176 180
176 182
176 185
176 186
176 187
176 189
176 190
176 194
176 195
176 198
176 203
176 205
176 209
176 212
176 214
177 9
177 23
177 24
177 28
177 39
177 47
177 48
177 49
177 50
177 57
177 64
177 68
177 84
177 86
177 88
177 99
177 100
177 104
177 111
177 127
177 130
177 134
177 135
177 137
177 138
177 143
177 149
177 152
177 168
177 181
177 186
177 187
177 188
177 192
178 3
178 6
178 7
178 9
178 16
178 17
178 20
178 28
178 29
178 30
178 35
178 36
178 38
178 41
178 43
178 47
178 48
178 50
178 65
178 68
178 73
178 78
178 98
178 107
178 116
178 119
178 123
178 125
178 131
178 147
178 149
178 153
178 154
178 157
178 158
178 166
178 174
178 176
178 180
178 184
178 195
178 200
178 204
178 207
178 214
179 1
179 3
179 9
179 11
179 17
179 19
179 23
179 44
179 46
179 51
179 54
179 56
179 60
179 62
179 84
179 90
179 91
179 93
179 99
179 101
179 110
179 115
179 117
179 132
179 136
179 141
179 142
179 151
179 153
179 154
179 155
179 159
179 160
179 166
179 168
179 173
179 176
179 186
179 193
179 196
179 200
179 203
179 211
179 213
180 3
180 15
180 30
180 40
180 48
180 52
180 54
180 56
180 58
180 62
180 63
180 65
180 68
180 72
180 79
180 83
180 85
180 93
180 94
180 99
180 101
180 104
180 113
180 118
180 132
180 136
180 145
180 147
180 155
180 161
180 171
180 175
180 177
180 182
180 183
180 192
180 205
180 210
180 214
181 3
181 4
181 24
181 25
181 28
181 29
181 33
181 49
181 53
181 54
181 57
181 62
181 65
181 67
181 70
181 72
181 75
181 76
181 77
181 80
181 81
181 82
181 83
181 87
181 96
181 106
181 110
181 129
181 132
181 145
181 148
181 151
181 155
181 164
181 167
181 168
181 169
181 170
181 172
181 174
181 178
181 179
181 180
181 185
181 191
181 194
181 196
181 198
181 200
181 202
181 203
181 208
181 210
181 213
182 0
182 12
182 14
182 22
182 24
182 27
182 60
182 68
182 70
182 77
182 85
182 99
182 100
182 102
182 106
182 107
182 109
182 119
182 122
182 127
182 136
182 139
182 145
182 147
182 148
182 156
182 159
182 164
182 172
182 176
182 181
182 186
182 189
182 197
182 200
182 205
182 208
183 6
183 7
183 15
183 19
183 20
183 30
183 33
183 45
183 48
183 52
183 65
183 66
183 68
183 71
183 75
183 88
183 92
183 97
183 104
183 114
183 122
183 125
183 126
183 127
183 133
183 141
183 144
183 167
183 171
183 175
183 176
183 188
183 202
183 212
184 5
184 14
184 18
184 34
184 35
184 37
184 41
184 54
184 59
184 77
184 78
184 81
184 82
184 90
184 95
184 115
184 122
184 127
184 130
184 135
184 140
184 151
184 154
184 155
184 156
184 164
184 167
184 168
184 172
184 182
184 185
184 186
184 187
184 197
184 201
184 209
185 12
185 14
185 16
185 21
185 22
185 33
185 48
185 58
185 70
185 81
185 87
185 90
185 97
185 98
185 106
185 109
185 113
185 118
185 122
185 126
185 132
185 135
185 141
185 142
185 154
185 157
185 163
185 166
185 175
185 179
185 183
185 184
185 193
185 206
185 214
186 0
186 5
186 10
186 11
186 13
186 14
186 15
186 25
186 27
186 39
186 55
186 59
186 66
186 67
186 69
186 79
186 80
186 84
186 93
186 95
186 106
186 110
186 117
186 120
186 130
186 136
186 139
186 146
186 148
186 149
186 154
186 158
186 172
186 180
186 184
186 190
186 191
186 199
186 201
186 209
186 210
186 211
186 213
186 214
187 0
187 3
187 16
187 17
187 24
187 28
187 32
187 41
187 45
187 48
187 55
187 58
187 64
187 65
187 69
187 73
187 74
187 75
187 78
187 81
187 87
187 94
187 99
187 103
187 104
187 106
187 108
187 110
187 113
187 122
187 125
187 143
187 148
187 152
187 153
187 159
187 162
187 167
187 172
187 178
187 179
187 182
187 183
187 190
187 193
187 195
187 200
187 205
187 207
187 211
188 5
188 9
188 10
188 13
188 16
188 28
188 35
188 36
188 39
188 52
188 56
188 57
188 63
188 64
188 71
188 74
188 79
188 84
188 85
188 89
188 91
188 92
188 96
188 103
188 121
188 128
188 129
188 131
188 133
188 135
188 144
188 145
188 149
188 150
188 155
188 156
188 157
188 162
188 165
188 167
188 175
188 179
188 187
188 191
188 192
188 200
188 204
188 207
189 5
189 12
189 16
189 18
189 19
189 20
189 25
189 28
189 31
189 33
189 36
189 56
189 60
189 66
189 76
189 79
189 90
189 97
189 101
189 103
189 106
189 118
189 128
189 137
189 142
189 151
189 155
189 159
189 160
189 164
189 167
189 169
189 174
189 175
189 185
189 187
189 191
189 198
189 202
189 207
189 208
189 213
190 5
190 15
190 16
190 19
190 20
190 27
190 29
190 32
190 48
190 52
190 53
190 60
190 64
190 65
190 69
190 77
190 82
190 84
190 87
190 94
190 97
190 99
190 101
190 119
190 120
190 121
190 131
190 134
190 139
190 141
190 142
190 144
190 145
190 152
190 154
190 157
190 160
190 163
190 172
190 177
190 178
190 183
190 186
190 189
190 193
190 202
190 205
191 4
191 12
191 16
191 18
191 23
191 24
191 33
191 42
191 45
191 48
191 50
191 54
191 59
191 66
191 76
191 84
191 85
191 86
191 89
191 98
191 104
191 113
191 118
191 122
191 123
191 132
191 137
191 141
191 145
191 152
191 153
191 159
191 163
191 164
191 166
191 167
191 179
191 186
191 193
191 204
192 3
192 6
192 10
192 14
192 18
192 19
192 22
192 24
192 29
192 31
192 40
192 57
192 58
192 61
192 62
192 85
192 87
192 95
192 97
192 98
192 108
192 110
192 113
192 114
192 115
192 118
192 125
192 127
192 134
192 135
192 139
192 143
192 155
192 161
192 169
192 172
192 174
192 177
192 178
192 179
192 180
192 191
192 196
192 200
192 204
192 205
192 206
192 209
192 212
192 213
193 9
193 13
193 15
193 23
193 31
193 35
193 37
193 45
193 68
193 91
193 95
193 105
193 111
193 112
193 118
193 122
193 123
193 125
193 126
193 133
193 138
193 144
193 145
193 146
193 149
193 150
193 153
193 154
193 156
193 158
193 159
193 161
193 180
193 182
193 183
193 191
193 196
193 201
193 202
193 203
193 204
193 205
193 209
194 0
194 4
194 14
194 16
194 21
194 33
194 36
194 39
194 40
194 46
194 48
194 49
194 66
194 69
194 74
194 77
194 80
194 81
194 82
194 85
194 89
194 92
194 94
194 95
194 99
194 102
194 107
194 108
194 114
194 115
194 118
194 137
194 141
194 143
194 144
194 153
194 155
194 157
194 165
194 168
194 169
194 174
194 175
194 177
194 181
194 184
194 186
194 187
194 190
194 193
194 197
194 205
194 206
195 4
195 5
195 6
195 8
195 9
195 10
195 15
195 16
195 20
195 22
195 33
195 35
195 37
195 39
195 45
195 52
195 54
195 61
195 62
195 65
195 68
195 76
195 82
195 83
195 87
195 92
195 94
195 103
195 106
195 112
195 114
195 117
195 119
195 120
195 128
195 129
195 133
195 137
195 143
195 148
195 153
195 155
195 156
195 157
195 162
195 170
195 171
195 176
195 179
195 183
195 187
195 193
195 198
195 206
195 214
196 1
196 4
196 7
196 13
196 17
196 19
196 24
196 25
196 27
196 31
196 36
196 37
196 38
196 45
196 46
196 48
196 73
196 74
196 75
196 82
196 88
196 91
196 96
196 102
196 103
196 104
196 105
196 108
196 114
196 116
196 119
196 123
196 128
196 131
196 139
196 148
196 151
196 153
196 156
196 160
196 162
196 164
196 171
196 176
196 183
196 187
196 188
196 190
196 194
196 198
196 207
197 2
197 11
197 13
197 14
197 17
197 28
197 29
197 30
197 31
197 39
197 42
197 46
197 49
197 61
197 62
197 67
197 69
197 76
197 81
197 83
197 84
197 92
197 102
197 104
197 110
197 112
197 118
197 121
197 124
197 131
197 135
197 140
197 141
197 147
197 150
197 151
197 155
197 160
197 161
197 167
197 168
197 179
197 182
197 184
197 185
197 188
197 203
197 213
198 1
198 4
198 5
198 6
198 7
198 42
198 51
198 54
198 59
198 62
198 64
198 65
198 76
198 77
198 85
198 86
198 93
198 94
198 99
198 102
198 105
198 110
198 115
198 125
198 126
198 128
198 130
198 140
198 143
198 145
198 149
198 153
198 154
198 162
198 164
198 167
198 170
198 171
198 176
198 193
198 204
198 205
199 6
199 8
199 17
199 33
199 34
199 36
199 38
199 54
199 56
199 75
199 80
199 84
199 85
199 86
199 88
199 90
199 104
199 107
199 125
199 131
199 132
199 133
199 156
199 161
199 164
199 173
199 179
199 184
199 187
199 190
199 209
199 211
200 2
200 4
200 8
200 14
200 16
200 17
200 27
200 28
200 31
200 38
200 39
200 50
200 54
200 66
200 72
200 75
200 76
200 78
200 81
200 88
200 90
200 91
200 103
200 104
200 112
200 115
200 121
200 123
200 124
200 126
200 128
200 135
200 147
200 148
200 150
200 161
200 170
200 174
200 183
200 185
200 186
200 188
200 192
200 196
200 207
200 211
200 214
201 6
201 10
201 11
201 16
201 18
201 33
201 35
201 37
201 49
201 50
201 57
201 74
201 79
201 80
201 85
201 87
201 95
201 112
201 113
201 117
201 119
201 122
201 125
201 127
201 138
201 146
201 171
201 174
201 178
201 186
201 200
201 204
201 211
201 213
202 8
202 23
202 24
202 32
202 40
202 50
202 56
202 64
202 67
202 73
202 76
202 83
202 87
202 88
202 89
202 104
202 105
202 108
202 112
202 119
202 133
202 134
202 137
202 140
202 141
202 153
202 157
202 162
202 166
202 167
202 170
202 173
202 175
202 194
202 195
202 197
202 198
202 203
202 207
202 213
203 1
203 6
203 11
203 14
203 22
203 24
203 29
203 37
203 38
203 41
203 42
203 46
203 50
203 51
203 57
203 62
203 69
203 73
203 78
203 84
203 85
203 88
203 89
203 90
203 98
203 104
203 106
203 108
203 109
203 112
203 118
203 119
203 126
203 129
203 141
203 152
203 174
203 175
203 177
203 187
203 193
203 198
203 214
204 6
204 12
204 16
204 29
204 32
204 43
204 45
204 46
204 54
204 61
204 63
204 66
204 72
204 76
204 78
204 80
204 86
204 93
204 95
204 102
204 111
204 115
204 117
204 121
204 122
204 128
204 133
204 140
204 144
204 147
204 152
204 159
204 161
204 168
204 172
204 173
204 175
204 186
204 188
204 191
204 192
204 196
204 201
205 5
205 7
205 12
205 13
205 14
205 19
205 21
205 25
205 28
205 39
205 43
205 52
205 53
205 58
205 62
205 65
205 74
205 75
205 76
205 78
205 95
205 96
205 98
205 99
205 102
205 105
205 106
205 107
205 111
205 114
205 118
205 120
205 121
205 125
205 129
205 138
205 143
205 145
205 147
205 155
205 161
205 166
205 167
205 174
205 176
205 179
205 180
205 182
205 190
205 203
205 209
205 213
205 214
206 7
206 11
206 21
206 25
206 40
206 41
206 44
206 49
206 50
206 57
206 98
206 103
206 110
206 116
206 124
206 125
206 147
206 154
206 159
206 164
206 165
206 167
206 169
206 170
206 174
206 187
206 195
206 200
206 201
206 210
207 3
207 4
207 12
207 19
207 22
207 25
207 26
207 38
207 43
207 44
207 46
207 49
207 51
207 61
207 68
207 71
207 84
207 85
207 87
207 101
207 105
207 109
207 111
207 117
207 119
207 120
207 123
207 127
207 131
207 137
207 141
207 144
207 145
207 155
207 179
207 180
207 181
207 200
207 209
207 213
208 6
208 10
208 11
208 23
208 24
208 28
208 33
208 38
208 41
208 43
208 44
208 47
208 50
208 51
208 58
208 70
208 71
208 73
208 76
208 79
208 82
208 89
208 93
208 99
208 106
208 110
208 119
208 134
208 164
208 178
208 179
208 180
208 182
208 185
208 192
208 194
208 195
208 196
208 205
208 213
209 1
209 4
209 8
209 16
209 25
209 27
209 38
209 50
209 51
209 56
209 64
209 70
209 78
209 81
209 89
209 99
209 103
209 113
209 117
209 120
209 134
209 142
209 143
209 144
209 145
209 148
209 157
209 166
209 173
209 175
209 177
209 179
209 183
209 188
209 191
209 194
209 197
209 202
209 206
209 210
209 212
210 0
210 26
210 27
210 29
210 32
210 33
210 38
210 40
210 41
210 44
210 48
210 50
210 60
210 69
210 77
210 78
210 80
210 81
210 86
210 89
210 92
210 107
210 108
210 111
210 120
210 127
210 130
210 135
210 143
210 156
210 158
210 161
210 162
210 165
210 169
210 171
210 172
210 182
210 184
210 185
210 199
210 203
210 205
210 214
211 4
211 9
211 19
211 30
211 37
211 40
211 43
211 46
211 47
211 61
211 64
211 66
211 67
211 73
211 78
211 82
211 84
211 85
211 87
211 88
211 89
211 92
211 94
211 99
211 114
211 119
211 126
211 131
211 138
211 139
211 141
211 145
211 146
211 147
211 149
211 151
211 153
211 154
211 155
211 156
211 163
211 164
211 180
211 183
211 194
211 198
211 199
212 9
212 19
212 23
212 26
212 27
212 28
212 29
212 51
212 54
212 68
212 72
212 78
212 83
212 84
212 92
212 96
212 100
212 101
212 107
212 108
212 115
212 127
212 132
212 142
212 150
212 155
212 161
212 162
212 165
212 172
212 173
212 178
212 180
212 187
212 189
212 192
212 193
212 202
212 207
212 210
212 213
213 0
213 12
213 13
213 14
213 15
213 20
213 25
213 32
213 35
213 47
213 50
213 55
213 58
213 62
213 66
213 69
213 74
213 80
213 86
213 89
213 90
213 93
213 106
213 112
213 115
213 117
213 129
213 130
213 135
213 137
213 140
213 143
213 144
213 154
213 155
213 157
213 159
213 160
213 161
213 168
213 169
213 184
213 187
213 191
213 207
214 0
214 5
214 8
214 16
214 17
214 18
214 21
214 30
214 35
214 40
214 43
214 58
214 68
214 72
214 76
214 77
214 80
214 97
214 107
214 109
214 113
214 114
214 119
214 126
214 138
214 148
214 150
214 151
214 163
214 164
214 169
214 172
214 173
214 176
214 178
214 180
214 181
214 185
214 189
214 195
214 206
