50
0 18
0 22
0 23
0 24
0 30
0 33
0 41
0 45
0 46
0 48
1 0
1 8
1 10
1 15
1 18
1 21
1 27
1 38
1 44
2 0
2 1
2 7
2 10
2 17
2 20
2 21
2 25
2 28
2 36
2 38
2 40
2 48
3 0
3 4
3 13
3 14
3 18
3 31
3 36
3 40
3 45
4 0
4 6
4 16
4 19
4 24
4 25
4 30
4 31
4 46
5 7
5 9
5 14
5 17
5 20
5 29
5 33
5 35
5 36
5 39
5 49
6 10
6 12
6 14
6 15
6 21
6 23
6 26
6 31
6 37
6 39
6 41
6 46
7 3
7 6
7 21
7 34
7 37
7 41
7 43
7 45
7 46
8 2
8 15
8 20
8 22
8 25
8 27
8 39
8 41
8 47
9 5
9 14
9 17
9 22
9 24
9 25
9 32
9 44
10 0
10 6
10 7
10 8
10 12
10 14
10 24
10 31
10 33
11 1
11 8
11 16
11 21
11 35
11 42
12 3
12 19
12 22
12 25
12 31
12 40
12 42
13 2
13 5
13 7
13 12
13 17
13 18
13 33
13 36
13 40
13 43
13 46
14 0
14 3
14 8
14 10
14 21
14 22
14 23
14 25
14 30
14 33
14 34
14 37
14 38
14 40
14 42
15 6
15 11
15 14
15 21
15 22
15 26
16 7
16 15
16 23
16 24
16 29
16 30
16 41
17 0
17 2
17 4
17 18
17 19
17 22
17 24
17 31
17 32
17 35
17 42
17 46
18 6
18 12
18 14
18 23
18 31
18 39
18 41
18 42
18 43
18 44
18 45
18 46
18 49
19 4
19 5
19 16
19 22
19 25
19 27
19 36
19 37
19 43
20 0
20 3
20 7
20 10
20 15
20 17
20 25
20 28
20 31
20 32
20 48
21 8
21 24
21 28
21 32
21 37
21 40
21 43
21 46
22 0
22 16
22 23
22 29
22 33
22 34
22 37
22 40
22 43
22 45
23 1
23 5
23 9
23 12
23 19
23 25
23 30
23 43
24 4
24 6
24 7
24 9
24 17
24 23
24 33
24 44
25 0
25 5
25 10
25 15
25 19
25 34
25 37
25 39
25 42
25 43
25 44
26 5
26 7
26 9
26 10
26 11
26 14
26 15
26 16
26 19
26 31
26 32
26 42
26 43
26 48
26 49
27 4
27 11
27 12
27 30
27 35
27 43
28 11
28 16
28 22
28 26
28 29
28 35
28 42
28 43
28 45
29 1
29 8
29 23
29 26
29 27
29 30
29 31
29 37
29 44
29 47
29 48
30 1
30 3
30 5
30 11
30 13
30 21
30 27
30 34
30 41
30 42
31 0
31 1
31 3
31 7
31 13
31 16
31 21
31 22
31 25
31 28
31 29
31 32
31 34
31 38
31 40
31 43
32 3
32 4
32 17
32 21
32 23
32 34
32 45
33 8
33 18
33 19
33 22
33 24
33 27
33 32
33 43
34 8
34 10
34 12
34 22
34 26
34 32
34 37
34 38
34 40
34 45
34 47
35 14
35 21
35 28
35 37
35 39
35 41
35 48
36 6
36 9
36 10
36 13
36 44
36 49
37 1
37 6
37 8
37 9
37 10
37 15
37 19
37 20
37 21
37 33
37 43
37 49
38 1
38 2
38 17
38 29
38 35
38 36
38 44
38 46
38 47
39 6
39 7
39 9
39 12
39 18
39 19
39 22
39 24
39 26
39 32
39 40
39 47
39 48
40 0
40 2
40 5
40 13
40 14
40 18
40 20
40 26
40 29
40 31
40 37
40 46
40 47
41 2
41 16
41 17
41 23
41 24
41 25
41 33
41 42
42 1
42 4
42 14
42 22
42 28
42 35
42 43
43 5
43 9
43 20
43 33
43 45
43 46
44 0
44 7
44 9
44 10
44 26
44 41
44 49
45 2
45 6
45 7
45 9
45 10
45 11
45 13
45 14
45 24
45 32
45 35
45 39
45 44
46 1
46 4
46 12
46 13
46 16
46 20
46 23
46 25
46 32
46 37
47 3
47 5
47 10
47 11
47 14
47 22
47 39
47 43
48 10
48 11
48 18
48 19
48 22
48 30
48 32
48 34
48 36
48 47
49 7
49 9
49 12
49 14
49 15
49 21
49 22
49 24
49 33
49 34
49 35
49 36
49 38
49 39
49 42
49 44
