190
0 13
0 14
0 20
0 21
0 27
0 29
0 31
0 35
0 51
0 56
0 58
0 59
0 61
0 62
0 63
0 66
0 71
0 77
0 79
0 86
0 98
0 101
0 117
0 120
0 122
0 130
0 134
0 139
0 140
0 141
0 144
0 146
0 150
0 153
0 157
0 159
0 160
0 163
0 165
0 169
0 176
0 183
0 189
1 3
1 5
1 31
1 37
1 38
1 54
1 61
1 69
1 80
1 81
1 86
1 98
1 99
1 102
1 109
1 113
1 124
1 127
1 128
1 136
1 137
1 139
1 147
1 148
1 151
1 157
1 159
1 164
1 171
1 173
1 177
1 179
1 188
2 0
2 7
2 11
2 12
2 14
2 15
2 38
2 52
2 55
2 57
2 64
2 76
2 83
2 92
2 93
2 94
2 98
2 99
2 100
2 103
2 104
2 107
2 110
2 114
2 135
2 139
2 142
2 149
2 153
2 156
2 160
2 164
2 175
2 176
2 186
2 188
2 189
3 4
3 10
3 19
3 21
3 28
3 29
3 35
3 44
3 59
3 60
3 85
3 87
3 90
3 96
3 98
3 103
3 127
3 129
3 134
3 135
3 136
3 141
3 146
3 149
3 159
3 163
3 167
3 168
3 169
3 174
3 178
3 185
3 186
4 0
4 5
4 8
4 9
4 16
4 17
4 27
4 32
4 36
4 38
4 43
4 49
4 53
4 57
4 60
4 65
4 66
4 75
4 76
4 82
4 96
4 100
4 103
4 116
4 122
4 125
4 139
4 140
4 141
4 143
4 145
4 146
4 152
4 158
4 172
4 188
5 4
5 16
5 18
5 25
5 28
5 31
5 36
5 39
5 40
5 46
5 58
5 59
5 65
5 68
5 69
5 70
5 71
5 74
5 75
5 76
5 81
5 84
5 85
5 86
5 87
5 88
5 100
5 101
5 102
5 108
5 123
5 126
5 134
5 139
5 145
5 151
5 154
5 162
5 163
5 165
5 166
5 171
5 177
5 183
5 185
6 5
6 8
6 22
6 24
6 25
6 32
6 42
6 44
6 46
6 60
6 61
6 68
6 69
6 71
6 72
6 75
6 79
6 81
6 83
6 101
6 114
6 117
6 127
6 131
6 138
6 143
6 155
6 160
6 170
6 177
6 183
6 186
7 1
7 5
7 18
7 23
7 29
7 30
7 46
7 52
7 61
7 62
7 69
7 77
7 86
7 93
7 101
7 102
7 110
7 119
7 120
7 124
7 132
7 133
7 142
7 149
7 152
7 158
7 176
7 180
7 181
7 182
7 183
7 185
8 3
8 12
8 14
8 21
8 30
8 32
8 38
8 39
8 43
8 44
8 47
8 53
8 61
8 66
8 80
8 87
8 88
8 89
8 100
8 105
8 113
8 117
8 118
8 127
8 128
8 129
8 130
8 135
8 147
8 150
8 151
8 152
8 153
8 156
8 163
8 169
8 174
8 180
8 181
9 4
9 5
9 24
9 32
9 33
9 37
9 38
9 46
9 51
9 52
9 55
9 57
9 63
9 67
9 69
9 71
9 78
9 79
9 81
9 83
9 84
9 92
9 93
9 95
9 101
9 103
9 104
9 115
9 119
9 122
9 123
9 124
9 128
9 129
9 133
9 134
9 135
9 136
9 141
9 145
9 146
9 149
9 157
9 163
9 164
9 168
9 175
9 179
9 180
9 181
9 183
10 13
10 15
10 19
10 22
10 34
10 37
10 40
10 44
10 46
10 50
10 56
10 68
10 70
10 71
10 73
10 74
10 86
10 89
10 91
10 98
10 99
10 101
10 108
10 114
10 122
10 123
10 127
10 134
10 140
10 142
10 144
10 145
10 155
10 159
10 172
10 173
10 185
11 0
11 4
11 10
11 15
11 19
11 21
11 22
11 23
11 28
11 29
11 39
11 40
11 46
11 51
11 53
11 56
11 66
11 67
11 81
11 83
11 85
11 86
11 87
11 91
11 96
11 97
11 109
11 110
11 119
11 124
11 130
11 132
11 137
11 142
11 144
11 146
11 149
11 154
11 157
11 168
11 174
11 177
11 179
11 181
11 187
11 189
12 4
12 20
12 35
12 41
12 44
12 51
12 52
12 53
12 55
12 58
12 59
12 68
12 71
12 75
12 76
12 79
12 81
12 86
12 87
12 92
12 100
12 115
12 118
12 119
12 126
12 128
12 134
12 140
12 146
12 157
12 159
12 160
12 161
12 162
12 165
12 168
12 174
12 178
12 183
12 188
13 1
13 14
13 15
13 19
13 25
13 28
13 36
13 37
13 40
13 42
13 49
13 58
13 88
13 94
13 100
13 102
13 104
13 105
13 113
13 130
13 137
13 142
13 144
13 151
13 159
13 167
13 178
13 181
13 187
14 16
14 18
14 29
14 30
14 37
14 43
14 48
14 49
14 52
14 54
14 55
14 67
14 74
14 75
14 83
14 92
14 105
14 106
14 112
14 114
14 120
14 123
14 129
14 131
14 132
14 134
14 135
14 152
14 155
14 160
14 161
14 171
14 173
14 176
14 180
14 184
15 24
15 27
15 28
15 33
15 37
15 40
15 43
15 55
15 60
15 65
15 66
15 71
15 80
15 82
15 85
15 90
15 91
15 97
15 104
15 116
15 119
15 135
15 137
15 140
15 147
15 150
15 156
15 157
15 161
15 174
15 175
15 187
15 188
16 1
16 2
16 5
16 8
16 13
16 27
16 29
16 31
16 36
16 42
16 45
16 51
16 52
16 56
16 61
16 63
16 67
16 82
16 94
16 108
16 114
16 115
16 132
16 143
16 153
16 155
16 157
16 159
16 160
16 161
16 170
16 172
16 174
16 179
16 183
16 184
16 188
17 5
17 6
17 9
17 11
17 16
17 22
17 25
17 27
17 32
17 35
17 46
17 47
17 50
17 52
17 53
17 57
17 60
17 67
17 69
17 72
17 74
17 75
17 82
17 83
17 93
17 94
17 100
17 102
17 109
17 122
17 129
17 146
17 148
17 153
17 157
17 161
17 170
17 173
17 182
17 184
17 186
18 3
18 4
18 11
18 13
18 24
18 26
18 28
18 30
18 40
18 46
18 49
18 52
18 56
18 59
18 63
18 64
18 76
18 80
18 85
18 93
18 102
18 113
18 118
18 119
18 121
18 125
18 145
18 147
18 154
18 173
18 176
18 179
19 1
19 7
19 11
19 13
19 18
19 30
19 33
19 40
19 45
19 47
19 54
19 55
19 62
19 68
19 75
19 78
19 79
19 102
19 114
19 118
19 120
19 122
19 135
19 136
19 140
19 141
19 142
19 143
19 150
19 152
19 159
19 161
19 168
19 170
19 175
19 179
19 181
19 185
19 189
20 1
20 7
20 9
20 13
20 22
20 30
20 31
20 37
20 40
20 43
20 45
20 48
20 55
20 56
20 61
20 62
20 65
20 66
20 82
20 88
20 95
20 98
20 112
20 116
20 126
20 132
20 137
20 138
20 142
20 147
20 150
20 156
20 160
20 165
20 166
20 170
20 171
20 174
20 181
20 186
21 0
21 8
21 12
21 13
21 24
21 36
21 39
21 47
21 49
21 53
21 55
21 60
21 63
21 65
21 67
21 68
21 80
21 87
21 91
21 92
21 93
21 94
21 95
21 97
21 104
21 115
21 133
21 141
21 146
21 147
21 155
21 158
21 162
21 163
21 167
21 172
21 189
22 6
22 7
22 12
22 14
22 16
22 19
22 20
22 23
22 36
22 39
22 43
22 46
22 51
22 57
22 58
22 64
22 67
22 73
22 74
22 75
22 76
22 80
22 84
22 87
22 89
22 92
22 105
22 106
22 108
22 110
22 124
22 128
22 135
22 150
22 151
22 153
22 157
22 160
22 161
22 171
22 172
23 5
23 8
23 11
23 13
23 20
23 21
23 22
23 26
23 29
23 42
23 43
23 52
23 57
23 58
23 65
23 75
23 83
23 101
23 106
23 107
23 115
23 132
23 134
23 139
23 144
23 147
23 150
23 151
23 154
23 161
23 169
23 185
24 2
24 12
24 13
24 16
24 26
24 31
24 36
24 37
24 38
24 46
24 53
24 55
24 62
24 63
24 74
24 76
24 87
24 98
24 106
24 110
24 117
24 118
24 122
24 132
24 134
24 141
24 144
24 154
24 157
24 158
24 179
24 185
24 188
25 6
25 7
25 13
25 16
25 19
25 20
25 21
25 22
25 23
25 24
25 33
25 40
25 44
25 48
25 65
25 67
25 77
25 80
25 98
25 99
25 103
25 106
25 114
25 116
25 118
25 129
25 135
25 140
25 142
25 143
25 151
25 158
25 162
25 164
25 171
25 178
26 1
26 2
26 6
26 8
26 17
26 21
26 22
26 38
26 58
26 68
26 77
26 92
26 100
26 108
26 110
26 113
26 114
26 116
26 118
26 130
26 138
26 139
26 146
26 158
26 160
26 161
26 163
26 165
26 167
26 169
26 173
26 178
26 188
27 10
27 16
27 28
27 33
27 47
27 48
27 49
27 54
27 56
27 66
27 68
27 77
27 84
27 86
27 90
27 98
27 100
27 105
27 109
27 113
27 116
27 117
27 131
27 135
27 136
27 137
27 138
27 142
27 143
27 156
27 160
27 163
27 164
27 175
27 176
27 179
27 180
27 182
27 184
28 9
28 10
28 13
28 20
28 24
28 25
28 26
28 35
28 47
28 51
28 54
28 58
28 63
28 82
28 83
28 92
28 94
28 97
28 98
28 104
28 108
28 113
28 114
28 116
28 117
28 122
28 126
28 128
28 138
28 139
28 143
28 145
28 148
28 150
28 152
28 153
28 159
28 165
28 171
28 175
28 178
28 182
28 189
29 0
29 20
29 25
29 30
29 31
29 39
29 48
29 61
29 63
29 83
29 86
29 87
29 89
29 90
29 91
29 103
29 116
29 118
29 121
29 122
29 123
29 125
29 137
29 138
29 146
29 153
29 154
29 167
29 169
29 174
29 180
29 187
30 8
30 10
30 17
30 18
30 28
30 29
30 31
30 35
30 43
30 47
30 49
30 60
30 66
30 67
30 82
30 88
30 105
30 110
30 115
30 116
30 118
30 130
30 139
30 141
30 145
30 146
30 158
30 166
30 167
30 174
30 177
30 184
30 186
30 188
30 189
31 0
31 10
31 11
31 16
31 17
31 20
31 34
31 36
31 54
31 55
31 56
31 62
31 70
31 76
31 82
31 89
31 90
31 92
31 94
31 100
31 101
31 104
31 105
31 106
31 107
31 112
31 113
31 115
31 121
31 133
31 137
31 141
31 142
31 150
31 160
31 162
31 164
31 180
31 182
31 186
32 0
32 1
32 4
32 5
32 6
32 10
32 13
32 22
32 25
32 27
32 29
32 31
32 35
32 39
32 46
32 49
32 50
32 63
32 74
32 75
32 76
32 86
32 91
32 95
32 99
32 113
32 126
32 131
32 132
32 137
32 143
32 154
32 168
32 169
32 171
32 179
32 182
33 4
33 12
33 13
33 16
33 22
33 34
33 37
33 39
33 43
33 50
33 54
33 61
33 72
33 73
33 78
33 79
33 80
33 84
33 91
33 92
33 99
33 102
33 106
33 112
33 122
33 125
33 126
33 127
33 129
33 133
33 134
33 146
33 154
33 155
33 158
33 168
33 169
33 170
33 177
33 179
33 180
33 181
33 183
33 184
33 185
33 186
34 1
34 2
34 8
34 10
34 13
34 25
34 27
34 36
34 42
34 43
34 44
34 46
34 48
34 51
34 56
34 63
34 78
34 83
34 85
34 90
34 93
34 99
34 104
34 106
34 107
34 109
34 132
34 133
34 134
34 143
34 152
34 154
34 163
34 167
34 173
34 187
35 0
35 4
35 8
35 9
35 14
35 18
35 22
35 23
35 29
35 34
35 48
35 51
35 54
35 58
35 69
35 72
35 76
35 80
35 81
35 86
35 93
35 94
35 112
35 118
35 119
35 121
35 122
35 130
35 135
35 136
35 143
35 156
35 159
35 160
35 168
35 169
35 172
35 173
35 177
35 179
35 180
35 181
35 182
36 2
36 6
36 15
36 19
36 26
36 28
36 31
36 34
36 39
36 46
36 51
36 60
36 62
36 68
36 69
36 71
36 73
36 77
36 80
36 87
36 95
36 97
36 100
36 102
36 109
36 115
36 117
36 119
36 126
36 127
36 138
36 141
36 145
36 160
36 162
36 166
36 170
36 177
36 183
36 189
37 2
37 8
37 10
37 16
37 17
37 19
37 21
37 23
37 26
37 31
37 38
37 40
37 41
37 43
37 51
37 55
37 57
37 62
37 66
37 81
37 82
37 83
37 88
37 95
37 99
37 102
37 107
37 120
37 137
37 138
37 139
37 145
37 150
37 154
37 170
37 174
37 179
37 181
37 182
37 185
37 187
37 188
38 8
38 16
38 19
38 28
38 30
38 32
38 40
38 45
38 50
38 64
38 65
38 83
38 84
38 89
38 103
38 104
38 110
38 115
38 132
38 142
38 144
38 146
38 148
38 149
38 159
38 163
38 164
38 173
38 176
38 178
38 180
38 185
39 3
39 4
39 18
39 20
39 23
39 25
39 26
39 35
39 37
39 38
39 40
39 44
39 47
39 51
39 52
39 56
39 63
39 68
39 73
39 79
39 84
39 87
39 88
39 102
39 104
39 110
39 117
39 122
39 125
39 127
39 136
39 147
39 148
39 150
39 153
39 154
39 155
39 158
39 159
39 167
39 172
39 173
39 177
39 180
39 182
39 184
40 2
40 3
40 9
40 17
40 19
40 24
40 31
40 36
40 39
40 44
40 45
40 48
40 55
40 69
40 72
40 75
40 77
40 78
40 89
40 95
40 97
40 109
40 120
40 122
40 128
40 130
40 132
40 145
40 148
40 157
40 161
40 162
40 170
40 172
40 175
40 176
40 179
40 187
41 0
41 3
41 7
41 9
41 10
41 17
41 23
41 25
41 36
41 39
41 44
41 47
41 52
41 54
41 57
41 58
41 64
41 70
41 77
41 80
41 82
41 84
41 93
41 97
41 103
41 106
41 110
41 113
41 114
41 117
41 125
41 129
41 131
41 133
41 136
41 138
41 147
41 157
41 160
41 161
41 176
41 178
41 181
42 1
42 3
42 10
42 41
42 52
42 67
42 71
42 79
42 80
42 90
42 98
42 109
42 113
42 126
42 128
42 129
42 140
42 145
42 148
42 152
42 153
42 155
42 158
42 163
42 174
42 179
42 186
42 187
43 4
43 10
43 17
43 27
43 39
43 46
43 57
43 59
43 62
43 65
43 68
43 76
43 77
43 78
43 79
43 91
43 94
43 97
43 101
43 108
43 110
43 111
43 121
43 122
43 140
43 142
43 143
43 148
43 158
43 160
43 163
43 166
43 177
43 181
43 184
43 186
43 188
44 1
44 2
44 6
44 8
44 11
44 14
44 19
44 25
44 26
44 30
44 36
44 39
44 52
44 70
44 71
44 81
44 94
44 95
44 103
44 109
44 113
44 130
44 139
44 147
44 151
44 167
44 174
44 182
44 183
44 189
45 7
45 14
45 15
45 16
45 17
45 25
45 27
45 37
45 47
45 50
45 54
45 68
45 71
45 73
45 75
45 76
45 80
45 83
45 85
45 91
45 93
45 105
45 108
45 111
45 113
45 114
45 122
45 126
45 127
45 131
45 134
45 141
45 142
45 145
45 147
45 151
45 160
45 162
45 164
45 170
45 171
45 179
45 183
46 2
46 3
46 8
46 26
46 29
46 36
46 48
46 51
46 55
46 58
46 63
46 64
46 68
46 81
46 89
46 92
46 107
46 108
46 109
46 114
46 119
46 120
46 123
46 125
46 154
46 157
46 160
46 162
46 163
46 166
46 167
46 176
46 184
46 188
47 0
47 2
47 3
47 4
47 9
47 22
47 25
47 32
47 33
47 37
47 41
47 44
47 56
47 58
47 61
47 67
47 68
47 70
47 73
47 76
47 97
47 98
47 102
47 104
47 108
47 109
47 119
47 120
47 122
47 126
47 133
47 141
47 148
47 156
47 158
47 163
47 168
47 170
47 177
47 187
48 5
48 7
48 20
48 27
48 28
48 34
48 40
48 41
48 46
48 52
48 71
48 73
48 88
48 99
48 118
48 131
48 140
48 143
48 147
48 149
48 150
48 151
48 159
48 163
48 168
48 171
48 175
48 176
49 8
49 17
49 21
49 22
49 32
49 36
49 44
49 54
49 57
49 58
49 71
49 78
49 81
49 84
49 87
49 91
49 93
49 94
49 100
49 105
49 107
49 109
49 111
49 116
49 120
49 128
49 131
49 135
49 137
49 139
49 140
49 143
49 148
49 152
49 158
49 160
49 162
49 171
49 176
49 177
49 184
49 187
50 8
50 9
50 11
50 18
50 19
50 21
50 23
50 25
50 27
50 29
50 30
50 33
50 34
50 35
50 40
50 42
50 44
50 46
50 49
50 67
50 70
50 71
50 73
50 82
50 97
50 104
50 108
50 110
50 113
50 117
50 123
50 139
50 143
50 146
50 150
50 162
50 168
50 170
50 175
50 180
51 1
51 4
51 16
51 17
51 19
51 22
51 27
51 35
51 38
51 44
51 53
51 59
51 60
51 61
51 67
51 81
51 89
51 93
51 95
51 97
51 104
51 109
51 112
51 120
51 136
51 139
51 148
51 153
51 181
51 182
51 186
51 189
52 1
52 3
52 5
52 15
52 24
52 25
52 27
52 32
52 33
52 34
52 40
52 46
52 47
52 65
52 68
52 71
52 81
52 85
52 87
52 91
52 93
52 99
52 101
52 102
52 106
52 107
52 108
52 109
52 111
52 113
52 114
52 119
52 124
52 125
52 128
52 138
52 140
52 148
52 164
52 169
52 186
53 0
53 6
53 12
53 15
53 20
53 22
53 24
53 26
53 31
53 32
53 33
53 49
53 51
53 61
53 62
53 65
53 67
53 71
53 74
53 77
53 80
53 81
53 85
53 91
53 93
53 100
53 108
53 113
53 122
53 124
53 129
53 136
53 141
53 143
53 145
53 149
53 154
53 155
53 156
53 159
53 160
53 163
53 165
53 169
53 170
53 176
53 179
53 182
53 183
53 186
53 187
53 188
54 0
54 5
54 7
54 13
54 15
54 19
54 21
54 23
54 25
54 27
54 29
54 30
54 37
54 42
54 43
54 49
54 51
54 53
54 64
54 71
54 73
54 75
54 76
54 77
54 78
54 81
54 82
54 86
54 88
54 90
54 99
54 101
54 102
54 110
54 120
54 124
54 125
54 129
54 134
54 135
54 143
54 145
54 146
54 147
54 152
54 156
54 160
54 166
54 167
54 169
54 171
54 172
55 16
55 18
55 22
55 23
55 31
55 36
55 51
55 52
55 53
55 54
55 57
55 58
55 60
55 73
55 86
55 96
55 102
55 103
55 106
55 111
55 116
55 117
55 132
55 143
55 147
55 155
55 162
55 174
55 179
55 185
56 5
56 9
56 11
56 26
56 29
56 32
56 37
56 54
56 58
56 62
56 66
56 79
56 88
56 92
56 98
56 100
56 106
56 107
56 115
56 116
56 118
56 119
56 126
56 135
56 136
56 143
56 147
56 156
56 160
56 164
56 165
56 173
56 175
56 186
56 187
56 188
57 2
57 5
57 7
57 14
57 15
57 29
57 35
57 37
57 38
57 46
57 47
57 72
57 80
57 84
57 85
57 98
57 99
57 101
57 108
57 112
57 114
57 120
57 121
57 122
57 125
57 126
57 128
57 132
57 133
57 135
57 150
57 156
57 159
57 162
57 165
57 172
57 175
57 179
57 185
58 9
58 12
58 18
58 25
58 27
58 28
58 31
58 40
58 51
58 52
58 61
58 65
58 69
58 73
58 75
58 84
58 90
58 101
58 102
58 105
58 109
58 120
58 125
58 137
58 139
58 149
58 151
58 156
58 157
58 158
58 160
58 162
58 170
58 178
58 180
58 182
58 184
58 187
59 11
59 18
59 20
59 22
59 24
59 34
59 35
59 45
59 49
59 63
59 68
59 75
59 83
59 87
59 88
59 91
59 92
59 98
59 100
59 101
59 106
59 119
59 130
59 134
59 144
59 145
59 152
59 154
59 157
59 159
59 161
59 162
59 164
59 174
59 176
59 184
59 185
59 186
60 6
60 24
60 43
60 47
60 50
60 57
60 64
60 69
60 70
60 75
60 90
60 92
60 102
60 107
60 108
60 120
60 121
60 141
60 144
60 147
60 158
60 160
60 162
60 163
60 165
60 166
60 171
60 172
60 180
60 184
60 187
60 189
61 11
61 13
61 21
61 30
61 32
61 48
61 54
61 62
61 65
61 66
61 67
61 76
61 82
61 84
61 88
61 89
61 90
61 94
61 101
61 105
61 107
61 115
61 118
61 125
61 145
61 147
61 155
61 158
61 159
61 161
61 163
61 176
62 9
62 19
62 43
62 50
62 51
62 61
62 71
62 73
62 78
62 86
62 87
62 88
62 95
62 112
62 114
62 129
62 131
62 139
62 145
62 152
62 155
62 160
62 163
62 165
62 176
62 178
63 8
63 9
63 17
63 21
63 31
63 40
63 42
63 43
63 46
63 51
63 53
63 58
63 61
63 67
63 68
63 86
63 94
63 96
63 101
63 121
63 122
63 123
63 127
63 140
63 143
63 145
63 150
63 157
63 166
63 170
63 179
63 184
63 188
64 6
64 10
64 13
64 19
64 24
64 26
64 27
64 35
64 40
64 49
64 58
64 62
64 71
64 79
64 80
64 82
64 85
64 86
64 104
64 109
64 111
64 113
64 114
64 115
64 119
64 125
64 126
64 127
64 138
64 143
64 150
64 164
64 167
64 170
64 178
64 181
64 187
65 1
65 14
65 16
65 17
65 21
65 26
65 36
65 38
65 39
65 49
65 53
65 57
65 60
65 63
65 64
65 72
65 74
65 76
65 79
65 80
65 82
65 98
65 100
65 102
65 109
65 116
65 118
65 121
65 123
65 128
65 130
65 131
65 137
65 138
65 142
65 145
65 151
65 154
65 164
65 168
65 172
65 173
65 174
65 175
65 177
65 181
65 185
66 5
66 9
66 39
66 47
66 49
66 54
66 57
66 59
66 67
66 70
66 74
66 75
66 76
66 78
66 84
66 91
66 100
66 103
66 110
66 111
66 119
66 132
66 134
66 136
66 139
66 143
66 152
66 158
66 171
66 172
66 175
66 179
66 180
66 185
66 189
67 2
67 16
67 22
67 23
67 34
67 37
67 39
67 42
67 44
67 45
67 48
67 49
67 53
67 59
67 77
67 86
67 91
67 94
67 95
67 99
67 107
67 111
67 113
67 118
67 120
67 124
67 125
67 128
67 138
67 139
67 140
67 145
67 147
67 148
67 150
67 153
67 157
67 159
67 172
67 175
67 180
67 181
67 184
68 2
68 3
68 8
68 10
68 21
68 26
68 34
68 47
68 48
68 51
68 54
68 55
68 57
68 58
68 64
68 66
68 67
68 69
68 73
68 75
68 76
68 85
68 87
68 91
68 96
68 108
68 109
68 111
68 126
68 127
68 131
68 132
68 134
68 136
68 139
68 140
68 142
68 147
68 158
68 162
68 172
68 173
68 174
68 178
68 185
69 0
69 7
69 11
69 13
69 14
69 16
69 17
69 19
69 22
69 23
69 24
69 27
69 30
69 31
69 34
69 38
69 43
69 45
69 47
69 48
69 50
69 54
69 57
69 60
69 71
69 92
69 97
69 99
69 102
69 103
69 115
69 123
69 125
69 126
69 129
69 130
69 134
69 136
69 139
69 143
69 148
69 155
69 157
69 161
69 163
69 167
69 169
69 175
69 179
69 184
70 0
70 1
70 8
70 9
70 16
70 17
70 30
70 31
70 32
70 39
70 47
70 51
70 56
70 78
70 87
70 90
70 108
70 110
70 130
70 134
70 143
70 145
70 146
70 147
70 148
70 152
70 155
70 159
70 163
70 173
70 183
70 185
70 187
70 188
71 9
71 13
71 14
71 18
71 21
71 23
71 24
71 28
71 31
71 42
71 45
71 54
71 60
71 62
71 75
71 80
71 85
71 90
71 92
71 93
71 95
71 98
71 99
71 102
71 104
71 110
71 112
71 114
71 130
71 140
71 151
71 154
71 156
71 163
71 170
71 180
72 6
72 10
72 17
72 25
72 26
72 29
72 40
72 44
72 45
72 47
72 53
72 54
72 57
72 60
72 64
72 77
72 81
72 82
72 103
72 106
72 107
72 118
72 127
72 136
72 142
72 158
72 168
72 189
73 1
73 5
73 10
73 13
73 14
73 22
73 32
73 33
73 34
73 37
73 42
73 46
73 49
73 53
73 57
73 58
73 59
73 76
73 83
73 88
73 89
73 91
73 97
73 100
73 101
73 105
73 107
73 110
73 112
73 121
73 126
73 139
73 140
73 144
73 150
73 151
73 155
73 156
73 158
73 165
73 166
73 177
73 178
73 183
73 185
73 187
74 2
74 4
74 8
74 12
74 17
74 20
74 21
74 26
74 62
74 88
74 93
74 94
74 100
74 105
74 108
74 110
74 120
74 123
74 124
74 126
74 133
74 135
74 138
74 155
74 156
74 157
74 162
74 169
74 179
74 180
74 182
74 187
75 4
75 8
75 15
75 23
75 24
75 25
75 26
75 31
75 36
75 37
75 38
75 42
75 45
75 58
75 61
75 63
75 65
75 73
75 77
75 90
75 91
75 93
75 94
75 101
75 105
75 106
75 113
75 118
75 120
75 121
75 127
75 133
75 134
75 137
75 139
75 141
75 146
75 147
75 150
75 154
75 161
75 162
75 166
75 173
75 174
75 181
75 182
75 188
76 5
76 6
76 7
76 11
76 15
76 17
76 28
76 32
76 39
76 42
76 44
76 47
76 56
76 59
76 62
76 66
76 67
76 80
76 84
76 86
76 88
76 132
76 134
76 158
76 160
76 166
76 170
76 175
76 179
76 182
76 186
76 188
77 4
77 5
77 9
77 14
77 18
77 27
77 30
77 31
77 34
77 35
77 37
77 40
77 42
77 49
77 52
77 56
77 57
77 58
77 59
77 66
77 67
77 71
77 72
77 85
77 95
77 96
77 98
77 104
77 122
77 124
77 127
77 128
77 130
77 134
77 144
77 150
77 151
77 152
77 159
77 161
77 168
77 182
77 184
78 8
78 11
78 12
78 19
78 21
78 29
78 36
78 43
78 53
78 54
78 63
78 68
78 70
78 73
78 76
78 82
78 87
78 93
78 98
78 103
78 106
78 112
78 128
78 129
78 133
78 140
78 142
78 145
78 146
78 147
78 149
78 152
78 155
78 156
78 158
78 166
78 168
78 170
78 171
78 174
78 176
78 178
78 179
78 186
78 188
79 4
79 6
79 7
79 15
79 18
79 25
79 27
79 33
79 34
79 36
79 39
79 41
79 42
79 48
79 52
79 55
79 73
79 74
79 75
79 77
79 82
79 93
79 95
79 97
79 100
79 102
79 127
79 133
79 137
79 140
79 147
79 149
79 153
79 164
79 180
80 0
80 4
80 11
80 23
80 34
80 36
80 37
80 42
80 48
80 52
80 53
80 70
80 71
80 72
80 74
80 87
80 92
80 98
80 103
80 104
80 115
80 116
80 119
80 121
80 123
80 132
80 133
80 135
80 141
80 143
80 144
80 147
80 149
80 157
80 162
80 174
80 176
80 180
80 185
81 0
81 3
81 4
81 7
81 8
81 13
81 21
81 28
81 34
81 38
81 41
81 62
81 65
81 69
81 80
81 86
81 88
81 91
81 97
81 99
81 106
81 117
81 123
81 126
81 128
81 138
81 139
81 140
81 143
81 156
81 157
81 167
81 168
81 171
81 176
81 177
81 181
81 182
81 183
81 188
82 12
82 13
82 15
82 17
82 18
82 20
82 24
82 26
82 28
82 30
82 32
82 34
82 38
82 41
82 44
82 50
82 51
82 52
82 61
82 66
82 69
82 73
82 76
82 83
82 84
82 99
82 101
82 104
82 110
82 113
82 115
82 117
82 118
82 125
82 134
82 136
82 137
82 138
82 141
82 144
82 148
82 156
82 163
82 174
82 180
82 186
83 6
83 10
83 15
83 16
83 19
83 21
83 24
83 25
83 27
83 30
83 34
83 48
83 66
83 67
83 69
83 78
83 82
83 92
83 95
83 97
83 104
83 108
83 109
83 110
83 125
83 127
83 142
83 144
83 149
83 155
83 161
83 169
84 4
84 17
84 24
84 25
84 26
84 27
84 29
84 30
84 31
84 34
84 37
84 39
84 48
84 51
84 54
84 73
84 83
84 86
84 89
84 91
84 95
84 101
84 103
84 108
84 111
84 118
84 119
84 123
84 131
84 133
84 134
84 136
84 142
84 159
84 166
84 177
84 178
85 1
85 11
85 21
85 22
85 24
85 33
85 43
85 45
85 46
85 50
85 54
85 58
85 60
85 64
85 66
85 74
85 88
85 95
85 96
85 98
85 99
85 102
85 103
85 104
85 112
85 117
85 123
85 126
85 135
85 140
85 144
85 164
85 168
85 170
85 178
85 181
85 182
85 187
85 189
86 1
86 5
86 7
86 12
86 15
86 16
86 17
86 20
86 23
86 36
86 41
86 55
86 57
86 63
86 65
86 67
86 68
86 69
86 75
86 80
86 81
86 87
86 88
86 90
86 94
86 97
86 98
86 99
86 115
86 117
86 119
86 125
86 126
86 128
86 133
86 134
86 142
86 144
86 147
86 159
86 164
86 165
86 167
86 170
86 171
86 173
87 1
87 5
87 18
87 29
87 33
87 40
87 41
87 47
87 51
87 54
87 62
87 73
87 74
87 75
87 77
87 81
87 82
87 83
87 88
87 90
87 92
87 93
87 94
87 96
87 99
87 100
87 121
87 138
87 142
87 151
87 154
87 158
87 160
87 177
87 181
87 184
87 186
87 189
88 2
88 4
88 10
88 12
88 16
88 17
88 19
88 26
88 34
88 39
88 40
88 42
88 43
88 44
88 46
88 55
88 59
88 60
88 63
88 69
88 87
88 92
88 103
88 106
88 107
88 112
88 116
88 118
88 127
88 128
88 129
88 137
88 144
88 153
88 157
88 170
88 177
88 181
88 182
88 186
89 2
89 7
89 8
89 13
89 21
89 41
89 43
89 44
89 46
89 56
89 58
89 62
89 75
89 83
89 86
89 98
89 110
89 113
89 115
89 116
89 122
89 124
89 128
89 139
89 140
89 149
89 158
89 159
89 166
89 167
89 178
89 181
89 188
90 4
90 5
90 11
90 17
90 22
90 30
90 32
90 38
90 39
90 42
90 43
90 47
90 48
90 52
90 55
90 58
90 59
90 67
90 68
90 70
90 71
90 81
90 83
90 85
90 89
90 96
90 98
90 109
90 115
90 118
90 125
90 132
90 134
90 136
90 137
90 143
90 152
90 159
90 161
90 165
90 170
90 176
90 179
90 184
90 187
91 3
91 4
91 13
91 15
91 21
91 28
91 33
91 36
91 39
91 48
91 60
91 61
91 65
91 72
91 74
91 82
91 89
91 94
91 98
91 113
91 115
91 123
91 129
91 145
91 148
91 149
91 153
91 157
91 160
91 168
91 177
91 182
91 186
91 188
92 1
92 11
92 12
92 13
92 20
92 23
92 27
92 30
92 31
92 33
92 41
92 42
92 47
92 48
92 50
92 60
92 61
92 63
92 86
92 96
92 97
92 98
92 102
92 105
92 110
92 123
92 125
92 129
92 134
92 135
92 137
92 139
92 165
92 175
92 178
92 183
93 4
93 6
93 15
93 31
93 33
93 38
93 39
93 52
93 53
93 56
93 59
93 60
93 61
93 69
93 73
93 75
93 77
93 80
93 82
93 85
93 87
93 96
93 99
93 104
93 107
93 111
93 122
93 126
93 132
93 135
93 139
93 143
93 150
93 151
93 152
93 153
93 159
93 162
93 167
93 172
93 173
93 177
93 180
94 2
94 8
94 9
94 13
94 15
94 23
94 27
94 33
94 37
94 38
94 45
94 54
94 61
94 70
94 72
94 76
94 77
94 88
94 92
94 93
94 111
94 112
94 113
94 122
94 127
94 130
94 131
94 133
94 142
94 144
94 149
94 157
94 164
94 170
94 172
94 176
94 189
95 3
95 7
95 11
95 19
95 27
95 31
95 38
95 49
95 50
95 56
95 58
95 61
95 62
95 67
95 69
95 71
95 76
95 77
95 79
95 88
95 105
95 107
95 111
95 120
95 123
95 124
95 131
95 132
95 133
95 135
95 137
95 141
95 142
95 147
95 155
95 156
95 160
95 169
95 177
96 0
96 9
96 12
96 14
96 18
96 20
96 24
96 25
96 27
96 32
96 33
96 35
96 38
96 40
96 42
96 47
96 60
96 74
96 87
96 93
96 98
96 109
96 113
96 114
96 124
96 130
96 142
96 145
96 152
96 158
96 166
96 170
96 175
96 177
96 180
96 181
96 183
96 184
97 2
97 8
97 9
97 21
97 24
97 25
97 32
97 34
97 45
97 47
97 50
97 54
97 56
97 61
97 81
97 88
97 89
97 90
97 91
97 94
97 98
97 99
97 100
97 101
97 105
97 106
97 107
97 114
97 119
97 122
97 125
97 148
97 150
97 151
97 163
97 164
97 165
97 168
97 181
97 183
98 22
98 23
98 24
98 25
98 26
98 28
98 32
98 35
98 41
98 42
98 44
98 47
98 49
98 66
98 67
98 69
98 77
98 79
98 82
98 86
98 91
98 92
98 97
98 106
98 107
98 115
98 120
98 121
98 122
98 126
98 128
98 130
98 137
98 138
98 149
98 151
98 154
98 160
98 166
98 170
98 179
98 182
98 185
98 186
98 188
99 0
99 1
99 2
99 3
99 12
99 19
99 20
99 21
99 27
99 31
99 35
99 38
99 39
99 42
99 51
99 56
99 58
99 63
99 64
99 66
99 69
99 70
99 74
99 76
99 81
99 82
99 83
99 87
99 90
99 92
99 93
99 113
99 114
99 118
99 128
99 130
99 131
99 132
99 139
99 142
99 147
99 148
99 155
99 166
99 179
99 185
99 186
100 2
100 3
100 17
100 21
100 25
100 35
100 36
100 44
100 45
100 49
100 51
100 52
100 55
100 62
100 64
100 75
100 81
100 83
100 84
100 89
100 97
100 99
100 102
100 106
100 108
100 122
100 125
100 127
100 128
100 132
100 134
100 144
100 147
100 148
100 149
100 151
100 161
100 162
100 163
100 168
100 174
100 175
100 178
100 180
100 183
100 184
101 1
101 5
101 12
101 24
101 25
101 27
101 39
101 42
101 57
101 63
101 66
101 68
101 80
101 84
101 89
101 96
101 98
101 116
101 117
101 118
101 119
101 127
101 128
101 135
101 136
101 140
101 144
101 145
101 151
101 162
101 165
101 167
101 176
101 180
101 181
101 182
102 10
102 14
102 15
102 21
102 32
102 44
102 46
102 50
102 65
102 68
102 71
102 73
102 81
102 94
102 95
102 98
102 99
102 103
102 106
102 110
102 116
102 123
102 126
102 128
102 131
102 132
102 134
102 141
102 157
102 164
102 166
102 168
102 172
102 176
102 189
103 1
103 7
103 8
103 10
103 21
103 24
103 28
103 29
103 33
103 35
103 39
103 41
103 48
103 49
103 53
103 60
103 62
103 78
103 81
103 82
103 92
103 93
103 97
103 99
103 100
103 118
103 122
103 124
103 126
103 128
103 130
103 137
103 142
103 147
103 149
103 153
103 157
103 178
103 180
103 182
103 183
103 185
104 3
104 5
104 6
104 12
104 14
104 16
104 26
104 34
104 35
104 48
104 56
104 58
104 59
104 61
104 73
104 76
104 89
104 101
104 116
104 117
104 134
104 135
104 137
104 146
104 149
104 157
104 162
104 163
104 168
104 169
104 170
104 172
104 180
105 0
105 1
105 5
105 7
105 9
105 13
105 17
105 23
105 26
105 27
105 32
105 33
105 36
105 37
105 44
105 46
105 50
105 62
105 69
105 75
105 88
105 89
105 95
105 111
105 118
105 123
105 131
105 139
105 144
105 145
105 165
105 167
105 169
105 171
105 173
105 176
105 187
106 3
106 4
106 14
106 19
106 37
106 42
106 51
106 53
106 55
106 65
106 66
106 67
106 73
106 78
106 85
106 91
106 93
106 104
106 108
106 119
106 122
106 133
106 138
106 141
106 151
106 152
106 153
106 156
106 179
107 14
107 18
107 23
107 32
107 33
107 35
107 37
107 42
107 46
107 51
107 58
107 59
107 69
107 72
107 74
107 76
107 77
107 79
107 96
107 100
107 106
107 108
107 109
107 112
107 113
107 123
107 126
107 129
107 130
107 135
107 137
107 148
107 153
107 173
107 177
107 178
107 181
107 187
108 1
108 6
108 7
108 9
108 17
108 26
108 34
108 36
108 51
108 58
108 73
108 87
108 90
108 92
108 109
108 117
108 127
108 130
108 132
108 134
108 141
108 143
108 145
108 150
108 153
108 159
108 163
108 164
108 168
108 177
109 5
109 8
109 16
109 25
109 44
109 47
109 59
109 64
109 68
109 69
109 75
109 78
109 95
109 105
109 111
109 120
109 122
109 126
109 130
109 131
109 136
109 139
109 150
109 153
109 155
109 158
109 162
109 167
109 169
109 170
109 175
109 176
109 186
109 189
110 10
110 24
110 30
110 32
110 39
110 41
110 42
110 47
110 48
110 49
110 52
110 62
110 63
110 71
110 73
110 77
110 78
110 79
110 85
110 86
110 91
110 102
110 103
110 105
110 121
110 123
110 130
110 134
110 139
110 142
110 146
110 149
110 157
110 162
110 169
110 171
110 175
110 177
110 186
110 189
111 6
111 9
111 15
111 17
111 22
111 25
111 34
111 39
111 42
111 49
111 51
111 53
111 58
111 59
111 61
111 66
111 84
111 85
111 86
111 89
111 95
111 101
111 104
111 107
111 109
111 118
111 126
111 129
111 134
111 138
111 142
111 144
111 146
111 152
111 160
111 161
111 162
111 184
111 185
111 187
111 188
112 2
112 3
112 6
112 11
112 12
112 21
112 22
112 32
112 40
112 46
112 51
112 59
112 63
112 69
112 72
112 82
112 84
112 91
112 109
112 110
112 114
112 120
112 129
112 134
112 136
112 139
112 146
112 149
112 163
112 164
112 165
112 169
112 178
112 183
113 0
113 1
113 18
113 23
113 24
113 26
113 32
113 39
113 55
113 57
113 59
113 61
113 62
113 73
113 85
113 86
113 88
113 90
113 91
113 94
113 95
113 97
113 110
113 111
113 119
113 128
113 131
113 135
113 142
113 158
113 160
113 161
113 165
113 172
113 186
113 187
113 188
114 2
114 9
114 14
114 21
114 26
114 32
114 39
114 40
114 48
114 50
114 52
114 55
114 69
114 72
114 75
114 78
114 81
114 83
114 84
114 89
114 98
114 111
114 117
114 120
114 126
114 133
114 134
114 137
114 149
114 150
114 152
114 167
114 170
114 176
114 179
114 187
115 3
115 6
115 12
115 15
115 16
115 17
115 19
115 22
115 32
115 36
115 40
115 43
115 45
115 63
115 71
115 85
115 86
115 96
115 98
115 107
115 112
115 113
115 117
115 118
115 124
115 130
115 131
115 133
116 13
116 17
116 22
116 23
116 35
116 39
116 43
116 52
116 53
116 54
116 62
116 64
116 70
116 74
116 75
116 89
116 97
116 98
116 99
116 108
116 126
116 130
116 133
116 141
116 144
116 148
116 152
116 162
116 169
116 170
116 174
116 180
116 185
116 188
117 3
117 15
117 16
117 23
117 27
117 32
117 37
117 41
117 47
117 49
117 52
117 64
117 65
117 66
117 77
117 79
117 88
117 90
117 92
117 93
117 94
117 99
117 102
117 110
117 122
117 126
117 127
117 132
117 134
117 142
117 144
117 146
117 147
117 150
117 151
117 157
117 159
117 162
117 163
117 164
117 166
117 172
117 174
117 177
117 185
117 188
117 189
118 1
118 2
118 13
118 14
118 16
118 20
118 23
118 28
118 31
118 34
118 45
118 48
118 55
118 58
118 60
118 67
118 69
118 71
118 72
118 75
118 79
118 86
118 87
118 89
118 92
118 93
118 98
118 101
118 102
118 103
118 105
118 110
118 121
118 123
118 124
118 130
118 156
118 169
118 176
118 178
118 183
118 184
119 6
119 20
119 23
119 25
119 27
119 30
119 40
119 44
119 47
119 49
119 57
119 61
119 76
119 84
119 89
119 100
119 101
119 102
119 103
119 104
119 105
119 112
119 114
119 117
119 121
119 141
119 142
119 149
119 151
119 156
119 158
119 161
119 165
119 167
120 1
120 6
120 15
120 18
120 39
120 42
120 45
120 47
120 50
120 54
120 62
120 74
120 78
120 79
120 94
120 97
120 99
120 109
120 110
120 113
120 115
120 116
120 118
120 121
120 133
120 138
120 140
120 142
120 145
120 148
120 149
120 159
120 164
120 175
121 8
121 9
121 10
121 14
121 18
121 21
121 27
121 30
121 38
121 43
121 58
121 69
121 75
121 78
121 84
121 94
121 99
121 110
121 112
121 113
121 117
121 118
121 122
121 123
121 130
121 151
121 152
121 156
121 161
121 172
121 175
121 181
121 186
122 9
122 12
122 14
122 16
122 21
122 24
122 25
122 39
122 45
122 47
122 56
122 65
122 70
122 76
122 85
122 87
122 105
122 110
122 111
122 113
122 118
122 127
122 130
122 140
122 145
122 149
122 158
122 161
122 162
122 174
122 175
122 185
122 188
123 3
123 4
123 5
123 6
123 8
123 9
123 13
123 15
123 17
123 18
123 19
123 21
123 22
123 24
123 31
123 36
123 38
123 54
123 68
123 71
123 72
123 73
123 77
123 78
123 79
123 84
123 85
123 102
123 106
123 108
123 109
123 110
123 111
123 113
123 124
123 126
123 133
123 134
123 136
123 138
123 141
123 145
123 151
123 161
123 164
123 173
123 176
123 181
123 189
124 2
124 5
124 8
124 9
124 11
124 13
124 22
124 23
124 28
124 32
124 49
124 50
124 55
124 65
124 66
124 68
124 69
124 71
124 73
124 74
124 85
124 89
124 90
124 103
124 106
124 109
124 112
124 114
124 117
124 120
124 121
124 122
124 128
124 131
124 134
124 142
124 145
124 148
124 151
124 153
124 160
124 167
124 168
124 173
124 178
124 181
125 2
125 5
125 10
125 12
125 17
125 21
125 23
125 26
125 27
125 31
125 32
125 36
125 37
125 45
125 50
125 54
125 59
125 65
125 76
125 78
125 81
125 84
125 85
125 88
125 94
125 110
125 111
125 112
125 120
125 122
125 124
125 135
125 137
125 144
125 147
125 153
125 156
125 158
125 160
125 167
125 186
125 187
125 189
126 8
126 16
126 30
126 31
126 40
126 41
126 48
126 61
126 66
126 68
126 70
126 73
126 74
126 75
126 77
126 80
126 81
126 86
126 91
126 94
126 114
126 118
126 121
126 127
126 130
126 133
126 146
126 150
126 151
126 152
126 160
126 161
126 162
126 164
126 176
126 177
126 188
127 2
127 3
127 5
127 22
127 23
127 24
127 34
127 42
127 46
127 52
127 53
127 56
127 58
127 59
127 60
127 64
127 66
127 69
127 76
127 83
127 90
127 97
127 104
127 109
127 110
127 117
127 122
127 151
127 160
127 163
127 164
127 167
127 174
127 175
127 184
127 187
127 188
127 189
128 3
128 8
128 11
128 27
128 29
128 31
128 32
128 37
128 41
128 42
128 43
128 46
128 53
128 55
128 60
128 62
128 65
128 79
128 81
128 87
128 90
128 91
128 92
128 93
128 94
128 101
128 105
128 122
128 129
128 137
128 143
128 144
128 152
128 155
128 158
128 161
128 174
128 180
128 183
128 188
128 189
129 10
129 12
129 17
129 21
129 22
129 24
129 26
129 27
129 31
129 40
129 48
129 52
129 55
129 57
129 68
129 72
129 98
129 104
129 114
129 124
129 127
129 140
129 142
129 144
129 149
129 156
129 160
129 163
129 165
129 166
129 171
129 176
129 183
129 188
129 189
130 3
130 4
130 5
130 10
130 14
130 22
130 25
130 28
130 31
130 41
130 52
130 54
130 58
130 59
130 60
130 67
130 72
130 73
130 76
130 78
130 79
130 89
130 92
130 104
130 106
130 108
130 110
130 116
130 119
130 120
130 139
130 142
130 144
130 145
130 146
130 153
130 155
130 162
130 163
130 165
130 175
130 177
130 181
130 183
131 0
131 16
131 17
131 25
131 27
131 28
131 33
131 44
131 55
131 61
131 69
131 80
131 83
131 91
131 96
131 104
131 113
131 117
131 126
131 128
131 130
131 132
131 134
131 149
131 151
131 153
131 154
131 157
131 159
131 160
131 161
131 163
131 164
131 175
131 179
132 1
132 4
132 6
132 9
132 10
132 13
132 16
132 17
132 24
132 32
132 36
132 37
132 45
132 47
132 48
132 49
132 54
132 56
132 61
132 67
132 70
132 78
132 83
132 91
132 97
132 100
132 101
132 105
132 115
132 121
132 122
132 126
132 127
132 133
132 145
132 148
132 156
132 167
132 173
132 180
132 182
132 186
133 17
133 19
133 27
133 31
133 33
133 35
133 36
133 38
133 47
133 52
133 53
133 56
133 64
133 65
133 67
133 69
133 76
133 83
133 89
133 93
133 98
133 101
133 110
133 116
133 124
133 127
133 130
133 134
133 135
133 139
133 143
133 146
133 163
133 166
133 175
133 178
134 0
134 4
134 7
134 10
134 17
134 18
134 24
134 27
134 32
134 35
134 38
134 41
134 49
134 59
134 71
134 78
134 93
134 94
134 97
134 100
134 101
134 103
134 104
134 114
134 120
134 123
134 128
134 132
134 144
134 145
134 146
134 152
134 155
134 156
134 159
134 162
134 167
134 168
134 170
134 173
134 179
134 184
135 0
135 12
135 15
135 32
135 34
135 48
135 54
135 56
135 61
135 63
135 64
135 66
135 69
135 72
135 91
135 92
135 103
135 108
135 114
135 116
135 121
135 122
135 123
135 133
135 137
135 138
135 142
135 154
135 155
135 160
135 162
135 166
135 173
135 175
135 188
135 189
136 2
136 5
136 6
136 7
136 9
136 23
136 25
136 34
136 36
136 41
136 42
136 43
136 44
136 47
136 59
136 62
136 66
136 70
136 71
136 81
136 82
136 85
136 86
136 95
136 104
136 105
136 106
136 110
136 113
136 117
136 139
136 141
136 144
136 146
136 148
136 155
136 156
136 158
136 161
136 181
136 184
137 0
137 10
137 15
137 28
137 30
137 32
137 34
137 40
137 44
137 68
137 76
137 79
137 80
137 84
137 89
137 97
137 102
137 103
137 106
137 109
137 110
137 111
137 124
137 127
137 134
137 140
137 141
137 144
137 154
137 160
137 161
137 164
137 171
137 175
137 182
137 183
137 186
138 2
138 7
138 8
138 25
138 26
138 31
138 32
138 49
138 52
138 64
138 70
138 77
138 79
138 81
138 85
138 86
138 87
138 94
138 101
138 107
138 108
138 110
138 114
138 115
138 116
138 124
138 131
138 140
138 146
138 154
138 158
138 159
138 163
138 174
138 188
138 189
139 15
139 23
139 26
139 28
139 30
139 31
139 37
139 41
139 46
139 50
139 53
139 57
139 66
139 73
139 78
139 86
139 87
139 91
139 98
139 100
139 102
139 108
139 109
139 112
139 118
139 121
139 134
139 140
139 143
139 151
139 153
139 156
139 160
139 164
139 168
139 176
139 182
139 187
140 4
140 8
140 20
140 21
140 25
140 26
140 27
140 29
140 30
140 41
140 47
140 48
140 52
140 59
140 61
140 62
140 64
140 70
140 73
140 74
140 81
140 83
140 84
140 88
140 90
140 93
140 98
140 100
140 102
140 110
140 112
140 120
140 123
140 128
140 132
140 133
140 137
140 145
140 149
140 152
140 154
140 157
140 163
140 167
140 169
140 175
140 188
140 189
141 3
141 5
141 7
141 10
141 11
141 15
141 16
141 19
141 21
141 26
141 30
141 31
141 32
141 38
141 40
141 52
141 63
141 68
141 73
141 74
141 79
141 82
141 86
141 87
141 101
141 107
141 115
141 116
141 118
141 119
141 122
141 132
141 135
141 148
141 150
141 153
141 157
141 163
141 178
142 5
142 10
142 11
142 12
142 18
142 20
142 22
142 23
142 24
142 31
142 33
142 42
142 52
142 55
142 61
142 63
142 69
142 70
142 76
142 99
142 100
142 109
142 110
142 111
142 112
142 117
142 123
142 125
142 127
142 128
142 131
142 149
142 152
142 171
142 172
142 181
142 183
142 186
142 187
143 2
143 13
143 19
143 29
143 30
143 33
143 36
143 45
143 46
143 56
143 60
143 61
143 68
143 70
143 74
143 78
143 81
143 86
143 90
143 95
143 105
143 106
143 107
143 121
143 125
143 128
143 129
143 130
143 139
143 142
143 153
143 155
143 158
143 161
143 164
143 166
143 167
143 169
143 177
143 183
143 185
143 186
144 0
144 9
144 16
144 27
144 31
144 35
144 37
144 44
144 45
144 60
144 63
144 68
144 74
144 75
144 76
144 87
144 90
144 96
144 99
144 104
144 105
144 106
144 108
144 109
144 118
144 131
144 133
144 134
144 145
144 147
144 151
144 153
144 156
144 159
144 161
144 165
144 172
144 183
144 185
145 25
145 27
145 36
145 37
145 39
145 42
145 43
145 51
145 60
145 66
145 67
145 68
145 76
145 85
145 112
145 113
145 125
145 129
145 135
145 136
145 139
145 140
145 141
145 142
145 146
145 159
145 168
145 174
145 177
145 184
145 186
145 188
146 0
146 1
146 3
146 9
146 16
146 17
146 19
146 21
146 25
146 29
146 35
146 36
146 41
146 58
146 63
146 74
146 81
146 82
146 83
146 84
146 87
146 102
146 104
146 105
146 109
146 110
146 111
146 113
146 114
146 117
146 121
146 137
146 138
146 145
146 157
146 164
146 169
146 171
146 179
146 180
146 183
147 7
147 15
147 21
147 23
147 35
147 43
147 44
147 45
147 46
147 47
147 49
147 51
147 57
147 60
147 62
147 65
147 66
147 74
147 75
147 78
147 83
147 85
147 93
147 96
147 102
147 107
147 109
147 113
147 119
147 123
147 139
147 146
147 152
147 168
147 172
147 175
147 180
147 182
147 185
148 1
148 8
148 13
148 17
148 23
148 32
148 34
148 39
148 40
148 42
148 50
148 51
148 54
148 55
148 60
148 62
148 66
148 74
148 83
148 100
148 107
148 113
148 118
148 125
148 129
148 130
148 132
148 133
148 136
148 145
148 160
148 161
148 164
148 169
148 170
148 177
148 189
149 4
149 7
149 8
149 9
149 12
149 16
149 19
149 21
149 22
149 28
149 29
149 37
149 39
149 48
149 51
149 53
149 55
149 63
149 64
149 66
149 71
149 75
149 80
149 81
149 86
149 97
149 106
149 113
149 114
149 115
149 117
149 120
149 137
149 138
149 146
149 150
149 153
149 172
149 174
149 176
149 177
149 182
149 183
149 185
149 186
149 187
150 7
150 8
150 12
150 15
150 18
150 28
150 30
150 40
150 47
150 50
150 54
150 55
150 56
150 59
150 73
150 78
150 82
150 83
150 84
150 92
150 95
150 101
150 107
150 124
150 126
150 131
150 139
150 143
150 144
150 146
150 149
150 152
150 156
150 181
150 183
151 6
151 11
151 15
151 20
151 22
151 24
151 32
151 39
151 43
151 45
151 47
151 53
151 56
151 57
151 70
151 77
151 87
151 89
151 92
151 94
151 96
151 99
151 106
151 114
151 120
151 126
151 128
151 131
151 134
151 139
151 147
151 149
151 155
151 156
151 162
151 163
151 167
151 168
152 0
152 3
152 5
152 8
152 10
152 15
152 19
152 21
152 25
152 26
152 30
152 31
152 42
152 52
152 60
152 68
152 69
152 70
152 72
152 82
152 87
152 89
152 102
152 113
152 116
152 122
152 123
152 124
152 131
152 142
152 144
152 147
152 153
152 154
152 155
152 156
152 158
152 164
152 167
152 176
152 178
152 182
153 0
153 5
153 15
153 17
153 19
153 20
153 22
153 24
153 26
153 29
153 33
153 43
153 44
153 48
153 55
153 64
153 69
153 89
153 91
153 98
153 103
153 105
153 108
153 111
153 112
153 113
153 116
153 117
153 118
153 119
153 121
153 128
153 132
153 134
153 139
153 143
153 151
153 154
153 155
153 157
153 171
153 179
153 182
153 184
153 187
154 4
154 5
154 6
154 15
154 16
154 19
154 29
154 30
154 31
154 42
154 43
154 47
154 50
154 52
154 57
154 69
154 70
154 71
154 72
154 73
154 75
154 77
154 79
154 81
154 95
154 103
154 105
154 111
154 118
154 126
154 132
154 135
154 136
154 141
154 144
154 145
154 147
154 174
154 182
155 6
155 11
155 17
155 23
155 24
155 29
155 36
155 46
155 48
155 50
155 51
155 52
155 56
155 58
155 69
155 72
155 74
155 85
155 89
155 98
155 100
155 104
155 110
155 114
155 117
155 120
155 135
155 143
155 149
155 150
155 154
155 158
155 161
155 165
155 183
155 188
156 2
156 4
156 5
156 14
156 16
156 18
156 19
156 20
156 21
156 22
156 24
156 26
156 32
156 33
156 39
156 41
156 46
156 52
156 57
156 61
156 73
156 79
156 95
156 97
156 106
156 109
156 116
156 124
156 125
156 132
156 133
156 135
156 142
156 146
156 147
156 152
156 159
156 172
157 0
157 2
157 12
157 19
157 27
157 28
157 29
157 32
157 46
157 48
157 49
157 50
157 53
157 58
157 70
157 71
157 80
157 87
157 91
157 100
157 106
157 110
157 113
157 125
157 126
157 129
157 133
157 134
157 138
157 153
157 158
157 162
157 173
157 179
157 184
157 189
158 4
158 8
158 10
158 12
158 16
158 21
158 22
158 26
158 38
158 39
158 40
158 41
158 48
158 52
158 57
158 58
158 61
158 78
158 89
158 92
158 95
158 99
158 100
158 102
158 104
158 108
158 125
158 141
158 142
158 143
158 144
158 145
158 148
158 164
158 167
158 181
158 189
159 9
159 11
159 14
159 18
159 23
159 34
159 37
159 41
159 43
159 50
159 54
159 57
159 59
159 60
159 69
159 71
159 102
159 105
159 118
159 119
159 120
159 124
159 127
159 128
159 131
159 141
159 152
159 156
159 161
159 164
159 184
159 187
160 4
160 6
160 7
160 15
160 19
160 20
160 27
160 31
160 36
160 40
160 54
160 58
160 61
160 64
160 66
160 69
160 81
160 86
160 88
160 96
160 106
160 111
160 118
160 123
160 135
160 142
160 143
160 144
160 151
160 154
160 155
160 156
160 157
160 162
160 164
160 170
160 171
160 172
160 173
160 175
161 7
161 8
161 10
161 14
161 28
161 34
161 35
161 37
161 50
161 71
161 87
161 91
161 95
161 98
161 99
161 115
161 117
161 119
161 129
161 130
161 134
161 136
161 139
161 146
161 147
161 152
161 162
161 185
161 188
161 189
162 9
162 12
162 22
162 30
162 43
162 45
162 58
162 62
162 65
162 71
162 72
162 73
162 75
162 82
162 83
162 86
162 94
162 96
162 97
162 100
162 109
162 113
162 120
162 126
162 127
162 132
162 134
162 139
162 156
162 175
162 177
162 187
163 2
163 5
163 12
163 13
163 15
163 27
163 30
163 46
163 48
163 59
163 68
163 72
163 75
163 77
163 78
163 79
163 84
163 107
163 120
163 125
163 130
163 134
163 140
163 142
163 148
163 156
163 158
163 166
163 172
163 179
163 184
164 1
164 2
164 8
164 9
164 10
164 18
164 26
164 34
164 47
164 49
164 61
164 64
164 67
164 72
164 76
164 79
164 85
164 96
164 99
164 111
164 122
164 123
164 133
164 135
164 140
164 144
164 152
164 155
164 157
164 159
164 165
164 168
164 176
164 177
164 180
164 185
164 187
165 2
165 10
165 13
165 17
165 20
165 22
165 25
165 27
165 29
165 31
165 35
165 36
165 40
165 41
165 43
165 44
165 45
165 54
165 62
165 63
165 64
165 73
165 86
165 93
165 109
165 111
165 122
165 123
165 124
165 128
165 140
165 144
165 145
165 146
165 152
165 163
165 166
165 168
165 170
165 177
165 183
166 4
166 12
166 19
166 20
166 25
166 46
166 53
166 56
166 65
166 84
166 90
166 95
166 98
166 103
166 108
166 116
166 118
166 120
166 123
166 128
166 134
166 136
166 137
166 144
166 148
166 152
166 153
166 156
166 170
166 174
166 188
167 6
167 25
167 26
167 27
167 29
167 34
167 41
167 47
167 48
167 51
167 57
167 58
167 59
167 62
167 64
167 66
167 67
167 75
167 81
167 85
167 87
167 100
167 104
167 115
167 127
167 129
167 132
167 133
167 145
167 150
167 165
167 172
168 2
168 13
168 21
168 30
168 32
168 34
168 37
168 39
168 42
168 43
168 44
168 45
168 46
168 48
168 65
168 69
168 71
168 72
168 82
168 83
168 86
168 87
168 90
168 95
168 96
168 97
168 103
168 122
168 128
168 130
168 131
168 138
168 140
168 143
168 145
168 162
168 165
168 169
168 181
168 182
168 189
169 1
169 4
169 12
169 15
169 16
169 18
169 24
169 32
169 44
169 45
169 58
169 59
169 68
169 71
169 73
169 82
169 83
169 87
169 89
169 90
169 103
169 106
169 108
169 114
169 125
169 137
169 151
169 153
169 155
169 158
169 162
169 164
169 172
169 175
169 182
169 183
170 6
170 7
170 8
170 10
170 15
170 17
170 18
170 24
170 28
170 32
170 33
170 41
170 42
170 47
170 48
170 49
170 51
170 53
170 54
170 55
170 65
170 70
170 71
170 72
170 74
170 75
170 78
170 86
170 88
170 90
170 94
170 98
170 99
170 101
170 103
170 104
170 105
170 106
170 112
170 120
170 121
170 123
170 124
170 127
170 132
170 144
170 146
170 147
170 149
170 150
170 153
170 156
170 168
170 171
170 178
170 180
170 187
171 7
171 10
171 19
171 20
171 27
171 39
171 42
171 43
171 44
171 45
171 47
171 62
171 65
171 68
171 79
171 82
171 86
171 88
171 101
171 106
171 115
171 117
171 120
171 121
171 122
171 139
171 141
171 153
171 164
171 166
171 167
171 176
171 188
172 6
172 7
172 10
172 15
172 19
172 37
172 49
172 63
172 64
172 73
172 82
172 84
172 86
172 87
172 88
172 100
172 101
172 106
172 112
172 115
172 122
172 123
172 125
172 128
172 138
172 145
172 164
172 165
172 175
172 183
173 1
173 13
173 16
173 17
173 19
173 24
173 27
173 28
173 34
173 46
173 52
173 56
173 63
173 64
173 66
173 70
173 72
173 79
173 80
173 86
173 87
173 92
173 93
173 96
173 97
173 98
173 102
173 110
173 112
173 113
173 124
173 126
173 127
173 131
173 136
173 140
173 141
173 147
173 149
173 159
173 168
173 169
173 171
173 176
173 184
173 189
174 6
174 9
174 23
174 24
174 25
174 27
174 30
174 31
174 34
174 43
174 54
174 56
174 62
174 63
174 72
174 74
174 78
174 89
174 98
174 102
174 107
174 110
174 111
174 121
174 125
174 128
174 132
174 133
174 148
174 150
174 155
174 158
174 160
174 162
174 166
174 176
174 181
174 182
175 2
175 7
175 9
175 14
175 20
175 24
175 25
175 29
175 30
175 35
175 46
175 52
175 60
175 67
175 73
175 80
175 89
175 94
175 97
175 100
175 116
175 119
175 122
175 128
175 136
175 137
175 140
175 141
175 145
175 146
175 152
175 158
175 164
175 168
175 171
175 182
175 186
176 2
176 4
176 11
176 14
176 17
176 19
176 22
176 42
176 44
176 50
176 53
176 54
176 57
176 60
176 63
176 70
176 79
176 80
176 85
176 89
176 91
176 93
176 95
176 107
176 109
176 112
176 117
176 120
176 124
176 131
176 135
176 145
176 150
176 151
176 153
176 155
176 160
176 164
176 166
176 169
176 171
176 182
176 183
176 188
177 12
177 14
177 17
177 19
177 21
177 27
177 28
177 36
177 50
177 62
177 68
177 69
177 74
177 77
177 79
177 83
177 84
177 86
177 87
177 91
177 92
177 94
177 107
177 108
177 111
177 113
177 115
177 127
177 130
177 132
177 140
177 145
177 152
177 163
177 166
177 171
177 176
177 184
177 187
178 8
178 12
178 17
178 25
178 28
178 31
178 36
178 41
178 48
178 54
178 61
178 65
178 66
178 71
178 75
178 77
178 78
178 92
178 93
178 94
178 96
178 97
178 110
178 112
178 119
178 123
178 124
178 128
178 129
178 137
178 141
178 144
178 147
178 148
178 153
178 155
178 160
178 168
178 172
178 177
178 183
179 10
179 16
179 26
179 27
179 46
179 49
179 50
179 79
179 80
179 86
179 89
179 91
179 102
179 105
179 106
179 109
179 110
179 112
179 114
179 117
179 125
179 132
179 148
179 153
179 166
179 167
179 176
179 181
179 189
180 11
180 19
180 23
180 27
180 34
180 37
180 39
180 41
180 54
180 63
180 65
180 66
180 68
180 73
180 85
180 86
180 92
180 95
180 102
180 113
180 120
180 121
180 123
180 124
180 126
180 142
180 145
180 148
180 149
180 151
180 172
180 173
180 187
180 188
181 5
181 6
181 11
181 19
181 22
181 25
181 28
181 32
181 33
181 35
181 38
181 43
181 46
181 50
181 53
181 58
181 75
181 79
181 81
181 91
181 100
181 111
181 117
181 127
181 133
181 137
181 138
181 141
181 150
181 154
181 155
181 156
181 164
181 174
181 176
181 184
181 189
182 3
182 25
182 32
182 35
182 50
182 51
182 52
182 63
182 66
182 67
182 68
182 70
182 72
182 74
182 91
182 100
182 101
182 104
182 106
182 109
182 111
182 117
182 124
182 128
182 132
182 135
182 146
182 166
182 167
182 168
182 171
182 175
183 2
183 8
183 13
183 15
183 18
183 24
183 25
183 26
183 27
183 29
183 38
183 43
183 45
183 50
183 53
183 71
183 76
183 79
183 99
183 100
183 104
183 106
183 113
183 115
183 121
183 127
183 130
183 131
183 138
183 141
183 145
183 152
183 153
183 159
183 161
183 175
183 179
183 185
183 188
184 3
184 14
184 22
184 27
184 29
184 32
184 34
184 48
184 60
184 68
184 81
184 84
184 97
184 103
184 113
184 114
184 128
184 133
184 150
184 154
184 156
184 158
184 162
184 167
184 174
185 1
185 7
185 21
185 23
185 24
185 27
185 28
185 33
185 36
185 38
185 47
185 54
185 64
185 67
185 71
185 73
185 77
185 85
185 86
185 93
185 94
185 101
185 109
185 111
185 118
185 120
185 121
185 123
185 128
185 131
185 134
185 138
185 143
185 149
185 153
185 155
185 159
185 162
185 173
185 177
185 184
185 187
186 7
186 9
186 13
186 16
186 18
186 20
186 28
186 29
186 34
186 40
186 49
186 52
186 53
186 61
186 82
186 84
186 89
186 92
186 101
186 103
186 113
186 119
186 124
186 127
186 129
186 143
186 164
186 167
186 168
186 171
186 175
186 178
186 179
186 180
186 181
187 0
187 4
187 5
187 11
187 16
187 25
187 41
187 43
187 44
187 48
187 52
187 54
187 56
187 59
187 62
187 70
187 74
187 82
187 95
187 102
187 107
187 113
187 114
187 125
187 127
187 131
187 136
187 140
187 151
187 153
187 155
187 157
187 160
187 162
187 163
187 171
187 172
187 184
188 0
188 9
188 27
188 28
188 29
188 30
188 32
188 37
188 39
188 43
188 44
188 48
188 49
188 50
188 52
188 54
188 63
188 64
188 65
188 78
188 81
188 89
188 90
188 92
188 93
188 103
188 107
188 115
188 119
188 123
188 126
188 127
188 132
188 140
188 143
188 146
188 161
188 164
188 169
188 172
188 178
188 186
189 9
189 19
189 21
189 32
189 37
189 41
189 50
189 59
189 61
189 63
189 64
189 69
189 73
189 77
189 80
189 81
189 82
189 92
189 97
189 99
189 103
189 105
189 108
189 110
189 114
189 119
189 145
189 154
189 162
189 164
189 170
189 179
189 181
189 182
