25
0 8
0 9
0 16
0 20
0 23
1 10
1 12
1 14
2 7
2 10
2 11
2 17
2 18
3 10
3 16
3 18
3 20
3 21
3 23
3 24
4 1
4 6
4 8
4 17
4 18
5 0
5 10
5 11
5 13
5 19
5 21
6 2
6 5
6 8
6 10
6 18
6 19
7 5
7 10
7 11
7 12
7 14
8 5
8 7
8 11
8 13
9 0
9 11
9 15
9 17
9 19
9 23
10 11
10 16
11 1
11 6
11 16
11 23
12 8
12 13
12 15
12 16
12 18
12 21
12 23
12 24
13 7
14 1
14 13
14 17
14 18
15 2
15 5
15 12
15 13
15 14
16 8
16 22
17 0
17 3
17 9
17 10
17 13
17 16
17 22
17 23
18 0
18 2
18 6
18 7
18 8
18 9
18 12
18 17
18 23
19 3
19 12
19 13
19 15
19 16
20 9
20 10
20 13
21 1
21 6
21 19
22 3
22 9
22 11
22 12
22 15
22 19
22 24
23 7
23 8
23 12
24 13
24 19
24 20
24 21
