250
0 2
0 7
0 11
0 12
0 20
0 24
0 29
0 38
0 48
0 53
0 59
0 65
0 69
0 75
0 85
0 89
0 91
0 106
0 110
0 118
0 121
0 126
0 130
0 143
0 147
0 152
0 157
0 159
0 160
0 174
0 177
0 188
0 189
0 191
0 196
0 201
0 202
0 204
0 209
0 210
0 211
0 218
0 220
0 223
0 233
0 239
0 244
0 249
1 6
1 11
1 21
1 23
1 24
1 27
1 36
1 37
1 39
1 44
1 45
1 51
1 54
1 55
1 58
1 66
1 71
1 75
1 77
1 81
1 85
1 89
1 90
1 98
1 101
1 108
1 114
1 116
1 121
1 124
1 127
1 133
1 149
1 154
1 160
1 162
1 165
1 170
1 177
1 179
1 181
1 189
1 210
1 213
1 215
1 221
1 222
1 223
1 228
1 229
1 233
1 235
1 246
1 248
2 6
2 19
2 21
2 36
2 40
2 49
2 55
2 57
2 68
2 72
2 74
2 80
2 85
2 86
2 89
2 92
2 102
2 108
2 116
2 121
2 134
2 135
2 137
2 140
2 148
2 154
2 157
2 162
2 169
2 173
2 178
2 187
2 197
2 198
2 200
2 209
2 214
2 223
2 227
2 228
2 230
2 231
2 237
2 238
2 249
3 0
3 4
3 5
3 6
3 11
3 19
3 21
3 23
3 24
3 29
3 34
3 40
3 64
3 71
3 73
3 75
3 78
3 82
3 83
3 88
3 96
3 100
3 101
3 102
3 114
3 119
3 122
3 127
3 132
3 153
3 157
3 158
3 162
3 165
3 166
3 169
3 171
3 172
3 174
3 177
3 179
3 182
3 190
3 230
3 232
3 238
3 240
3 246
4 0
4 10
4 14
4 17
4 18
4 23
4 28
4 30
4 39
4 40
4 47
4 51
4 54
4 61
4 63
4 85
4 89
4 91
4 92
4 97
4 100
4 101
4 105
4 108
4 116
4 120
4 121
4 122
4 129
4 133
4 136
4 137
4 146
4 163
4 170
4 171
4 174
4 176
4 177
4 183
4 184
4 185
4 191
4 197
4 199
4 201
4 202
4 208
4 214
4 218
4 220
4 223
4 225
4 226
4 231
4 232
4 236
4 240
4 247
4 249
5 14
5 18
5 30
5 32
5 37
5 48
5 50
5 51
5 52
5 55
5 62
5 68
5 72
5 73
5 74
5 80
5 82
5 90
5 98
5 99
5 104
5 115
5 122
5 125
5 130
5 157
5 163
5 166
5 176
5 181
5 182
5 183
5 201
5 203
5 210
5 216
5 217
5 232
5 235
5 239
5 240
5 242
5 245
6 2
6 8
6 16
6 20
6 34
6 37
6 38
6 42
6 48
6 56
6 59
6 61
6 76
6 84
6 86
6 88
6 94
6 98
6 103
6 114
6 119
6 120
6 125
6 128
6 137
6 141
6 142
6 143
6 153
6 159
6 161
6 170
6 174
6 180
6 182
6 183
6 187
6 190
6 200
6 202
6 204
6 221
6 231
6 238
6 240
6 248
7 1
7 6
7 9
7 15
7 22
7 29
7 31
7 32
7 42
7 47
7 52
7 55
7 57
7 62
7 65
7 70
7 77
7 80
7 81
7 92
7 96
7 97
7 104
7 113
7 118
7 123
7 124
7 128
7 129
7 137
7 146
7 150
7 152
7 158
7 159
7 174
7 189
7 191
7 200
7 203
7 212
7 217
7 231
7 239
7 245
7 248
7 249
8 2
8 3
8 10
8 11
8 14
8 22
8 30
8 31
8 32
8 33
8 49
8 51
8 58
8 63
8 71
8 76
8 78
8 84
8 87
8 95
8 101
8 102
8 107
8 110
8 113
8 119
8 123
8 133
8 137
8 141
8 147
8 148
8 151
8 152
8 155
8 157
8 163
8 168
8 172
8 173
8 177
8 187
8 191
8 192
8 193
8 196
8 201
8 208
8 212
8 217
8 219
8 221
8 224
8 228
8 233
8 238
9 2
9 15
9 21
9 26
9 28
9 35
9 40
9 43
9 47
9 51
9 59
9 61
9 65
9 69
9 71
9 73
9 76
9 78
9 87
9 92
9 97
9 102
9 103
9 104
9 106
9 116
9 117
9 119
9 122
9 123
9 124
9 134
9 140
9 141
9 146
9 147
9 165
9 183
9 186
9 195
9 196
9 201
9 203
9 211
9 226
9 227
9 243
10 4
10 14
10 15
10 27
10 31
10 36
10 40
10 44
10 45
10 46
10 50
10 53
10 66
10 68
10 77
10 82
10 86
10 88
10 97
10 99
10 123
10 125
10 129
10 131
10 133
10 139
10 143
10 144
10 148
10 150
10 152
10 163
10 164
10 165
10 173
10 174
10 176
10 178
10 181
10 182
10 183
10 184
10 187
10 189
10 191
10 196
10 206
10 211
10 214
10 215
10 220
10 240
11 2
11 3
11 8
11 12
11 27
11 29
11 37
11 38
11 41
11 49
11 53
11 58
11 74
11 77
11 87
11 88
11 92
11 93
11 111
11 114
11 123
11 129
11 130
11 153
11 154
11 158
11 159
11 167
11 175
11 183
11 188
11 189
11 190
11 192
11 195
11 201
11 205
11 206
11 209
11 210
11 224
11 227
11 237
11 238
11 245
11 246
12 2
12 3
12 5
12 8
12 9
12 24
12 25
12 27
12 34
12 37
12 38
12 46
12 49
12 54
12 61
12 62
12 69
12 70
12 71
12 72
12 78
12 83
12 94
12 96
12 103
12 106
12 108
12 117
12 123
12 125
12 134
12 135
12 142
12 166
12 167
12 177
12 178
12 183
12 194
12 205
12 207
12 208
12 213
12 217
12 218
12 219
12 224
12 227
12 228
12 239
12 240
12 248
13 3
13 5
13 10
13 11
13 15
13 16
13 17
13 20
13 30
13 32
13 35
13 38
13 45
13 49
13 51
13 54
13 63
13 66
13 68
13 69
13 74
13 76
13 80
13 87
13 91
13 92
13 97
13 99
13 100
13 101
13 102
13 105
13 107
13 113
13 121
13 132
13 136
13 145
13 153
13 160
13 162
13 166
13 167
13 172
13 173
13 175
13 178
13 183
13 185
13 186
13 190
13 194
13 196
13 204
13 205
13 209
13 214
13 215
13 219
13 233
13 237
13 242
13 247
13 248
14 1
14 3
14 10
14 11
14 31
14 43
14 50
14 60
14 63
14 69
14 75
14 76
14 79
14 83
14 93
14 98
14 101
14 106
14 113
14 117
14 124
14 133
14 137
14 151
14 154
14 156
14 165
14 171
14 174
14 182
14 187
14 188
14 189
14 199
14 213
14 224
14 233
14 235
14 237
15 1
15 4
15 7
15 8
15 12
15 13
15 14
15 16
15 21
15 24
15 26
15 37
15 44
15 45
15 49
15 54
15 58
15 73
15 74
15 77
15 95
15 97
15 100
15 108
15 110
15 114
15 117
15 118
15 121
15 125
15 133
15 138
15 140
15 145
15 159
15 163
15 173
15 179
15 184
15 187
15 191
15 193
15 194
15 200
15 202
15 211
15 217
15 219
15 220
15 221
15 224
15 226
15 231
15 239
15 242
15 247
16 0
16 1
16 7
16 10
16 13
16 15
16 21
16 31
16 36
16 37
16 39
16 41
16 55
16 56
16 57
16 63
16 69
16 71
16 72
16 73
16 76
16 77
16 79
16 81
16 87
16 90
16 91
16 109
16 119
16 120
16 125
16 136
16 144
16 150
16 164
16 178
16 184
16 186
16 190
16 199
16 207
16 210
16 213
16 218
16 220
16 227
16 239
16 246
17 2
17 3
17 4
17 5
17 6
17 12
17 23
17 24
17 35
17 44
17 47
17 50
17 53
17 56
17 64
17 66
17 74
17 76
17 90
17 92
17 93
17 105
17 108
17 109
17 113
17 116
17 118
17 124
17 131
17 132
17 133
17 136
17 138
17 141
17 149
17 151
17 153
17 158
17 160
17 175
17 180
17 188
17 191
17 192
17 204
17 205
17 210
17 219
17 220
17 227
17 229
17 239
17 242
17 243
17 245
17 246
18 4
18 9
18 17
18 21
18 22
18 25
18 44
18 45
18 47
18 48
18 62
18 65
18 69
18 73
18 74
18 80
18 94
18 96
18 105
18 126
18 134
18 142
18 144
18 149
18 156
18 171
18 182
18 190
18 196
18 197
18 198
18 201
18 208
18 209
18 210
18 215
18 219
18 224
18 229
18 230
18 233
18 241
19 7
19 14
19 30
19 33
19 35
19 36
19 38
19 41
19 43
19 49
19 54
19 61
19 63
19 64
19 79
19 82
19 90
19 91
19 97
19 104
19 105
19 109
19 114
19 121
19 124
19 126
19 128
19 140
19 142
19 149
19 156
19 157
19 166
19 174
19 196
19 200
19 203
19 210
19 212
19 214
19 215
19 217
19 223
19 226
19 229
19 230
19 233
19 239
19 240
19 243
19 246
20 33
20 36
20 37
20 39
20 43
20 48
20 55
20 58
20 62
20 65
20 71
20 73
20 79
20 84
20 85
20 90
20 91
20 93
20 96
20 101
20 104
20 105
20 113
20 121
20 123
20 131
20 132
20 134
20 135
20 146
20 150
20 151
20 154
20 155
20 156
20 158
20 159
20 162
20 166
20 173
20 182
20 187
20 192
20 195
20 200
20 208
20 213
20 215
20 217
20 231
20 238
20 241
21 5
21 6
21 7
21 15
21 16
21 19
21 26
21 31
21 41
21 43
21 47
21 49
21 55
21 57
21 65
21 67
21 68
21 73
21 76
21 78
21 88
21 91
21 105
21 106
21 107
21 112
21 119
21 120
21 121
21 143
21 148
21 150
21 165
21 168
21 171
21 178
21 183
21 185
21 186
21 190
21 196
21 197
21 205
21 210
21 216
21 226
21 230
21 232
21 240
22 11
22 15
22 16
22 26
22 29
22 33
22 38
22 39
22 42
22 48
22 51
22 52
22 62
22 65
22 66
22 69
22 75
22 80
22 82
22 94
22 95
22 97
22 106
22 110
22 119
22 135
22 140
22 159
22 160
22 161
22 168
22 169
22 170
22 176
22 185
22 188
22 192
22 195
22 198
22 200
22 208
22 224
22 241
22 244
23 4
23 7
23 9
23 16
23 24
23 28
23 30
23 31
23 35
23 37
23 39
23 61
23 66
23 70
23 74
23 78
23 82
23 84
23 86
23 87
23 94
23 99
23 101
23 104
23 111
23 113
23 115
23 123
23 133
23 134
23 136
23 143
23 158
23 159
23 160
23 161
23 163
23 165
23 176
23 187
23 190
23 191
23 192
23 195
23 198
23 200
23 202
23 203
23 210
23 223
23 230
23 231
23 232
23 241
23 242
23 245
23 249
24 1
24 4
24 6
24 7
24 10
24 23
24 31
24 32
24 47
24 68
24 78
24 86
24 92
24 97
24 107
24 111
24 114
24 118
24 120
24 121
24 122
24 124
24 125
24 126
24 127
24 136
24 137
24 151
24 154
24 155
24 164
24 165
24 167
24 169
24 172
24 179
24 181
24 183
24 184
24 203
24 204
24 214
24 215
24 232
24 237
24 241
24 242
24 246
25 6
25 11
25 12
25 15
25 26
25 30
25 32
25 35
25 37
25 40
25 43
25 44
25 46
25 53
25 56
25 71
25 78
25 83
25 85
25 110
25 113
25 116
25 131
25 139
25 144
25 148
25 149
25 150
25 159
25 161
25 162
25 168
25 170
25 175
25 177
25 182
25 183
25 185
25 186
25 190
25 213
25 218
25 221
25 228
25 236
25 244
25 245
26 1
26 12
26 14
26 15
26 24
26 27
26 34
26 42
26 45
26 48
26 49
26 56
26 60
26 64
26 68
26 69
26 79
26 84
26 86
26 89
26 93
26 97
26 100
26 103
26 110
26 113
26 119
26 124
26 126
26 127
26 129
26 130
26 132
26 140
26 141
26 161
26 165
26 166
26 178
26 193
26 196
26 201
26 203
26 205
26 207
26 208
26 214
26 218
26 227
26 234
26 235
26 238
26 244
27 1
27 3
27 5
27 11
27 12
27 15
27 16
27 22
27 24
27 25
27 31
27 33
27 35
27 41
27 53
27 58
27 60
27 62
27 68
27 80
27 88
27 90
27 96
27 101
27 119
27 129
27 132
27 133
27 136
27 139
27 141
27 147
27 148
27 160
27 170
27 172
27 179
27 180
27 189
27 196
27 207
27 212
27 217
27 219
27 221
27 223
27 224
27 227
27 234
27 248
28 19
28 20
28 24
28 26
28 36
28 38
28 50
28 51
28 55
28 56
28 65
28 67
28 68
28 72
28 73
28 77
28 84
28 87
28 91
28 93
28 99
28 101
28 114
28 122
28 126
28 133
28 137
28 138
28 140
28 141
28 143
28 152
28 155
28 158
28 163
28 164
28 171
28 175
28 177
28 179
28 185
28 192
28 211
28 217
28 222
28 227
28 228
28 230
28 238
28 239
28 243
28 245
28 249
29 3
29 10
29 14
29 33
29 41
29 48
29 50
29 53
29 65
29 68
29 80
29 89
29 90
29 100
29 101
29 102
29 105
29 107
29 115
29 117
29 125
29 126
29 145
29 152
29 163
29 168
29 171
29 176
29 183
29 189
29 194
29 196
29 198
29 203
29 209
29 210
29 211
29 212
29 213
29 214
29 223
29 225
29 226
29 227
29 229
29 231
29 233
29 236
29 238
29 241
29 243
29 245
29 249
30 0
30 2
30 3
30 5
30 8
30 15
30 16
30 19
30 22
30 26
30 28
30 31
30 33
30 38
30 47
30 56
30 58
30 64
30 79
30 81
30 88
30 89
30 96
30 97
30 108
30 109
30 122
30 123
30 125
30 126
30 128
30 138
30 139
30 144
30 147
30 151
30 152
30 154
30 160
30 161
30 169
30 171
30 172
30 176
30 177
30 181
30 190
30 192
30 196
30 200
30 205
30 208
30 211
30 212
30 223
30 225
30 236
30 245
30 249
31 4
31 15
31 16
31 27
31 37
31 44
31 48
31 53
31 77
31 82
31 85
31 89
31 97
31 111
31 112
31 116
31 137
31 141
31 151
31 152
31 158
31 164
31 179
31 186
31 187
31 194
31 195
31 197
31 213
31 215
31 224
31 226
31 229
31 236
31 237
31 247
31 248
32 0
32 2
32 12
32 13
32 21
32 34
32 43
32 47
32 59
32 72
32 76
32 78
32 82
32 91
32 92
32 93
32 96
32 97
32 111
32 116
32 117
32 126
32 134
32 136
32 138
32 139
32 142
32 143
32 145
32 147
32 149
32 152
32 157
32 159
32 160
32 166
32 168
32 169
32 179
32 183
32 201
32 211
32 221
32 223
32 225
32 230
32 240
32 246
33 0
33 8
33 19
33 21
33 28
33 30
33 35
33 38
33 43
33 44
33 45
33 53
33 56
33 61
33 63
33 70
33 77
33 83
33 84
33 86
33 93
33 94
33 97
33 102
33 105
33 117
33 124
33 132
33 138
33 142
33 156
33 173
33 175
33 180
33 181
33 189
33 207
33 211
33 218
33 220
33 229
33 233
33 246
34 0
34 9
34 18
34 19
34 21
34 26
34 29
34 39
34 40
34 53
34 59
34 61
34 66
34 72
34 75
34 76
34 77
34 88
34 91
34 99
34 100
34 106
34 108
34 110
34 114
34 117
34 122
34 124
34 132
34 136
34 139
34 158
34 159
34 160
34 161
34 164
34 165
34 167
34 174
34 175
34 176
34 177
34 180
34 184
34 188
34 190
34 210
34 215
34 218
34 239
34 240
34 245
34 249
35 6
35 26
35 30
35 38
35 39
35 41
35 49
35 61
35 64
35 66
35 67
35 73
35 84
35 86
35 91
35 105
35 107
35 116
35 120
35 123
35 131
35 133
35 137
35 138
35 139
35 143
35 162
35 165
35 169
35 182
35 183
35 205
35 207
35 212
35 219
35 221
35 223
35 230
35 231
35 233
35 236
36 2
36 3
36 8
36 18
36 26
36 28
36 33
36 34
36 35
36 43
36 46
36 48
36 49
36 51
36 62
36 87
36 89
36 92
36 104
36 105
36 109
36 120
36 123
36 131
36 132
36 134
36 141
36 161
36 165
36 172
36 175
36 176
36 184
36 187
36 198
36 205
36 206
36 209
36 213
36 216
36 226
36 229
36 234
36 235
36 237
36 240
37 4
37 12
37 13
37 16
37 18
37 19
37 23
37 24
37 26
37 36
37 41
37 44
37 48
37 51
37 52
37 53
37 63
37 64
37 75
37 77
37 79
37 94
37 100
37 102
37 107
37 118
37 123
37 124
37 127
37 129
37 132
37 133
37 134
37 158
37 170
37 179
37 183
37 184
37 191
37 194
37 200
37 220
37 221
37 229
37 233
37 235
37 241
37 242
38 5
38 14
38 16
38 17
38 18
38 27
38 45
38 47
38 53
38 62
38 64
38 66
38 69
38 73
38 74
38 78
38 83
38 98
38 107
38 111
38 113
38 115
38 124
38 125
38 129
38 133
38 137
38 139
38 142
38 144
38 148
38 149
38 153
38 155
38 158
38 175
38 179
38 185
38 191
38 194
38 200
38 201
38 203
38 208
38 210
38 223
38 228
38 231
38 234
38 236
38 247
38 248
39 0
39 1
39 4
39 13
39 17
39 33
39 35
39 36
39 52
39 54
39 56
39 62
39 66
39 72
39 77
39 78
39 82
39 85
39 90
39 96
39 99
39 103
39 105
39 117
39 125
39 140
39 141
39 150
39 152
39 153
39 157
39 162
39 164
39 166
39 173
39 176
39 178
39 189
39 201
39 213
39 214
39 241
39 242
39 245
40 1
40 8
40 14
40 25
40 26
40 32
40 39
40 45
40 52
40 67
40 72
40 80
40 81
40 84
40 90
40 91
40 92
40 113
40 120
40 122
40 123
40 135
40 144
40 148
40 159
40 160
40 163
40 179
40 180
40 191
40 193
40 203
40 204
40 211
40 213
40 214
40 227
40 233
40 237
40 248
41 1
41 7
41 8
41 13
41 15
41 17
41 20
41 27
41 31
41 33
41 45
41 48
41 61
41 66
41 67
41 71
41 72
41 86
41 90
41 95
41 96
41 101
41 124
41 125
41 129
41 130
41 144
41 148
41 151
41 166
41 169
41 171
41 178
41 179
41 193
41 204
41 209
41 210
41 212
41 214
41 228
41 238
41 246
41 248
42 3
42 20
42 23
42 35
42 38
42 44
42 62
42 80
42 83
42 84
42 85
42 91
42 94
42 97
42 103
42 115
42 116
42 130
42 133
42 134
42 135
42 138
42 148
42 152
42 158
42 160
42 164
42 166
42 168
42 188
42 191
42 192
42 195
42 198
42 209
42 222
42 226
42 234
42 238
42 243
42 247
43 0
43 19
43 22
43 23
43 24
43 27
43 28
43 38
43 45
43 48
43 59
43 63
43 66
43 68
43 69
43 77
43 79
43 83
43 86
43 87
43 92
43 93
43 107
43 117
43 131
43 132
43 138
43 155
43 166
43 173
43 175
43 177
43 178
43 180
43 183
43 184
43 185
43 187
43 188
43 199
43 203
43 207
43 216
43 224
43 227
43 230
43 233
43 234
43 237
43 240
43 245
44 4
44 12
44 16
44 18
44 26
44 30
44 33
44 34
44 39
44 40
44 45
44 50
44 62
44 76
44 88
44 91
44 95
44 113
44 115
44 116
44 118
44 121
44 126
44 127
44 139
44 142
44 149
44 150
44 155
44 164
44 167
44 170
44 171
44 175
44 179
44 183
44 193
44 208
44 210
44 214
44 217
44 220
44 221
44 226
44 227
44 230
44 235
44 236
44 241
44 244
45 7
45 8
45 11
45 14
45 15
45 24
45 26
45 33
45 38
45 41
45 42
45 47
45 48
45 53
45 56
45 69
45 70
45 83
45 91
45 96
45 97
45 102
45 105
45 106
45 110
45 117
45 118
45 119
45 122
45 123
45 127
45 130
45 148
45 150
45 151
45 161
45 162
45 163
45 166
45 167
45 173
45 186
45 192
45 193
45 194
45 196
45 200
45 202
45 207
45 209
45 216
45 217
45 221
45 228
45 237
45 242
45 244
45 246
45 247
46 0
46 2
46 3
46 12
46 13
46 16
46 17
46 18
46 26
46 37
46 47
46 56
46 65
46 66
46 80
46 88
46 94
46 95
46 97
46 101
46 127
46 135
46 137
46 149
46 151
46 158
46 161
46 163
46 164
46 178
46 179
46 183
46 188
46 197
46 201
46 205
46 207
46 216
46 217
46 220
46 230
46 242
46 244
46 245
47 0
47 3
47 6
47 12
47 16
47 20
47 26
47 29
47 34
47 36
47 37
47 38
47 44
47 50
47 51
47 55
47 58
47 72
47 74
47 83
47 91
47 105
47 106
47 108
47 121
47 139
47 143
47 150
47 153
47 176
47 177
47 184
47 187
47 195
47 198
47 218
47 221
47 236
47 240
47 243
47 246
47 249
48 1
48 5
48 6
48 11
48 22
48 25
48 28
48 35
48 40
48 41
48 55
48 60
48 62
48 66
48 68
48 70
48 74
48 76
48 78
48 94
48 96
48 100
48 104
48 105
48 107
48 108
48 109
48 111
48 120
48 121
48 128
48 134
48 141
48 143
48 144
48 169
48 180
48 181
48 188
48 197
48 200
48 206
48 210
48 213
48 214
48 215
48 221
48 222
48 231
48 232
48 236
48 237
48 240
49 4
49 25
49 28
49 38
49 42
49 44
49 73
49 78
49 80
49 85
49 87
49 91
49 103
49 105
49 110
49 115
49 117
49 119
49 127
49 134
49 138
49 144
49 151
49 154
49 155
49 162
49 167
49 178
49 182
49 196
49 197
49 206
49 207
49 212
49 213
49 217
49 223
49 230
49 231
49 236
49 237
49 247
50 2
50 6
50 7
50 11
50 20
50 21
50 28
50 29
50 32
50 45
50 53
50 55
50 56
50 62
50 64
50 65
50 69
50 70
50 76
50 83
50 85
50 93
50 98
50 103
50 104
50 111
50 116
50 121
50 127
50 128
50 130
50 136
50 141
50 148
50 156
50 171
50 180
50 186
50 191
50 203
50 204
50 205
50 213
50 223
50 227
50 229
50 230
50 244
50 245
50 248
51 3
51 6
51 8
51 10
51 19
51 31
51 37
51 38
51 40
51 41
51 43
51 45
51 47
51 55
51 63
51 66
51 71
51 76
51 78
51 79
51 84
51 86
51 87
51 93
51 95
51 100
51 101
51 111
51 122
51 124
51 143
51 146
51 149
51 151
51 156
51 157
51 159
51 166
51 174
51 175
51 182
51 183
51 189
51 193
51 194
51 199
51 203
51 204
51 205
51 207
51 217
51 230
51 231
51 246
52 11
52 22
52 26
52 29
52 32
52 33
52 39
52 49
52 54
52 59
52 61
52 62
52 69
52 77
52 83
52 84
52 92
52 103
52 121
52 122
52 126
52 128
52 129
52 142
52 144
52 146
52 150
52 157
52 169
52 171
52 177
52 178
52 182
52 183
52 185
52 186
52 191
52 199
52 214
52 216
52 220
52 222
52 227
52 233
52 237
52 239
53 7
53 11
53 12
53 19
53 21
53 27
53 28
53 32
53 39
53 40
53 41
53 43
53 48
53 54
53 63
53 72
53 83
53 87
53 88
53 98
53 102
53 104
53 105
53 108
53 124
53 136
53 143
53 146
53 148
53 154
53 163
53 164
53 169
53 174
53 175
53 182
53 189
53 193
53 194
53 195
53 203
53 207
53 208
53 209
53 212
53 214
53 221
53 224
53 230
53 234
53 245
53 247
54 6
54 9
54 14
54 22
54 24
54 46
54 55
54 64
54 69
54 72
54 80
54 83
54 90
54 91
54 96
54 100
54 107
54 109
54 119
54 121
54 124
54 127
54 133
54 136
54 144
54 148
54 152
54 153
54 159
54 175
54 182
54 183
54 184
54 185
54 192
54 194
54 195
54 196
54 202
54 210
54 217
54 219
55 7
55 8
55 15
55 17
55 18
55 21
55 25
55 27
55 33
55 37
55 40
55 49
55 50
55 59
55 61
55 67
55 92
55 95
55 97
55 125
55 127
55 131
55 147
55 151
55 153
55 154
55 155
55 160
55 163
55 165
55 167
55 176
55 181
55 183
55 186
55 192
55 201
55 203
55 204
55 209
55 215
55 217
55 222
55 234
55 239
55 248
56 4
56 22
56 23
56 25
56 28
56 36
56 38
56 46
56 64
56 65
56 69
56 74
56 78
56 87
56 90
56 96
56 98
56 102
56 103
56 112
56 116
56 121
56 130
56 133
56 138
56 147
56 150
56 161
56 163
56 177
56 181
56 182
56 188
56 193
56 194
56 196
56 201
56 205
56 207
56 208
56 212
56 213
56 215
56 221
56 235
56 240
57 6
57 8
57 12
57 15
57 22
57 30
57 43
57 46
57 58
57 61
57 70
57 75
57 79
57 81
57 82
57 84
57 95
57 99
57 119
57 133
57 136
57 137
57 143
57 145
57 154
57 167
57 170
57 176
57 177
57 183
57 190
57 191
57 192
57 194
57 209
57 211
57 212
57 227
57 234
57 236
57 238
57 240
57 241
57 248
58 1
58 4
58 12
58 15
58 16
58 23
58 26
58 27
58 28
58 32
58 36
58 39
58 43
58 53
58 54
58 61
58 62
58 63
58 64
58 76
58 87
58 88
58 100
58 101
58 114
58 122
58 129
58 136
58 142
58 144
58 148
58 149
58 156
58 158
58 159
58 164
58 173
58 184
58 186
58 195
58 204
58 205
58 207
58 208
58 209
58 218
58 219
58 233
58 237
58 246
58 247
58 249
59 0
59 1
59 4
59 6
59 8
59 9
59 18
59 20
59 21
59 23
59 25
59 32
59 34
59 39
59 40
59 43
59 47
59 52
59 61
59 65
59 69
59 72
59 87
59 89
59 95
59 98
59 109
59 110
59 113
59 115
59 117
59 120
59 122
59 134
59 135
59 136
59 141
59 151
59 161
59 164
59 165
59 166
59 177
59 178
59 183
59 188
59 192
59 194
59 195
59 200
59 204
59 205
59 214
59 218
59 221
59 230
59 233
59 239
59 248
60 7
60 8
60 12
60 23
60 25
60 31
60 39
60 41
60 57
60 58
60 64
60 68
60 70
60 72
60 78
60 79
60 80
60 82
60 83
60 85
60 90
60 108
60 109
60 141
60 145
60 149
60 151
60 152
60 155
60 163
60 168
60 170
60 173
60 177
60 184
60 194
60 204
60 207
60 209
60 210
60 213
60 216
60 219
60 225
60 231
60 234
60 243
60 245
60 246
61 3
61 6
61 11
61 14
61 15
61 16
61 21
61 31
61 38
61 43
61 47
61 48
61 52
61 58
61 62
61 67
61 70
61 80
61 81
61 96
61 104
61 106
61 108
61 118
61 121
61 122
61 124
61 135
61 143
61 160
61 164
61 167
61 172
61 174
61 176
61 186
61 187
61 205
61 217
61 221
61 232
61 240
61 242
61 244
61 246
62 0
62 1
62 6
62 8
62 11
62 12
62 17
62 26
62 33
62 46
62 51
62 59
62 64
62 68
62 79
62 81
62 86
62 99
62 102
62 105
62 108
62 112
62 121
62 122
62 124
62 134
62 144
62 156
62 157
62 169
62 181
62 197
62 201
62 203
62 212
62 215
62 229
62 230
62 231
62 243
62 244
62 246
62 249
63 4
63 7
63 8
63 10
63 11
63 13
63 14
63 16
63 42
63 50
63 52
63 58
63 70
63 72
63 79
63 81
63 85
63 100
63 113
63 116
63 118
63 120
63 121
63 122
63 125
63 127
63 132
63 136
63 137
63 146
63 150
63 155
63 158
63 159
63 168
63 176
63 187
63 191
63 194
63 198
63 202
63 203
63 211
63 216
63 217
63 220
63 221
63 224
63 242
63 249
64 2
64 3
64 26
64 42
64 44
64 47
64 52
64 75
64 76
64 78
64 80
64 98
64 100
64 106
64 108
64 111
64 119
64 122
64 126
64 131
64 136
64 147
64 148
64 167
64 172
64 173
64 175
64 182
64 187
64 188
64 189
64 194
64 196
64 200
64 201
64 202
64 203
64 206
64 220
64 228
64 229
65 8
65 13
65 16
65 21
65 23
65 32
65 33
65 39
65 50
65 54
65 56
65 69
65 80
65 81
65 82
65 86
65 96
65 108
65 112
65 123
65 124
65 131
65 132
65 133
65 140
65 144
65 145
65 149
65 151
65 162
65 164
65 168
65 175
65 176
65 177
65 179
65 192
65 194
65 197
65 199
65 201
65 207
65 208
65 212
65 219
65 220
65 225
65 226
65 230
66 3
66 8
66 10
66 32
66 34
66 48
66 51
66 60
66 61
66 63
66 67
66 76
66 82
66 84
66 87
66 101
66 103
66 113
66 117
66 134
66 149
66 163
66 169
66 172
66 176
66 182
66 186
66 196
66 201
66 204
66 207
66 211
66 213
66 222
66 231
66 237
66 247
66 248
67 10
67 12
67 14
67 16
67 18
67 19
67 21
67 23
67 24
67 36
67 42
67 45
67 47
67 58
67 64
67 66
67 72
67 74
67 95
67 114
67 119
67 122
67 123
67 128
67 129
67 136
67 140
67 141
67 144
67 146
67 154
67 163
67 174
67 175
67 179
67 188
67 199
67 201
67 210
67 212
67 214
67 215
67 216
67 217
67 220
67 222
67 223
67 229
67 239
68 7
68 9
68 11
68 12
68 18
68 22
68 23
68 26
68 31
68 33
68 38
68 42
68 47
68 59
68 60
68 62
68 64
68 82
68 85
68 89
68 96
68 98
68 102
68 109
68 111
68 117
68 122
68 128
68 133
68 136
68 139
68 144
68 150
68 152
68 154
68 155
68 162
68 165
68 172
68 175
68 176
68 178
68 192
68 199
68 202
68 205
68 212
68 217
68 223
68 230
68 232
68 236
68 244
68 248
69 10
69 12
69 17
69 19
69 20
69 21
69 23
69 25
69 27
69 33
69 41
69 45
69 49
69 54
69 57
69 61
69 62
69 63
69 83
69 85
69 87
69 89
69 90
69 95
69 103
69 108
69 111
69 121
69 123
69 130
69 133
69 138
69 145
69 158
69 167
69 175
69 178
69 182
69 183
69 187
69 192
69 193
69 199
69 208
69 212
69 214
69 216
69 220
69 224
69 233
69 238
69 245
69 246
69 247
70 9
70 10
70 18
70 21
70 22
70 23
70 24
70 33
70 38
70 42
70 44
70 49
70 50
70 54
70 57
70 67
70 72
70 75
70 83
70 88
70 93
70 94
70 98
70 118
70 131
70 133
70 137
70 138
70 146
70 147
70 157
70 160
70 165
70 166
70 169
70 191
70 198
70 200
70 202
70 206
70 223
70 228
70 232
70 234
70 246
70 248
71 5
71 7
71 9
71 12
71 14
71 17
71 20
71 34
71 37
71 39
71 51
71 54
71 57
71 61
71 66
71 74
71 80
71 89
71 92
71 94
71 97
71 102
71 109
71 113
71 128
71 130
71 131
71 139
71 145
71 146
71 149
71 172
71 176
71 180
71 189
71 190
71 194
71 201
71 203
71 207
71 212
71 213
71 216
71 219
71 224
71 225
71 230
71 236
71 238
71 245
71 248
72 7
72 8
72 10
72 19
72 23
72 25
72 28
72 30
72 31
72 32
72 33
72 39
72 44
72 53
72 54
72 55
72 59
72 63
72 71
72 73
72 76
72 87
72 90
72 95
72 99
72 107
72 115
72 117
72 120
72 130
72 133
72 135
72 136
72 142
72 173
72 176
72 179
72 181
72 182
72 184
72 186
72 189
72 195
72 201
72 202
72 206
72 208
72 209
72 210
72 223
72 224
72 226
72 228
72 230
72 231
72 232
72 234
72 235
72 240
72 242
72 247
73 5
73 15
73 18
73 26
73 28
73 38
73 40
73 41
73 44
73 57
73 62
73 68
73 74
73 81
73 84
73 90
73 92
73 94
73 109
73 110
73 116
73 131
73 133
73 139
73 142
73 149
73 155
73 167
73 175
73 176
73 177
73 182
73 183
73 196
73 203
73 209
73 213
73 224
73 226
73 229
73 231
73 238
73 249
74 20
74 25
74 28
74 30
74 38
74 41
74 44
74 48
74 56
74 58
74 66
74 81
74 85
74 86
74 87
74 89
74 93
74 99
74 100
74 105
74 107
74 109
74 121
74 127
74 152
74 164
74 165
74 174
74 177
74 179
74 182
74 185
74 194
74 195
74 198
74 201
74 204
74 205
74 214
74 217
74 222
74 229
74 230
74 238
74 243
74 249
75 1
75 15
75 32
75 35
75 36
75 41
75 44
75 45
75 46
75 51
75 54
75 55
75 58
75 60
75 72
75 73
75 86
75 91
75 102
75 111
75 119
75 126
75 127
75 135
75 138
75 139
75 145
75 148
75 150
75 154
75 162
75 163
75 177
75 181
75 188
75 209
75 212
75 214
75 215
75 221
75 230
75 237
75 240
75 243
75 245
75 246
75 248
76 14
76 16
76 21
76 27
76 28
76 29
76 30
76 36
76 39
76 42
76 43
76 46
76 51
76 54
76 60
76 61
76 68
76 73
76 78
76 79
76 82
76 84
76 88
76 89
76 93
76 101
76 103
76 104
76 105
76 107
76 109
76 114
76 116
76 118
76 120
76 128
76 130
76 131
76 142
76 144
76 151
76 153
76 159
76 161
76 176
76 177
76 180
76 182
76 184
76 185
76 188
76 189
76 211
76 214
76 226
76 227
76 229
76 233
76 237
76 238
76 241
76 243
76 246
76 249
77 0
77 1
77 4
77 16
77 20
77 21
77 25
77 33
77 34
77 36
77 50
77 55
77 58
77 65
77 79
77 86
77 87
77 90
77 91
77 92
77 95
77 98
77 110
77 117
77 120
77 128
77 139
77 143
77 152
77 161
77 168
77 172
77 173
77 174
77 187
77 204
77 209
77 217
77 222
77 226
77 230
77 234
77 237
77 238
77 239
77 240
77 244
77 245
77 248
78 5
78 6
78 12
78 15
78 19
78 34
78 35
78 36
78 41
78 47
78 54
78 57
78 59
78 61
78 63
78 73
78 74
78 85
78 86
78 92
78 102
78 104
78 119
78 120
78 124
78 126
78 133
78 138
78 141
78 142
78 144
78 154
78 160
78 166
78 181
78 182
78 183
78 185
78 189
78 196
78 200
78 211
78 212
78 214
78 217
78 219
78 220
78 224
78 230
78 244
78 248
79 2
79 8
79 13
79 24
79 25
79 26
79 27
79 32
79 41
79 43
79 45
79 57
79 59
79 71
79 82
79 84
79 90
79 94
79 97
79 102
79 105
79 128
79 135
79 140
79 141
79 143
79 145
79 150
79 153
79 163
79 166
79 171
79 173
79 180
79 183
79 186
79 190
79 191
79 192
79 196
79 197
79 200
79 241
79 247
80 1
80 3
80 11
80 28
80 30
80 36
80 42
80 45
80 46
80 48
80 49
80 52
80 55
80 58
80 61
80 64
80 66
80 77
80 85
80 105
80 115
80 124
80 127
80 131
80 138
80 140
80 149
80 160
80 170
80 175
80 178
80 188
80 199
80 209
80 210
80 215
80 225
80 228
80 232
80 238
80 245
81 1
81 5
81 27
81 29
81 31
81 35
81 37
81 40
81 45
81 46
81 47
81 49
81 53
81 55
81 59
81 60
81 62
81 69
81 74
81 75
81 76
81 85
81 91
81 95
81 102
81 109
81 113
81 115
81 116
81 124
81 126
81 134
81 137
81 144
81 156
81 158
81 162
81 163
81 167
81 172
81 174
81 180
81 182
81 190
81 193
81 206
81 208
81 213
81 219
81 222
81 224
81 234
81 237
81 238
81 242
81 245
82 3
82 9
82 32
82 35
82 41
82 46
82 65
82 68
82 72
82 77
82 91
82 99
82 103
82 112
82 115
82 123
82 124
82 125
82 128
82 131
82 133
82 146
82 147
82 151
82 160
82 168
82 172
82 178
82 179
82 181
82 197
82 198
82 199
82 203
82 210
82 214
82 234
82 235
82 236
82 239
82 240
82 246
83 0
83 1
83 2
83 3
83 4
83 8
83 12
83 13
83 15
83 16
83 17
83 24
83 31
83 40
83 41
83 50
83 55
83 59
83 60
83 64
83 72
83 73
83 79
83 81
83 82
83 93
83 95
83 97
83 99
83 102
83 103
83 114
83 117
83 123
83 130
83 132
83 138
83 139
83 145
83 146
83 151
83 154
83 156
83 189
83 198
83 200
83 205
83 206
83 207
83 208
83 211
83 236
83 237
83 240
83 242
83 244
84 0
84 9
84 25
84 35
84 38
84 47
84 48
84 70
84 78
84 83
84 96
84 98
84 100
84 102
84 115
84 116
84 121
84 123
84 125
84 131
84 137
84 141
84 143
84 145
84 149
84 152
84 165
84 171
84 172
84 194
84 195
84 199
84 214
84 223
84 232
84 235
84 237
84 238
84 241
84 244
84 245
85 0
85 1
85 6
85 7
85 9
85 16
85 22
85 24
85 25
85 27
85 33
85 35
85 37
85 39
85 54
85 55
85 56
85 58
85 65
85 68
85 82
85 88
85 93
85 96
85 99
85 100
85 101
85 108
85 113
85 114
85 115
85 120
85 121
85 124
85 132
85 138
85 149
85 150
85 155
85 163
85 171
85 173
85 174
85 179
85 180
85 186
85 189
85 191
85 193
85 204
85 206
85 207
85 212
85 214
85 223
85 228
85 233
85 236
85 239
85 240
85 244
85 249
86 0
86 2
86 5
86 10
86 30
86 40
86 41
86 57
86 58
86 67
86 75
86 76
86 79
86 81
86 85
86 87
86 96
86 97
86 100
86 102
86 104
86 105
86 106
86 139
86 147
86 151
86 152
86 156
86 158
86 166
86 168
86 170
86 171
86 174
86 182
86 189
86 200
86 202
86 206
86 213
86 217
86 231
86 235
86 237
86 247
86 248
86 249
87 1
87 7
87 9
87 11
87 14
87 19
87 30
87 36
87 38
87 42
87 43
87 58
87 65
87 69
87 73
87 77
87 78
87 83
87 102
87 106
87 107
87 109
87 111
87 115
87 118
87 120
87 121
87 122
87 126
87 128
87 130
87 132
87 134
87 135
87 139
87 143
87 147
87 151
87 153
87 156
87 162
87 164
87 165
87 174
87 175
87 179
87 180
87 182
87 184
87 191
87 197
87 199
87 204
87 205
87 206
87 210
87 211
87 216
87 227
87 240
87 245
87 249
88 17
88 18
88 21
88 23
88 24
88 29
88 30
88 33
88 44
88 55
88 62
88 63
88 69
88 70
88 73
88 77
88 94
88 95
88 96
88 97
88 101
88 107
88 114
88 118
88 125
88 130
88 134
88 138
88 139
88 152
88 158
88 160
88 163
88 164
88 173
88 178
88 179
88 183
88 190
88 199
88 202
88 216
88 221
88 226
88 227
88 230
89 0
89 7
89 9
89 13
89 16
89 17
89 24
89 26
89 32
89 43
89 44
89 46
89 47
89 48
89 49
89 52
89 56
89 59
89 64
89 67
89 72
89 76
89 87
89 88
89 90
89 108
89 115
89 117
89 118
89 120
89 128
89 139
89 142
89 144
89 148
89 149
89 168
89 183
89 186
89 191
89 196
89 197
89 200
89 204
89 209
89 220
89 222
89 235
89 237
89 242
89 245
90 3
90 8
90 10
90 21
90 24
90 35
90 38
90 39
90 45
90 50
90 51
90 54
90 57
90 61
90 63
90 78
90 83
90 89
90 91
90 95
90 97
90 98
90 102
90 103
90 106
90 111
90 122
90 124
90 125
90 129
90 130
90 131
90 132
90 134
90 139
90 140
90 145
90 148
90 153
90 156
90 161
90 164
90 165
90 171
90 176
90 178
90 179
90 181
90 182
90 187
90 188
90 192
90 197
90 203
90 209
90 214
90 218
90 236
90 238
90 241
91 5
91 13
91 14
91 26
91 29
91 36
91 39
91 45
91 48
91 49
91 52
91 57
91 61
91 64
91 74
91 85
91 87
91 88
91 90
91 93
91 101
91 102
91 105
91 106
91 109
91 111
91 114
91 121
91 125
91 131
91 132
91 134
91 137
91 140
91 142
91 147
91 148
91 153
91 154
91 159
91 161
91 164
91 166
91 170
91 172
91 173
91 180
91 190
91 204
91 210
91 220
91 224
91 235
91 248
92 2
92 8
92 9
92 11
92 14
92 17
92 23
92 25
92 26
92 28
92 31
92 38
92 45
92 49
92 51
92 59
92 68
92 69
92 74
92 75
92 77
92 91
92 93
92 94
92 98
92 99
92 100
92 101
92 102
92 104
92 109
92 111
92 112
92 114
92 119
92 120
92 127
92 133
92 140
92 144
92 149
92 154
92 163
92 165
92 172
92 176
92 179
92 181
92 195
92 202
92 208
92 210
92 214
92 239
92 241
92 242
93 3
93 6
93 17
93 20
93 31
93 34
93 37
93 39
93 41
93 42
93 45
93 49
93 55
93 58
93 60
93 61
93 68
93 74
93 79
93 80
93 82
93 88
93 92
93 102
93 108
93 109
93 113
93 122
93 123
93 146
93 147
93 150
93 153
93 162
93 164
93 175
93 188
93 192
93 196
93 203
93 204
93 205
93 211
93 231
93 234
93 237
93 238
93 241
93 246
93 249
94 1
94 7
94 9
94 20
94 23
94 25
94 26
94 39
94 40
94 50
94 56
94 61
94 64
94 67
94 70
94 71
94 77
94 80
94 83
94 85
94 95
94 96
94 97
94 100
94 103
94 107
94 108
94 109
94 114
94 116
94 125
94 127
94 133
94 135
94 140
94 146
94 147
94 150
94 151
94 154
94 164
94 175
94 178
94 186
94 187
94 193
94 198
94 200
94 204
94 210
94 214
94 217
94 219
94 220
94 228
94 236
94 238
94 239
95 8
95 14
95 21
95 24
95 25
95 32
95 42
95 45
95 51
95 55
95 57
95 62
95 79
95 88
95 89
95 97
95 100
95 106
95 108
95 119
95 126
95 129
95 135
95 136
95 140
95 162
95 163
95 164
95 166
95 170
95 177
95 180
95 181
95 195
95 208
95 213
95 219
95 225
95 226
95 227
95 233
95 235
95 236
95 238
95 240
95 249
96 19
96 21
96 22
96 28
96 38
96 41
96 43
96 44
96 54
96 62
96 65
96 71
96 72
96 74
96 79
96 80
96 90
96 101
96 109
96 111
96 125
96 126
96 127
96 143
96 150
96 153
96 154
96 155
96 156
96 167
96 170
96 176
96 183
96 191
96 192
96 201
96 219
96 244
97 0
97 2
97 6
97 18
97 22
97 28
97 31
97 45
97 46
97 47
97 56
97 57
97 58
97 62
97 64
97 79
97 87
97 94
97 103
97 104
97 107
97 108
97 109
97 111
97 116
97 118
97 127
97 131
97 133
97 134
97 137
97 143
97 144
97 148
97 156
97 159
97 160
97 165
97 177
97 188
97 189
97 197
97 202
97 203
97 204
97 207
97 216
97 218
97 224
97 230
97 243
97 248
97 249
98 7
98 15
98 16
98 24
98 30
98 31
98 34
98 40
98 41
98 43
98 44
98 48
98 54
98 58
98 60
98 69
98 72
98 79
98 82
98 85
98 93
98 97
98 101
98 102
98 103
98 106
98 111
98 112
98 122
98 128
98 144
98 152
98 158
98 159
98 160
98 162
98 163
98 164
98 169
98 181
98 183
98 185
98 191
98 193
98 197
98 199
98 209
98 212
98 214
98 218
98 222
98 229
98 242
98 247
99 2
99 3
99 5
99 6
99 7
99 12
99 18
99 20
99 22
99 23
99 29
99 34
99 56
99 58
99 60
99 63
99 68
99 70
99 75
99 77
99 78
99 84
99 88
99 90
99 91
99 101
99 109
99 111
99 112
99 114
99 119
99 126
99 127
99 130
99 136
99 144
99 145
99 146
99 148
99 162
99 173
99 175
99 178
99 179
99 185
99 186
99 190
99 196
99 208
99 213
99 214
99 215
99 217
99 218
99 220
99 226
99 235
99 246
99 247
99 249
100 1
100 2
100 11
100 18
100 31
100 44
100 46
100 51
100 55
100 62
100 64
100 73
100 75
100 76
100 78
100 87
100 89
100 90
100 91
100 93
100 96
100 107
100 110
100 118
100 119
100 128
100 138
100 141
100 142
100 143
100 152
100 158
100 161
100 167
100 169
100 173
100 181
100 184
100 192
100 193
100 194
100 202
100 203
100 207
100 208
100 217
100 218
100 224
100 226
100 228
100 229
100 236
100 241
100 242
101 12
101 20
101 25
101 36
101 38
101 48
101 61
101 62
101 64
101 66
101 70
101 71
101 86
101 87
101 92
101 95
101 100
101 111
101 116
101 117
101 118
101 119
101 123
101 125
101 127
101 139
101 150
101 153
101 154
101 159
101 162
101 165
101 167
101 178
101 182
101 193
101 201
101 202
101 208
101 211
101 216
101 218
101 225
101 230
101 232
101 235
101 243
101 244
101 245
101 247
102 1
102 18
102 21
102 23
102 24
102 26
102 43
102 45
102 46
102 56
102 61
102 68
102 71
102 72
102 75
102 78
102 90
102 92
102 94
102 108
102 111
102 112
102 115
102 124
102 131
102 132
102 134
102 135
102 136
102 139
102 142
102 151
102 153
102 158
102 163
102 181
102 197
102 199
102 207
102 226
102 227
102 242
102 243
102 245
103 2
103 14
103 24
103 27
103 30
103 33
103 42
103 44
103 51
103 53
103 59
103 71
103 72
103 78
103 84
103 86
103 88
103 90
103 106
103 107
103 118
103 122
103 124
103 134
103 143
103 145
103 151
103 162
103 164
103 168
103 169
103 172
103 182
103 188
103 212
103 222
103 230
103 239
103 246
104 4
104 24
104 30
104 35
104 36
104 39
104 47
104 56
104 62
104 78
104 79
104 83
104 87
104 103
104 114
104 115
104 129
104 139
104 145
104 148
104 149
104 157
104 163
104 167
104 176
104 182
104 184
104 185
104 190
104 196
104 209
104 210
104 212
104 214
104 238
104 245
105 8
105 12
105 13
105 21
105 26
105 30
105 36
105 53
105 63
105 65
105 74
105 87
105 91
105 93
105 94
105 97
105 98
105 99
105 101
105 115
105 116
105 124
105 126
105 128
105 144
105 145
105 149
105 150
105 151
105 161
105 169
105 173
105 176
105 178
105 181
105 183
105 196
105 198
105 203
105 208
105 218
105 220
105 228
105 238
105 247
106 7
106 12
106 13
106 23
106 29
106 35
106 50
106 52
106 74
106 78
106 79
106 80
106 82
106 85
106 89
106 94
106 99
106 102
106 119
106 121
106 124
106 128
106 134
106 137
106 138
106 143
106 146
106 150
106 155
106 156
106 165
106 173
106 186
106 187
106 190
106 205
106 207
106 216
106 219
106 222
106 228
106 229
106 234
106 235
107 1
107 9
107 10
107 14
107 26
107 31
107 33
107 34
107 40
107 42
107 44
107 51
107 54
107 59
107 67
107 68
107 77
107 82
107 88
107 95
107 99
107 100
107 103
107 105
107 111
107 116
107 117
107 122
107 134
107 135
107 137
107 139
107 142
107 147
107 148
107 157
107 162
107 163
107 172
107 175
107 180
107 186
107 188
107 190
107 206
107 220
107 222
107 233
107 239
107 244
108 0
108 13
108 15
108 21
108 29
108 38
108 40
108 41
108 46
108 48
108 61
108 65
108 66
108 72
108 77
108 81
108 89
108 94
108 95
108 96
108 99
108 105
108 111
108 114
108 119
108 123
108 129
108 151
108 160
108 171
108 176
108 178
108 180
108 192
108 195
108 203
108 210
108 213
108 216
108 221
108 222
108 224
108 234
108 238
108 248
109 2
109 3
109 8
109 12
109 21
109 23
109 24
109 29
109 51
109 57
109 66
109 67
109 72
109 74
109 77
109 79
109 86
109 89
109 90
109 91
109 93
109 95
109 98
109 105
109 108
109 110
109 111
109 119
109 121
109 137
109 138
109 143
109 144
109 147
109 151
109 155
109 157
109 163
109 185
109 188
109 191
109 193
109 197
109 201
109 203
109 204
109 208
109 220
109 229
109 233
109 234
109 237
109 247
110 2
110 11
110 22
110 27
110 29
110 32
110 35
110 48
110 55
110 65
110 66
110 68
110 74
110 83
110 90
110 99
110 101
110 103
110 111
110 117
110 119
110 120
110 125
110 127
110 129
110 132
110 143
110 144
110 152
110 159
110 163
110 165
110 172
110 183
110 184
110 193
110 196
110 198
110 201
110 203
110 206
110 207
110 213
110 219
110 224
110 225
110 229
110 235
110 242
110 244
111 1
111 6
111 16
111 22
111 38
111 42
111 43
111 44
111 54
111 56
111 57
111 63
111 67
111 69
111 74
111 78
111 81
111 82
111 84
111 86
111 87
111 89
111 99
111 106
111 108
111 109
111 131
111 136
111 137
111 140
111 142
111 143
111 144
111 145
111 152
111 159
111 167
111 168
111 172
111 179
111 186
111 187
111 192
111 193
111 194
111 196
111 206
111 208
111 213
111 223
111 228
111 232
111 247
112 25
112 33
112 36
112 38
112 39
112 48
112 50
112 54
112 55
112 72
112 74
112 85
112 88
112 94
112 96
112 99
112 100
112 104
112 111
112 118
112 121
112 127
112 130
112 144
112 151
112 158
112 160
112 162
112 170
112 171
112 175
112 179
112 190
112 191
112 192
112 196
112 200
112 205
112 218
112 228
112 235
112 245
113 0
113 2
113 3
113 5
113 15
113 21
113 24
113 28
113 37
113 41
113 42
113 45
113 46
113 55
113 63
113 66
113 82
113 88
113 90
113 91
113 95
113 97
113 100
113 104
113 108
113 109
113 112
113 116
113 121
113 124
113 130
113 133
113 136
113 145
113 150
113 153
113 154
113 156
113 160
113 161
113 163
113 180
113 184
113 185
113 188
113 190
113 201
113 204
113 205
113 208
113 210
113 216
113 220
113 222
113 223
113 228
113 235
113 236
113 237
113 240
113 245
114 0
114 1
114 3
114 12
114 18
114 22
114 25
114 37
114 41
114 46
114 50
114 51
114 54
114 59
114 65
114 83
114 84
114 87
114 101
114 103
114 107
114 111
114 113
114 127
114 131
114 132
114 148
114 164
114 173
114 177
114 179
114 204
114 206
114 207
114 212
114 215
114 224
114 236
114 237
114 240
114 243
115 0
115 3
115 21
115 22
115 28
115 33
115 38
115 39
115 41
115 43
115 51
115 53
115 61
115 62
115 63
115 73
115 80
115 86
115 87
115 88
115 94
115 99
115 100
115 102
115 103
115 108
115 112
115 117
115 123
115 125
115 139
115 141
115 148
115 151
115 156
115 158
115 160
115 172
115 174
115 176
115 189
115 192
115 196
115 208
115 210
115 213
115 219
115 220
115 228
115 233
115 235
115 242
115 246
115 247
116 0
116 5
116 8
116 11
116 16
116 17
116 19
116 23
116 25
116 26
116 28
116 29
116 35
116 37
116 40
116 54
116 56
116 65
116 67
116 71
116 72
116 73
116 88
116 96
116 98
116 113
116 115
116 119
116 124
116 125
116 126
116 127
116 131
116 132
116 134
116 143
116 145
116 149
116 151
116 156
116 159
116 160
116 162
116 170
116 181
116 184
116 192
116 194
116 202
116 205
116 206
116 212
116 215
116 230
116 235
117 0
117 9
117 10
117 12
117 17
117 18
117 19
117 25
117 27
117 30
117 31
117 33
117 35
117 40
117 42
117 52
117 53
117 54
117 55
117 57
117 59
117 61
117 62
117 65
117 67
117 82
117 93
117 95
117 99
117 102
117 112
117 128
117 142
117 145
117 151
117 164
117 166
117 169
117 177
117 178
117 179
117 180
117 200
117 202
117 204
117 210
117 213
117 218
117 237
117 238
117 248
117 249
118 4
118 5
118 6
118 8
118 9
118 16
118 27
118 31
118 32
118 43
118 46
118 50
118 60
118 64
118 65
118 67
118 68
118 84
118 87
118 89
118 96
118 98
118 103
118 107
118 111
118 116
118 119
118 121
118 124
118 125
118 139
118 146
118 151
118 156
118 179
118 186
118 196
118 198
118 199
118 203
118 206
118 218
118 221
118 227
118 229
118 232
118 237
118 240
118 241
118 246
119 0
119 4
119 7
119 8
119 9
119 12
119 16
119 19
119 20
119 24
119 27
119 35
119 39
119 48
119 49
119 58
119 61
119 71
119 75
119 76
119 79
119 82
119 93
119 97
119 100
119 103
119 112
119 113
119 115
119 121
119 123
119 124
119 128
119 134
119 140
119 175
119 180
119 181
119 184
119 189
119 192
119 208
119 213
119 217
119 224
119 226
119 237
119 241
119 245
119 248
120 7
120 9
120 10
120 15
120 18
120 19
120 20
120 25
120 39
120 42
120 43
120 54
120 60
120 73
120 74
120 78
120 82
120 88
120 94
120 96
120 101
120 102
120 108
120 109
120 111
120 113
120 124
120 143
120 145
120 153
120 155
120 158
120 160
120 164
120 167
120 178
120 181
120 183
120 185
120 195
120 197
120 199
120 203
120 205
120 220
120 221
120 222
120 224
120 225
120 229
120 230
120 231
120 232
120 235
120 249
121 11
121 14
121 16
121 39
121 45
121 46
121 48
121 50
121 51
121 52
121 53
121 62
121 63
121 64
121 75
121 86
121 87
121 107
121 109
121 112
121 113
121 114
121 117
121 123
121 132
121 136
121 143
121 148
121 149
121 150
121 155
121 158
121 164
121 167
121 176
121 177
121 191
121 195
121 196
121 197
121 199
121 204
121 219
121 232
121 236
121 237
121 246
122 0
122 1
122 14
122 19
122 20
122 32
122 35
122 37
122 39
122 45
122 48
122 54
122 61
122 65
122 69
122 75
122 81
122 82
122 83
122 93
122 94
122 98
122 113
122 117
122 121
122 125
122 126
122 146
122 150
122 157
122 162
122 173
122 180
122 184
122 185
122 198
122 201
122 202
122 204
122 207
122 211
122 217
122 229
122 230
122 231
122 232
122 238
122 243
122 247
122 248
123 8
123 16
123 47
123 49
123 52
123 53
123 61
123 67
123 70
123 74
123 78
123 82
123 90
123 94
123 98
123 102
123 103
123 105
123 121
123 138
123 145
123 146
123 147
123 149
123 152
123 156
123 160
123 164
123 174
123 181
123 192
123 202
123 206
123 216
123 217
123 225
123 227
123 232
123 236
124 0
124 3
124 8
124 13
124 23
124 24
124 25
124 26
124 32
124 37
124 41
124 45
124 49
124 53
124 58
124 66
124 79
124 83
124 84
124 87
124 116
124 118
124 120
124 122
124 134
124 139
124 141
124 142
124 144
124 147
124 148
124 150
124 156
124 160
124 161
124 168
124 177
124 179
124 183
124 184
124 187
124 189
124 200
124 203
124 208
124 210
124 211
124 223
124 224
124 227
124 232
124 239
124 243
125 2
125 8
125 14
125 17
125 18
125 31
125 32
125 37
125 40
125 53
125 55
125 59
125 61
125 64
125 66
125 68
125 72
125 75
125 77
125 97
125 109
125 129
125 131
125 135
125 138
125 142
125 145
125 152
125 159
125 162
125 166
125 172
125 176
125 177
125 180
125 187
125 188
125 189
125 191
125 196
125 199
125 203
125 205
125 208
125 213
125 225
125 235
125 236
126 4
126 7
126 10
126 17
126 36
126 37
126 38
126 40
126 45
126 47
126 48
126 50
126 51
126 54
126 56
126 57
126 63
126 75
126 85
126 94
126 95
126 105
126 113
126 114
126 133
126 139
126 140
126 142
126 152
126 158
126 161
126 177
126 179
126 182
126 183
126 185
126 186
126 190
126 192
126 196
126 201
126 203
126 206
126 218
126 222
126 223
126 226
126 228
126 229
126 231
126 232
126 237
126 238
126 241
127 4
127 7
127 13
127 21
127 24
127 32
127 36
127 39
127 50
127 51
127 54
127 58
127 61
127 68
127 73
127 75
127 78
127 83
127 85
127 87
127 92
127 102
127 109
127 114
127 122
127 124
127 125
127 128
127 140
127 145
127 146
127 147
127 148
127 159
127 160
127 161
127 171
127 176
127 177
127 196
127 197
127 198
127 200
127 203
127 207
127 208
127 209
127 213
127 217
127 218
127 219
127 224
127 226
127 244
127 247
127 248
128 2
128 7
128 10
128 16
128 19
128 20
128 21
128 23
128 33
128 34
128 36
128 46
128 48
128 49
128 55
128 57
128 64
128 71
128 73
128 79
128 80
128 81
128 82
128 84
128 95
128 115
128 116
128 117
128 122
128 129
128 148
128 157
128 161
128 166
128 167
128 170
128 177
128 193
128 200
128 221
128 228
128 237
128 248
129 4
129 6
129 14
129 16
129 24
129 26
129 32
129 35
129 42
129 43
129 50
129 51
129 53
129 60
129 64
129 68
129 70
129 71
129 72
129 73
129 89
129 91
129 103
129 105
129 110
129 124
129 136
129 137
129 142
129 148
129 155
129 159
129 160
129 168
129 170
129 173
129 176
129 178
129 179
129 186
129 189
129 196
129 201
129 205
129 210
129 213
129 216
129 218
129 238
129 246
130 2
130 4
130 9
130 11
130 12
130 17
130 18
130 25
130 28
130 30
130 43
130 44
130 46
130 49
130 55
130 57
130 60
130 64
130 72
130 75
130 76
130 82
130 84
130 91
130 93
130 97
130 98
130 99
130 102
130 105
130 114
130 116
130 118
130 121
130 128
130 133
130 137
130 138
130 141
130 147
130 149
130 159
130 166
130 178
130 180
130 184
130 185
130 187
130 193
130 198
130 206
130 212
130 219
130 221
130 222
130 232
130 244
131 1
131 4
131 5
131 6
131 14
131 23
131 42
131 47
131 49
131 58
131 59
131 61
131 69
131 70
131 88
131 95
131 97
131 100
131 112
131 115
131 138
131 148
131 153
131 162
131 164
131 166
131 169
131 174
131 176
131 178
131 180
131 182
131 188
131 198
131 201
131 204
131 205
131 209
131 210
131 214
131 216
131 221
131 229
131 236
131 237
131 247
131 248
132 1
132 5
132 17
132 33
132 35
132 40
132 41
132 45
132 47
132 52
132 55
132 58
132 61
132 64
132 68
132 76
132 88
132 92
132 94
132 123
132 131
132 133
132 144
132 145
132 146
132 160
132 165
132 168
132 173
132 175
132 181
132 183
132 187
132 191
132 195
132 202
132 209
132 210
132 216
132 218
132 219
132 220
132 228
132 229
132 232
132 235
132 238
132 241
132 246
132 248
133 11
133 19
133 32
133 35
133 45
133 47
133 60
133 67
133 72
133 78
133 79
133 82
133 98
133 99
133 104
133 118
133 120
133 129
133 135
133 136
133 140
133 145
133 149
133 150
133 159
133 161
133 162
133 175
133 180
133 185
133 206
133 212
133 213
133 214
133 220
133 225
133 230
133 238
133 245
134 10
134 18
134 19
134 22
134 24
134 28
134 35
134 43
134 49
134 57
134 60
134 61
134 63
134 70
134 73
134 76
134 79
134 85
134 91
134 100
134 126
134 129
134 132
134 138
134 139
134 143
134 144
134 158
134 164
134 168
134 176
134 181
134 185
134 191
134 192
134 199
134 205
134 209
134 214
134 219
134 222
134 228
134 231
134 232
135 9
135 14
135 16
135 19
135 21
135 26
135 34
135 35
135 38
135 39
135 44
135 50
135 51
135 52
135 61
135 74
135 75
135 84
135 92
135 94
135 105
135 110
135 114
135 115
135 129
135 136
135 155
135 156
135 158
135 159
135 163
135 166
135 168
135 169
135 170
135 172
135 182
135 183
135 190
135 191
135 192
135 197
135 206
135 208
135 209
135 210
135 211
135 218
135 219
135 225
135 227
135 228
135 229
135 230
135 233
135 237
135 247
135 248
136 2
136 5
136 10
136 11
136 12
136 23
136 28
136 32
136 34
136 41
136 42
136 44
136 45
136 49
136 50
136 53
136 55
136 78
136 87
136 89
136 93
136 95
136 96
136 99
136 101
136 104
136 114
136 132
136 133
136 142
136 145
136 148
136 152
136 163
136 168
136 175
136 181
136 189
136 198
136 200
136 204
136 208
136 210
136 212
136 215
136 220
136 228
136 236
136 239
136 245
136 249
137 2
137 15
137 18
137 19
137 22
137 24
137 25
137 32
137 33
137 38
137 46
137 48
137 57
137 61
137 64
137 65
137 68
137 77
137 78
137 79
137 80
137 88
137 90
137 100
137 108
137 111
137 122
137 126
137 127
137 128
137 134
137 154
137 164
137 166
137 168
137 169
137 176
137 181
137 188
137 189
137 190
137 195
137 203
137 205
137 213
137 214
137 215
137 224
137 226
137 235
137 243
137 245
137 249
138 4
138 17
138 31
138 34
138 35
138 36
138 46
138 70
138 77
138 91
138 97
138 110
138 122
138 125
138 137
138 163
138 174
138 183
138 185
138 187
138 188
138 195
138 197
138 198
138 202
138 211
138 212
138 214
138 220
138 226
138 232
138 235
138 238
138 242
139 0
139 11
139 23
139 24
139 25
139 28
139 56
139 66
139 73
139 76
139 77
139 78
139 91
139 94
139 97
139 106
139 107
139 111
139 122
139 132
139 133
139 136
139 138
139 143
139 145
139 146
139 154
139 155
139 160
139 169
139 180
139 187
139 189
139 191
139 200
139 208
139 215
139 221
139 224
139 229
139 230
139 238
139 239
139 240
139 241
139 244
139 245
139 249
140 7
140 10
140 23
140 26
140 29
140 30
140 31
140 38
140 43
140 48
140 61
140 66
140 71
140 73
140 85
140 95
140 99
140 101
140 105
140 109
140 110
140 113
140 119
140 135
140 143
140 145
140 149
140 156
140 158
140 161
140 171
140 177
140 180
140 183
140 185
140 188
140 193
140 201
140 205
140 214
140 215
140 216
140 219
140 222
140 227
140 233
140 237
140 239
140 240
140 249
141 15
141 37
141 41
141 44
141 51
141 53
141 58
141 61
141 63
141 65
141 68
141 74
141 81
141 84
141 85
141 91
141 97
141 98
141 100
141 114
141 120
141 128
141 130
141 138
141 149
141 158
141 167
141 170
141 182
141 184
141 186
141 187
141 189
141 192
141 202
141 205
141 206
141 207
141 210
141 213
141 221
141 224
141 225
141 229
141 232
141 234
141 239
141 240
141 243
141 244
141 246
142 4
142 9
142 14
142 17
142 21
142 26
142 37
142 40
142 41
142 42
142 48
142 52
142 63
142 64
142 65
142 71
142 73
142 74
142 87
142 89
142 92
142 94
142 100
142 102
142 108
142 110
142 124
142 140
142 147
142 155
142 156
142 157
142 159
142 170
142 177
142 179
142 180
142 185
142 187
142 189
142 190
142 191
142 212
142 223
142 230
142 243
142 249
143 1
143 2
143 6
143 14
143 15
143 33
143 49
143 50
143 54
143 59
143 66
143 71
143 73
143 76
143 77
143 78
143 81
143 85
143 87
143 89
143 97
143 98
143 107
143 108
143 109
143 117
143 124
143 133
143 137
143 140
143 152
143 160
143 163
143 168
143 172
143 173
143 177
143 188
143 191
143 201
143 203
143 206
143 216
143 217
143 222
143 228
143 234
143 238
143 243
143 244
143 245
143 249
144 14
144 20
144 25
144 48
144 54
144 59
144 63
144 66
144 71
144 72
144 86
144 105
144 111
144 118
144 119
144 122
144 124
144 125
144 127
144 128
144 134
144 135
144 139
144 151
144 154
144 155
144 164
144 167
144 172
144 178
144 179
144 182
144 183
144 194
144 199
144 201
144 204
144 228
144 230
144 233
144 244
145 0
145 2
145 3
145 6
145 9
145 14
145 19
145 27
145 32
145 33
145 38
145 49
145 56
145 63
145 69
145 73
145 75
145 77
145 90
145 99
145 100
145 101
145 108
145 109
145 110
145 112
145 114
145 115
145 127
145 133
145 136
145 152
145 154
145 162
145 168
145 174
145 178
145 182
145 190
145 202
145 212
145 217
145 231
145 236
145 240
145 243
145 246
145 248
146 5
146 6
146 9
146 11
146 15
146 16
146 23
146 28
146 29
146 30
146 33
146 34
146 39
146 52
146 79
146 81
146 82
146 105
146 108
146 109
146 114
146 129
146 130
146 131
146 149
146 152
146 153
146 156
146 157
146 159
146 162
146 163
146 173
146 182
146 183
146 185
146 189
146 194
146 198
146 200
146 202
146 203
146 204
146 213
146 232
146 237
146 241
146 249
147 0
147 3
147 8
147 13
147 14
147 17
147 22
147 27
147 39
147 46
147 47
147 49
147 54
147 55
147 56
147 57
147 60
147 88
147 97
147 98
147 101
147 120
147 130
147 131
147 133
147 138
147 146
147 151
147 154
147 158
147 162
147 169
147 170
147 172
147 178
147 182
147 207
147 213
147 217
147 231
147 244
147 245
147 246
147 248
148 0
148 22
148 24
148 28
148 30
148 37
148 43
148 44
148 50
148 51
148 55
148 79
148 88
148 95
148 98
148 100
148 103
148 104
148 112
148 114
148 119
148 121
148 129
148 136
148 159
148 161
148 162
148 168
148 171
148 178
148 180
148 181
148 182
148 184
148 190
148 195
148 207
148 217
148 220
148 223
148 226
148 229
148 239
148 243
148 248
149 4
149 8
149 16
149 17
149 37
149 38
149 51
149 61
149 62
149 64
149 74
149 80
149 81
149 84
149 94
149 99
149 100
149 101
149 102
149 108
149 110
149 114
149 118
149 119
149 120
149 127
149 128
149 129
149 134
149 136
149 137
149 138
149 139
149 155
149 159
149 164
149 165
149 167
149 186
149 187
149 190
149 202
149 204
149 208
149 211
149 215
149 216
149 220
149 222
149 226
149 228
149 231
149 246
149 247
149 248
150 10
150 21
150 29
150 50
150 55
150 58
150 61
150 73
150 77
150 79
150 84
150 85
150 86
150 87
150 88
150 90
150 93
150 94
150 99
150 101
150 103
150 104
150 106
150 107
150 122
150 128
150 132
150 133
150 137
150 139
150 151
150 159
150 164
150 165
150 167
150 171
150 172
150 188
150 191
150 194
150 203
150 206
150 207
150 223
150 224
150 227
150 230
150 231
150 240
150 241
150 242
150 249
151 1
151 6
151 7
151 19
151 22
151 24
151 33
151 44
151 47
151 56
151 60
151 64
151 68
151 78
151 85
151 88
151 97
151 98
151 102
151 132
151 134
151 139
151 140
151 141
151 143
151 149
151 153
151 155
151 157
151 171
151 174
151 180
151 187
151 192
151 203
151 205
151 206
151 215
151 219
151 220
151 223
151 224
151 225
151 232
151 235
151 241
152 6
152 7
152 9
152 24
152 27
152 35
152 47
152 49
152 50
152 51
152 54
152 58
152 61
152 63
152 70
152 79
152 86
152 90
152 97
152 98
152 100
152 102
152 114
152 118
152 127
152 130
152 138
152 139
152 140
152 148
152 149
152 154
152 157
152 161
152 172
152 174
152 185
152 186
152 191
152 197
152 204
152 211
152 219
152 220
152 235
152 238
152 239
153 2
153 5
153 12
153 13
153 15
153 17
153 22
153 25
153 30
153 33
153 34
153 35
153 38
153 40
153 48
153 51
153 55
153 60
153 62
153 73
153 80
153 89
153 90
153 92
153 108
153 113
153 130
153 134
153 141
153 143
153 145
153 148
153 151
153 154
153 155
153 163
153 165
153 180
153 184
153 186
153 189
153 195
153 200
153 209
153 212
153 215
153 216
153 220
153 223
153 230
153 247
153 249
154 1
154 2
154 9
154 11
154 21
154 28
154 31
154 43
154 44
154 51
154 53
154 55
154 57
154 58
154 66
154 72
154 74
154 76
154 83
154 91
154 110
154 111
154 113
154 114
154 120
154 126
154 127
154 146
154 149
154 151
154 162
154 171
154 178
154 179
154 180
154 183
154 187
154 190
154 193
154 201
154 208
154 215
154 219
154 224
154 232
154 233
155 0
155 4
155 11
155 20
155 21
155 22
155 34
155 36
155 39
155 40
155 41
155 48
155 51
155 66
155 68
155 72
155 73
155 75
155 85
155 88
155 91
155 96
155 104
155 114
155 123
155 125
155 127
155 129
155 132
155 134
155 138
155 158
155 166
155 171
155 189
155 192
155 202
155 203
155 206
155 209
155 211
155 212
155 216
155 220
155 221
155 229
155 243
155 244
155 249
156 9
156 13
156 16
156 17
156 19
156 47
156 50
156 53
156 61
156 69
156 77
156 78
156 83
156 90
156 91
156 92
156 93
156 95
156 101
156 105
156 114
156 115
156 118
156 120
156 123
156 129
156 135
156 140
156 143
156 146
156 147
156 159
156 163
156 164
156 165
156 171
156 175
156 177
156 180
156 184
156 186
156 189
156 195
156 196
156 199
156 200
156 207
156 212
156 213
156 216
156 230
156 249
157 5
157 9
157 17
157 25
157 36
157 37
157 47
157 50
157 51
157 57
157 58
157 62
157 63
157 71
157 75
157 76
157 89
157 92
157 101
157 128
157 129
157 133
157 147
157 172
157 188
157 189
157 197
157 210
157 214
157 221
157 231
157 235
157 240
157 241
157 242
158 0
158 2
158 3
158 5
158 6
158 22
158 26
158 28
158 32
158 33
158 35
158 36
158 45
158 53
158 57
158 59
158 60
158 65
158 67
158 70
158 90
158 102
158 103
158 106
158 112
158 122
158 125
158 126
158 131
158 137
158 146
158 150
158 155
158 156
158 164
158 172
158 181
158 183
158 186
158 194
158 199
158 206
158 209
158 217
158 223
158 226
158 229
158 230
158 235
158 238
158 242
158 247
159 1
159 3
159 5
159 9
159 17
159 19
159 22
159 27
159 28
159 30
159 31
159 41
159 42
159 45
159 49
159 56
159 63
159 70
159 76
159 77
159 78
159 83
159 85
159 97
159 101
159 111
159 114
159 117
159 119
159 121
159 128
159 133
159 136
159 148
159 150
159 156
159 157
159 160
159 164
159 165
159 170
159 172
159 173
159 174
159 177
159 184
159 186
159 196
159 201
159 207
159 214
159 217
159 219
159 225
159 229
159 235
159 237
159 238
159 248
160 6
160 7
160 20
160 31
160 32
160 49
160 52
160 55
160 65
160 66
160 78
160 85
160 87
160 92
160 93
160 98
160 100
160 106
160 110
160 113
160 114
160 115
160 126
160 128
160 138
160 142
160 147
160 151
160 153
160 154
160 158
160 162
160 172
160 175
160 178
160 183
160 184
160 190
160 192
160 196
160 204
160 223
160 227
160 229
160 236
160 240
160 241
160 245
161 0
161 9
161 12
161 13
161 17
161 21
161 24
161 34
161 41
161 44
161 49
161 50
161 55
161 63
161 66
161 69
161 73
161 74
161 80
161 82
161 85
161 87
161 88
161 113
161 120
161 123
161 127
161 130
161 144
161 146
161 147
161 152
161 164
161 170
161 185
161 190
161 203
161 215
161 216
161 228
161 229
161 231
161 239
161 247
162 1
162 16
162 26
162 32
162 36
162 40
162 51
162 52
162 59
162 68
162 71
162 75
162 76
162 77
162 81
162 85
162 87
162 88
162 89
162 91
162 94
162 99
162 100
162 104
162 109
162 112
162 113
162 123
162 127
162 138
162 144
162 147
162 152
162 154
162 160
162 169
162 180
162 181
162 190
162 194
162 202
162 206
162 210
162 211
162 212
162 216
162 219
162 221
162 228
162 229
162 231
162 243
162 246
163 13
163 15
163 16
163 25
163 46
163 48
163 55
163 59
163 77
163 80
163 85
163 88
163 99
163 102
163 107
163 108
163 112
163 133
163 137
163 144
163 145
163 147
163 150
163 158
163 160
163 161
163 169
163 170
163 186
163 188
163 199
163 204
163 205
163 209
163 217
163 219
163 220
163 224
163 233
163 234
163 240
163 245
163 249
164 0
164 5
164 6
164 8
164 9
164 11
164 12
164 16
164 20
164 22
164 33
164 36
164 38
164 41
164 42
164 43
164 44
164 45
164 49
164 54
164 60
164 63
164 69
164 80
164 84
164 86
164 88
164 89
164 90
164 93
164 96
164 100
164 102
164 103
164 108
164 111
164 117
164 121
164 123
164 126
164 133
164 141
164 144
164 150
164 160
164 166
164 171
164 177
164 182
164 183
164 186
164 191
164 199
164 205
164 208
164 209
164 210
164 211
164 212
164 224
164 229
164 233
164 236
164 237
164 241
165 3
165 16
165 17
165 19
165 22
165 23
165 25
165 54
165 58
165 60
165 61
165 64
165 75
165 76
165 77
165 78
165 81
165 85
165 89
165 93
165 102
165 111
165 119
165 128
165 153
165 156
165 169
165 171
165 178
165 181
165 189
165 200
165 205
165 210
165 211
165 214
165 226
165 227
165 232
165 234
165 249
166 1
166 3
166 7
166 15
166 19
166 20
166 28
166 30
166 39
166 46
166 50
166 51
166 62
166 74
166 84
166 93
166 101
166 109
166 110
166 116
166 123
166 124
166 128
166 138
166 140
166 141
166 142
166 143
166 152
166 155
166 158
166 161
166 167
166 168
166 176
166 181
166 182
166 184
166 195
166 196
166 198
166 210
166 219
166 220
166 221
166 229
166 230
166 234
166 237
166 244
166 245
166 246
166 249
167 5
167 8
167 12
167 15
167 19
167 26
167 28
167 35
167 40
167 42
167 49
167 61
167 65
167 67
167 68
167 86
167 94
167 100
167 102
167 103
167 120
167 123
167 125
167 131
167 133
167 143
167 144
167 145
167 146
167 148
167 151
167 159
167 164
167 165
167 174
167 184
167 186
167 187
167 196
167 203
167 207
167 210
167 211
167 212
167 223
167 230
167 232
167 238
167 245
168 12
168 25
168 26
168 28
168 31
168 34
168 38
168 42
168 44
168 49
168 61
168 67
168 68
168 74
168 78
168 90
168 92
168 98
168 100
168 103
168 108
168 116
168 123
168 129
168 136
168 139
168 148
168 155
168 158
168 161
168 163
168 178
168 182
168 183
168 189
168 190
168 194
168 195
168 196
168 197
168 200
168 201
168 202
168 205
168 206
168 208
168 222
168 223
168 230
168 233
168 234
168 239
168 243
169 1
169 2
169 3
169 7
169 8
169 19
169 21
169 26
169 37
169 38
169 39
169 53
169 56
169 63
169 67
169 74
169 81
169 82
169 86
169 87
169 88
169 89
169 103
169 121
169 128
169 136
169 152
169 156
169 161
169 168
169 170
169 172
169 188
169 197
169 204
169 206
169 207
169 208
169 209
169 221
169 226
169 237
169 243
169 248
170 0
170 3
170 7
170 9
170 18
170 21
170 26
170 31
170 35
170 42
170 47
170 51
170 60
170 69
170 72
170 81
170 82
170 84
170 90
170 92
170 102
170 107
170 109
170 111
170 114
170 119
170 121
170 124
170 128
170 130
170 154
170 155
170 156
170 157
170 167
170 173
170 174
170 178
170 188
170 209
170 211
170 213
170 219
170 224
170 228
170 236
170 243
170 245
171 5
171 6
171 14
171 16
171 23
171 33
171 40
171 42
171 46
171 48
171 50
171 51
171 52
171 63
171 64
171 65
171 77
171 78
171 81
171 84
171 98
171 102
171 106
171 111
171 126
171 127
171 134
171 137
171 138
171 142
171 147
171 148
171 149
171 150
171 162
171 164
171 166
171 167
171 181
171 198
171 200
171 204
171 205
171 209
171 210
171 211
171 212
171 218
171 219
171 224
171 227
171 228
171 229
171 233
171 234
171 238
171 240
171 243
171 247
172 5
172 6
172 30
172 36
172 38
172 47
172 50
172 58
172 61
172 69
172 70
172 72
172 78
172 83
172 97
172 98
172 102
172 108
172 113
172 114
172 119
172 123
172 141
172 142
172 149
172 152
172 164
172 165
172 167
172 180
172 184
172 188
172 191
172 200
172 202
172 203
172 206
172 210
172 211
172 216
172 217
172 224
172 234
172 249
173 2
173 9
173 43
173 45
173 53
173 59
173 60
173 71
173 78
173 82
173 97
173 99
173 100
173 107
173 108
173 117
173 122
173 136
173 137
173 144
173 145
173 149
173 150
173 152
173 156
173 159
173 160
173 161
173 162
173 169
173 174
173 179
173 183
173 191
173 195
173 199
173 201
173 205
173 206
173 209
173 217
173 218
173 222
173 245
173 249
174 14
174 16
174 26
174 30
174 40
174 46
174 48
174 50
174 57
174 58
174 61
174 63
174 67
174 71
174 73
174 77
174 83
174 86
174 87
174 92
174 96
174 98
174 101
174 103
174 107
174 108
174 109
174 118
174 119
174 124
174 126
174 133
174 135
174 139
174 145
174 158
174 170
174 172
174 175
174 179
174 188
174 191
174 193
174 204
174 206
174 214
174 217
174 222
174 227
174 228
174 232
174 234
174 245
174 246
175 0
175 1
175 4
175 16
175 20
175 23
175 24
175 25
175 28
175 32
175 48
175 49
175 59
175 66
175 67
175 71
175 81
175 83
175 87
175 99
175 101
175 104
175 115
175 117
175 121
175 130
175 134
175 137
175 151
175 152
175 155
175 156
175 164
175 169
175 177
175 208
175 212
175 215
175 222
175 226
175 241
175 246
175 247
176 13
176 14
176 22
176 26
176 28
176 29
176 34
176 53
176 68
176 70
176 71
176 72
176 80
176 85
176 91
176 96
176 99
176 100
176 105
176 106
176 113
176 115
176 121
176 124
176 128
176 131
176 134
176 135
176 137
176 140
176 150
176 151
176 169
176 170
176 177
176 179
176 190
176 198
176 199
176 205
176 206
176 207
176 210
176 234
176 240
176 242
176 244
176 249
177 2
177 5
177 11
177 14
177 15
177 19
177 23
177 25
177 27
177 31
177 35
177 43
177 46
177 49
177 57
177 64
177 68
177 90
177 91
177 96
177 101
177 119
177 125
177 137
177 146
177 151
177 166
177 168
177 169
177 171
177 181
177 183
177 186
177 191
177 192
177 194
177 196
177 197
177 200
177 201
177 206
177 209
177 210
177 213
177 242
177 246
178 0
178 2
178 7
178 12
178 13
178 16
178 17
178 20
178 22
178 26
178 28
178 30
178 37
178 38
178 39
178 41
178 46
178 50
178 53
178 54
178 55
178 60
178 61
178 62
178 68
178 70
178 71
178 78
178 85
178 90
178 93
178 110
178 121
178 123
178 124
178 128
178 133
178 137
178 138
178 141
178 148
178 155
178 156
178 157
178 163
178 173
178 179
178 186
178 187
178 193
178 209
178 210
178 214
178 215
178 218
178 225
178 231
178 234
178 242
179 6
179 27
179 31
179 33
179 34
179 40
179 60
179 65
179 72
179 75
179 87
179 93
179 97
179 105
179 106
179 110
179 114
179 118
179 123
179 131
179 134
179 138
179 139
179 153
179 154
179 161
179 163
179 169
179 170
179 176
179 178
179 185
179 197
179 199
179 202
179 203
179 205
179 218
179 227
179 229
179 230
179 233
179 238
179 239
180 0
180 9
180 15
180 20
180 21
180 33
180 37
180 41
180 52
180 59
180 74
180 84
180 90
180 91
180 94
180 96
180 108
180 118
180 136
180 141
180 145
180 159
180 169
180 170
180 177
180 179
180 196
180 197
180 198
180 202
180 205
180 209
180 213
180 214
180 218
180 223
180 229
180 234
180 236
180 237
180 240
180 241
180 244
180 245
181 4
181 9
181 29
181 42
181 47
181 50
181 52
181 53
181 56
181 59
181 60
181 62
181 78
181 84
181 91
181 93
181 101
181 105
181 108
181 114
181 125
181 128
181 133
181 134
181 137
181 138
181 142
181 153
181 180
181 195
181 196
181 204
181 205
181 208
181 217
181 220
181 221
181 225
181 233
181 234
181 237
181 239
181 240
181 242
181 248
182 0
182 1
182 2
182 8
182 14
182 16
182 18
182 19
182 38
182 44
182 46
182 50
182 51
182 59
182 60
182 64
182 76
182 79
182 82
182 84
182 85
182 96
182 98
182 101
182 104
182 107
182 124
182 138
182 144
182 147
182 153
182 161
182 164
182 173
182 175
182 176
182 192
182 212
182 222
182 224
182 231
182 235
182 236
182 240
182 246
182 247
182 249
183 2
183 4
183 15
183 19
183 27
183 32
183 39
183 41
183 45
183 50
183 56
183 58
183 63
183 71
183 74
183 80
183 83
183 86
183 90
183 91
183 94
183 106
183 107
183 113
183 121
183 122
183 123
183 124
183 127
183 144
183 155
183 156
183 166
183 170
183 174
183 184
183 187
183 188
183 189
183 196
183 200
183 205
183 209
183 215
183 216
183 218
183 221
183 223
183 224
183 232
183 234
183 241
183 242
183 245
184 0
184 9
184 13
184 15
184 19
184 29
184 32
184 36
184 42
184 49
184 52
184 56
184 61
184 64
184 66
184 68
184 70
184 83
184 87
184 92
184 106
184 108
184 116
184 122
184 125
184 128
184 133
184 136
184 139
184 140
184 150
184 151
184 154
184 158
184 162
184 174
184 175
184 182
184 191
184 198
184 200
184 201
184 210
184 222
184 237
184 239
184 242
184 243
184 248
185 1
185 4
185 8
185 25
185 29
185 35
185 39
185 40
185 41
185 56
185 60
185 62
185 75
185 77
185 84
185 92
185 94
185 104
185 112
185 118
185 128
185 132
185 137
185 143
185 145
185 148
185 150
185 159
185 166
185 168
185 170
185 190
185 201
185 210
185 224
185 233
185 241
185 245
186 0
186 1
186 3
186 6
186 13
186 16
186 23
186 29
186 34
186 35
186 52
186 55
186 61
186 67
186 73
186 76
186 79
186 80
186 83
186 87
186 90
186 94
186 98
186 115
186 122
186 128
186 130
186 131
186 132
186 136
186 137
186 147
186 148
186 149
186 153
186 157
186 171
186 180
186 190
186 191
186 193
186 195
186 199
186 205
186 209
186 215
186 228
186 229
186 231
186 235
186 238
186 239
186 245
186 246
187 5
187 9
187 11
187 20
187 21
187 25
187 26
187 27
187 37
187 52
187 54
187 64
187 71
187 75
187 77
187 81
187 82
187 90
187 98
187 101
187 108
187 110
187 111
187 123
187 144
187 151
187 154
187 168
187 169
187 176
187 183
187 184
187 186
187 193
187 215
187 234
187 242
187 243
187 249
188 13
188 24
188 29
188 37
188 48
188 58
188 64
188 71
188 72
188 75
188 76
188 78
188 85
188 87
188 94
188 99
188 100
188 108
188 116
188 117
188 118
188 126
188 130
188 134
188 138
188 141
188 142
188 143
188 144
188 148
188 150
188 153
188 162
188 165
188 168
188 176
188 178
188 179
188 180
188 201
188 211
188 217
188 239
188 241
189 3
189 8
189 13
189 14
189 16
189 19
189 24
189 34
189 35
189 44
189 45
189 50
189 51
189 52
189 54
189 58
189 59
189 62
189 74
189 76
189 78
189 83
189 85
189 102
189 106
189 110
189 115
189 116
189 122
189 124
189 125
189 128
189 130
189 133
189 142
189 143
189 154
189 155
189 156
189 163
189 190
189 194
189 205
189 219
189 224
189 229
189 241
189 249
190 4
190 5
190 10
190 19
190 28
190 33
190 36
190 38
190 39
190 47
190 54
190 56
190 57
190 60
190 74
190 75
190 79
190 114
190 116
190 117
190 130
190 138
190 147
190 153
190 158
190 159
190 160
190 173
190 195
190 196
190 204
190 205
190 227
190 228
190 234
190 240
190 249
191 1
191 6
191 8
191 10
191 11
191 13
191 19
191 28
191 30
191 33
191 35
191 37
191 49
191 55
191 62
191 78
191 80
191 86
191 88
191 91
191 94
191 95
191 100
191 103
191 106
191 109
191 115
191 116
191 118
191 124
191 129
191 134
191 139
191 140
191 152
191 156
191 157
191 158
191 164
191 166
191 170
191 171
191 172
191 178
191 179
191 183
191 188
191 198
191 199
191 203
191 213
191 217
191 221
191 223
191 234
191 244
192 1
192 6
192 16
192 18
192 19
192 21
192 22
192 23
192 24
192 25
192 31
192 37
192 46
192 47
192 51
192 57
192 68
192 73
192 74
192 75
192 80
192 91
192 103
192 104
192 105
192 113
192 116
192 122
192 125
192 127
192 128
192 134
192 137
192 147
192 160
192 162
192 168
192 169
192 170
192 171
192 177
192 183
192 191
192 198
192 200
192 201
192 203
192 204
192 206
192 213
192 214
192 218
192 224
192 235
192 249
193 5
193 7
193 8
193 9
193 17
193 20
193 23
193 24
193 32
193 33
193 35
193 40
193 44
193 48
193 54
193 56
193 60
193 65
193 69
193 73
193 82
193 85
193 90
193 92
193 99
193 104
193 120
193 123
193 133
193 147
193 149
193 150
193 152
193 153
193 154
193 159
193 164
193 165
193 175
193 176
193 200
193 201
193 202
193 204
193 211
193 226
193 227
193 238
194 2
194 4
194 8
194 18
194 20
194 21
194 24
194 29
194 30
194 33
194 40
194 46
194 47
194 50
194 51
194 65
194 81
194 91
194 106
194 116
194 120
194 121
194 123
194 126
194 135
194 137
194 140
194 146
194 147
194 154
194 158
194 169
194 176
194 177
194 178
194 179
194 182
194 187
194 189
194 191
194 196
194 197
194 201
194 205
194 206
194 207
194 208
194 212
194 213
194 216
194 221
194 222
194 228
194 236
194 238
195 2
195 4
195 12
195 18
195 20
195 24
195 34
195 36
195 39
195 40
195 42
195 44
195 45
195 51
195 52
195 53
195 59
195 64
195 66
195 75
195 80
195 85
195 99
195 100
195 106
195 109
195 111
195 121
195 126
195 132
195 139
195 141
195 142
195 144
195 145
195 156
195 166
195 170
195 176
195 177
195 182
195 189
195 193
195 194
195 204
195 216
195 220
195 229
195 238
195 239
195 240
195 246
195 247
196 13
196 19
196 21
196 23
196 28
196 42
196 43
196 48
196 49
196 54
196 70
196 92
196 98
196 107
196 113
196 117
196 118
196 125
196 131
196 132
196 133
196 139
196 146
196 149
196 151
196 152
196 156
196 158
196 167
196 169
196 172
196 177
196 183
196 186
196 192
196 200
196 201
196 202
196 204
196 210
196 220
196 239
196 242
196 246
197 1
197 2
197 3
197 8
197 16
197 31
197 33
197 38
197 39
197 42
197 44
197 51
197 55
197 57
197 63
197 69
197 73
197 79
197 80
197 82
197 90
197 109
197 111
197 118
197 123
197 130
197 131
197 143
197 145
197 147
197 154
197 155
197 160
197 161
197 179
197 183
197 185
197 200
197 204
197 214
197 222
197 225
197 228
197 230
197 238
197 239
197 242
197 244
198 2
198 3
198 5
198 8
198 15
198 28
198 37
198 38
198 55
198 61
198 64
198 83
198 85
198 86
198 103
198 104
198 109
198 117
198 128
198 130
198 131
198 137
198 142
198 151
198 164
198 165
198 167
198 169
198 178
198 182
198 186
198 190
198 191
198 192
198 196
198 199
198 201
198 202
198 216
198 220
198 222
198 228
199 4
199 9
199 18
199 21
199 42
199 52
199 57
199 62
199 65
199 78
199 81
199 84
199 87
199 96
199 98
199 100
199 106
199 118
199 119
199 132
199 134
199 145
199 147
199 156
199 170
199 187
199 201
199 206
199 207
199 210
199 212
199 224
199 226
199 233
199 239
199 244
200 10
200 12
200 13
200 17
200 21
200 25
200 29
200 30
200 44
200 46
200 61
200 64
200 65
200 67
200 68
200 69
200 72
200 73
200 74
200 86
200 89
200 95
200 102
200 104
200 110
200 115
200 127
200 136
200 139
200 140
200 141
200 148
200 150
200 152
200 163
200 168
200 175
200 176
200 186
200 207
200 208
200 219
200 220
200 222
200 224
200 236
200 240
201 9
201 15
201 24
201 28
201 32
201 33
201 34
201 44
201 45
201 65
201 68
201 78
201 87
201 89
201 93
201 97
201 103
201 111
201 112
201 114
201 118
201 125
201 130
201 131
201 133
201 137
201 142
201 153
201 155
201 161
201 162
201 165
201 166
201 167
201 168
201 169
201 179
201 184
201 190
201 194
201 197
201 198
201 208
201 209
201 219
201 224
201 226
201 232
201 235
201 238
201 239
201 240
201 245
202 0
202 2
202 5
202 32
202 33
202 40
202 44
202 49
202 57
202 72
202 77
202 78
202 82
202 108
202 109
202 112
202 113
202 114
202 117
202 120
202 122
202 136
202 140
202 145
202 146
202 158
202 160
202 166
202 173
202 176
202 179
202 182
202 183
202 203
202 207
202 213
202 219
202 225
202 228
202 230
202 233
202 238
202 248
202 249
203 1
203 2
203 4
203 13
203 15
203 17
203 19
203 29
203 31
203 32
203 35
203 40
203 46
203 50
203 56
203 74
203 77
203 88
203 91
203 93
203 96
203 98
203 103
203 105
203 106
203 108
203 111
203 116
203 117
203 119
203 122
203 130
203 136
203 138
203 148
203 156
203 159
203 176
203 187
203 190
203 194
203 196
203 206
203 209
203 212
203 217
203 225
203 229
203 232
203 238
203 247
203 249
204 0
204 1
204 7
204 13
204 23
204 36
204 40
204 41
204 48
204 61
204 85
204 88
204 92
204 94
204 97
204 106
204 122
204 123
204 124
204 126
204 127
204 129
204 136
204 137
204 142
204 147
204 152
204 157
204 158
204 159
204 161
204 162
204 168
204 170
204 174
204 180
204 187
204 202
204 212
204 213
204 216
204 229
204 230
204 234
204 241
204 246
205 6
205 10
205 18
205 20
205 23
205 31
205 32
205 35
205 43
205 51
205 52
205 54
205 56
205 57
205 60
205 64
205 70
205 84
205 101
205 108
205 111
205 115
205 128
205 143
205 150
205 151
205 153
205 172
205 174
205 182
205 187
205 192
205 202
205 203
205 210
205 211
205 217
205 221
205 233
205 240
205 242
205 246
206 6
206 9
206 10
206 19
206 27
206 32
206 35
206 44
206 47
206 61
206 62
206 66
206 68
206 71
206 74
206 75
206 76
206 84
206 85
206 93
206 103
206 109
206 123
206 131
206 138
206 143
206 160
206 161
206 163
206 164
206 166
206 173
206 183
206 184
206 205
206 207
206 215
206 222
206 223
206 224
206 227
206 231
206 238
206 247
206 249
207 4
207 7
207 11
207 15
207 18
207 22
207 28
207 29
207 30
207 36
207 48
207 50
207 53
207 54
207 58
207 64
207 72
207 73
207 80
207 84
207 86
207 90
207 95
207 99
207 100
207 106
207 114
207 119
207 120
207 125
207 131
207 133
207 141
207 143
207 154
207 155
207 160
207 168
207 176
207 182
207 184
207 193
207 197
207 209
207 236
207 237
207 243
207 247
208 9
208 15
208 19
208 33
208 48
208 64
208 67
208 72
208 74
208 75
208 86
208 88
208 89
208 90
208 91
208 103
208 104
208 112
208 114
208 121
208 124
208 129
208 134
208 141
208 147
208 149
208 153
208 157
208 163
208 167
208 169
208 177
208 178
208 179
208 189
208 195
208 199
208 207
208 218
208 227
208 234
208 239
209 6
209 9
209 14
209 15
209 20
209 32
209 34
209 35
209 41
209 43
209 47
209 48
209 53
209 56
209 57
209 64
209 72
209 74
209 77
209 83
209 85
209 88
209 96
209 97
209 106
209 115
209 117
209 129
209 137
209 139
209 142
209 150
209 152
209 153
209 154
209 155
209 156
209 157
209 160
209 161
209 163
209 167
209 168
209 171
209 179
209 186
209 190
209 200
209 208
209 211
209 212
209 228
209 234
209 236
209 242
209 246
209 248
210 3
210 9
210 17
210 30
210 37
210 38
210 39
210 40
210 42
210 48
210 51
210 57
210 60
210 62
210 63
210 68
210 70
210 71
210 75
210 77
210 78
210 82
210 83
210 84
210 85
210 91
210 92
210 97
210 100
210 102
210 103
210 108
210 110
210 112
210 119
210 127
210 129
210 140
210 144
210 149
210 153
210 162
210 163
210 164
210 165
210 169
210 170
210 172
210 180
210 183
210 184
210 185
210 190
210 192
210 195
210 197
210 202
210 207
210 211
210 225
210 227
210 228
210 244
211 7
211 8
211 14
211 19
211 23
211 27
211 31
211 46
211 47
211 51
211 53
211 55
211 59
211 62
211 66
211 67
211 70
211 76
211 77
211 80
211 84
211 94
211 96
211 99
211 106
211 107
211 110
211 111
211 114
211 119
211 133
211 134
211 142
211 143
211 145
211 146
211 150
211 152
211 156
211 157
211 160
211 163
211 172
211 175
211 189
211 193
211 196
211 198
211 202
211 204
211 212
211 215
211 219
211 225
211 230
211 233
211 235
212 1
212 4
212 17
212 18
212 23
212 26
212 31
212 32
212 34
212 37
212 42
212 48
212 51
212 53
212 57
212 59
212 69
212 73
212 76
212 85
212 86
212 88
212 91
212 96
212 97
212 109
212 114
212 121
212 122
212 125
212 128
212 130
212 137
212 145
212 146
212 160
212 163
212 170
212 173
212 175
212 187
212 188
212 195
212 198
212 201
212 214
212 215
212 219
212 224
212 226
212 233
212 239
212 244
213 0
213 2
213 6
213 20
213 25
213 26
213 27
213 29
213 36
213 37
213 39
213 41
213 42
213 46
213 48
213 49
213 55
213 69
213 82
213 105
213 109
213 110
213 120
213 123
213 125
213 128
213 145
213 147
213 160
213 165
213 167
213 170
213 174
213 175
213 183
213 187
213 201
213 202
213 207
213 214
213 215
213 219
213 221
213 224
213 229
213 236
213 240
213 241
213 248
214 1
214 3
214 4
214 6
214 8
214 11
214 16
214 17
214 22
214 24
214 25
214 35
214 49
214 52
214 54
214 56
214 60
214 63
214 64
214 77
214 83
214 84
214 85
214 87
214 91
214 98
214 102
214 104
214 107
214 116
214 119
214 127
214 135
214 138
214 142
214 144
214 155
214 164
214 165
214 167
214 175
214 198
214 200
214 203
214 206
214 207
214 208
214 209
214 213
214 215
214 219
214 222
214 232
214 238
215 2
215 4
215 10
215 26
215 36
215 37
215 41
215 45
215 47
215 49
215 57
215 70
215 76
215 80
215 81
215 84
215 97
215 101
215 104
215 105
215 106
215 131
215 133
215 137
215 141
215 143
215 144
215 146
215 158
215 161
215 162
215 171
215 212
215 213
215 214
215 218
215 219
215 232
215 245
215 247
216 1
216 3
216 7
216 8
216 14
216 24
216 29
216 40
216 41
216 45
216 62
216 63
216 67
216 70
216 78
216 83
216 85
216 90
216 100
216 103
216 106
216 110
216 113
216 116
216 118
216 120
216 128
216 131
216 137
216 152
216 157
216 163
216 164
216 165
216 175
216 180
216 182
216 185
216 192
216 207
216 219
216 220
216 224
216 243
216 246
217 1
217 3
217 4
217 11
217 24
217 35
217 36
217 39
217 40
217 44
217 50
217 51
217 75
217 81
217 83
217 85
217 86
217 90
217 93
217 96
217 99
217 100
217 104
217 130
217 134
217 136
217 139
217 160
217 164
217 166
217 169
217 171
217 177
217 178
217 179
217 185
217 188
217 190
217 192
217 195
217 196
217 197
217 200
217 205
217 211
217 220
217 221
217 227
217 228
217 229
217 233
217 249
218 1
218 5
218 9
218 11
218 14
218 19
218 39
218 41
218 52
218 56
218 72
218 80
218 81
218 82
218 83
218 85
218 86
218 93
218 94
218 100
218 105
218 106
218 107
218 108
218 111
218 112
218 115
218 120
218 121
218 127
218 133
218 134
218 146
218 150
218 154
218 157
218 165
218 179
218 185
218 190
218 194
218 195
218 206
218 211
218 225
218 232
218 234
218 249
219 13
219 22
219 32
219 39
219 43
219 47
219 49
219 54
219 62
219 67
219 71
219 75
219 76
219 79
219 80
219 85
219 89
219 91
219 93
219 100
219 102
219 103
219 106
219 108
219 113
219 121
219 123
219 130
219 132
219 137
219 139
219 140
219 149
219 158
219 160
219 170
219 172
219 173
219 176
219 180
219 186
219 193
219 194
219 195
219 197
219 200
219 201
219 208
219 209
219 220
219 223
219 228
219 230
219 233
219 245
220 3
220 9
220 10
220 12
220 15
220 18
220 19
220 22
220 23
220 27
220 30
220 32
220 36
220 42
220 44
220 46
220 47
220 51
220 59
220 70
220 79
220 82
220 101
220 109
220 113
220 117
220 118
220 120
220 142
220 143
220 157
220 158
220 165
220 167
220 171
220 172
220 176
220 177
220 184
220 187
220 188
220 189
220 192
220 196
220 209
220 210
220 214
220 219
220 226
220 227
220 229
220 230
220 235
220 246
221 3
221 13
221 22
221 24
221 28
221 30
221 37
221 39
221 45
221 46
221 63
221 67
221 69
221 70
221 74
221 98
221 101
221 104
221 116
221 125
221 126
221 130
221 134
221 139
221 145
221 155
221 174
221 178
221 182
221 184
221 190
221 192
221 195
221 202
221 204
221 207
221 209
221 224
221 231
221 234
221 240
221 244
221 247
222 1
222 5
222 7
222 13
222 14
222 18
222 21
222 24
222 27
222 32
222 36
222 44
222 49
222 50
222 52
222 53
222 54
222 56
222 63
222 65
222 68
222 71
222 73
222 76
222 78
222 84
222 87
222 97
222 101
222 105
222 107
222 108
222 115
222 117
222 135
222 137
222 149
222 152
222 154
222 156
222 162
222 164
222 174
222 185
222 187
222 189
222 193
222 195
222 197
222 199
222 203
222 204
222 209
222 219
222 220
222 236
222 247
223 1
223 4
223 5
223 7
223 11
223 23
223 28
223 33
223 50
223 52
223 55
223 57
223 59
223 64
223 65
223 66
223 72
223 75
223 78
223 80
223 85
223 90
223 94
223 106
223 113
223 115
223 120
223 132
223 133
223 144
223 147
223 149
223 172
223 181
223 182
223 194
223 201
223 202
223 203
223 213
223 217
223 218
223 221
223 226
223 230
223 233
223 235
223 238
223 242
223 249
224 9
224 10
224 16
224 17
224 22
224 32
224 34
224 35
224 36
224 49
224 58
224 78
224 83
224 99
224 107
224 109
224 110
224 115
224 128
224 133
224 134
224 135
224 141
224 143
224 147
224 148
224 150
224 151
224 153
224 156
224 171
224 180
224 185
224 187
224 188
224 191
224 200
224 205
224 217
224 225
224 226
224 231
224 232
224 235
224 242
224 246
225 3
225 4
225 8
225 10
225 13
225 28
225 38
225 40
225 53
225 54
225 61
225 64
225 72
225 78
225 86
225 95
225 109
225 121
225 126
225 134
225 140
225 141
225 147
225 159
225 165
225 167
225 172
225 173
225 182
225 185
225 189
225 190
225 191
225 199
225 209
225 221
225 227
225 235
225 242
225 248
226 5
226 8
226 18
226 22
226 28
226 45
226 54
226 60
226 64
226 65
226 66
226 69
226 75
226 76
226 81
226 83
226 85
226 98
226 100
226 109
226 119
226 120
226 146
226 147
226 150
226 152
226 158
226 160
226 165
226 166
226 167
226 170
226 174
226 185
226 191
226 193
226 195
226 196
226 200
226 201
226 205
226 210
226 213
226 233
226 235
226 236
226 247
227 1
227 3
227 7
227 16
227 19
227 27
227 33
227 48
227 49
227 52
227 57
227 58
227 67
227 72
227 73
227 80
227 90
227 91
227 92
227 95
227 99
227 100
227 104
227 112
227 126
227 136
227 137
227 139
227 140
227 145
227 157
227 173
227 175
227 177
227 178
227 184
227 187
227 188
227 202
227 211
227 218
227 221
227 222
227 224
227 232
227 234
227 237
228 0
228 1
228 2
228 3
228 5
228 10
228 12
228 18
228 22
228 24
228 25
228 30
228 35
228 57
228 63
228 71
228 72
228 73
228 76
228 80
228 89
228 90
228 102
228 113
228 114
228 115
228 117
228 118
228 119
228 124
228 126
228 129
228 130
228 138
228 139
228 141
228 147
228 152
228 159
228 166
228 174
228 175
228 181
228 183
228 191
228 203
228 205
228 208
228 216
228 226
228 229
228 231
228 233
228 241
228 243
229 9
229 15
229 18
229 22
229 23
229 28
229 35
229 38
229 43
229 44
229 47
229 62
229 66
229 69
229 76
229 77
229 84
229 87
229 96
229 98
229 107
229 111
229 116
229 125
229 138
229 151
229 152
229 153
229 155
229 170
229 171
229 173
229 181
229 184
229 186
229 193
229 198
229 202
229 207
229 208
229 210
229 216
229 221
229 226
229 241
229 244
230 1
230 13
230 16
230 17
230 30
230 35
230 47
230 54
230 59
230 60
230 63
230 86
230 87
230 94
230 95
230 96
230 99
230 100
230 103
230 106
230 107
230 109
230 111
230 113
230 115
230 120
230 128
230 129
230 138
230 159
230 162
230 169
230 171
230 176
230 182
230 184
230 185
230 187
230 193
230 200
230 205
230 217
230 219
230 222
230 225
230 235
231 4
231 5
231 7
231 12
231 24
231 25
231 26
231 31
231 44
231 56
231 73
231 83
231 89
231 92
231 99
231 114
231 115
231 116
231 120
231 126
231 133
231 137
231 143
231 147
231 149
231 155
231 158
231 161
231 163
231 164
231 167
231 168
231 176
231 183
231 194
231 207
231 209
231 212
231 213
231 219
231 226
231 233
231 237
231 241
232 1
232 6
232 13
232 19
232 20
232 28
232 32
232 34
232 35
232 36
232 37
232 39
232 40
232 42
232 44
232 52
232 53
232 56
232 65
232 77
232 79
232 82
232 90
232 93
232 102
232 105
232 109
232 117
232 126
232 133
232 136
232 141
232 146
232 147
232 154
232 156
232 163
232 165
232 166
232 171
232 178
232 179
232 188
232 197
232 209
232 218
232 221
232 223
232 225
232 228
232 247
233 4
233 18
233 24
233 29
233 42
233 49
233 62
233 69
233 81
233 83
233 100
233 101
233 105
233 109
233 116
233 117
233 123
233 134
233 135
233 139
233 149
233 151
233 174
233 177
233 179
233 185
233 190
233 196
233 198
233 203
233 210
233 224
233 231
233 241
233 242
233 249
234 0
234 6
234 11
234 14
234 22
234 24
234 25
234 28
234 30
234 31
234 44
234 45
234 55
234 57
234 59
234 63
234 65
234 67
234 68
234 77
234 79
234 80
234 94
234 99
234 101
234 110
234 129
234 134
234 137
234 141
234 142
234 145
234 148
234 149
234 152
234 154
234 155
234 158
234 167
234 168
234 170
234 171
234 177
234 179
234 180
234 181
234 186
234 191
234 197
234 199
234 216
234 225
234 232
234 241
234 243
234 245
234 246
235 0
235 2
235 3
235 4
235 12
235 16
235 18
235 33
235 35
235 48
235 56
235 58
235 59
235 63
235 69
235 76
235 80
235 83
235 84
235 85
235 88
235 92
235 94
235 102
235 103
235 108
235 120
235 122
235 123
235 124
235 130
235 134
235 137
235 138
235 139
235 144
235 156
235 168
235 169
235 173
235 182
235 183
235 187
235 190
235 194
235 209
235 210
235 220
235 221
235 224
235 225
235 229
235 232
235 241
235 244
235 249
236 6
236 10
236 13
236 15
236 16
236 17
236 18
236 34
236 45
236 46
236 51
236 58
236 59
236 64
236 68
236 70
236 74
236 75
236 81
236 83
236 91
236 98
236 111
236 115
236 116
236 117
236 118
236 119
236 132
236 135
236 138
236 147
236 157
236 158
236 159
236 162
236 163
236 174
236 176
236 178
236 195
236 202
236 205
236 210
236 212
236 215
236 221
236 229
236 235
236 243
237 3
237 7
237 9
237 13
237 15
237 28
237 30
237 32
237 38
237 45
237 46
237 48
237 51
237 59
237 65
237 66
237 70
237 82
237 86
237 92
237 100
237 101
237 103
237 104
237 106
237 113
237 116
237 119
237 121
237 128
237 136
237 142
237 147
237 154
237 157
237 163
237 169
237 171
237 172
237 173
237 182
237 183
237 190
237 191
237 201
237 203
237 208
237 216
237 217
237 221
237 223
237 224
237 232
237 235
237 236
237 238
237 243
237 247
238 1
238 3
238 10
238 16
238 17
238 26
238 31
238 32
238 36
238 37
238 43
238 47
238 51
238 52
238 53
238 59
238 70
238 77
238 78
238 80
238 84
238 87
238 94
238 99
238 100
238 119
238 129
238 141
238 143
238 161
238 170
238 172
238 173
238 178
238 185
238 187
238 202
238 210
238 214
238 232
238 233
238 249
239 0
239 3
239 4
239 5
239 14
239 32
239 36
239 39
239 43
239 45
239 51
239 52
239 58
239 60
239 62
239 65
239 69
239 70
239 82
239 85
239 88
239 99
239 100
239 103
239 108
239 112
239 114
239 117
239 120
239 122
239 124
239 164
239 166
239 170
239 174
239 179
239 180
239 181
239 187
239 191
239 206
239 208
239 211
239 212
239 213
239 230
239 240
239 243
239 245
239 248
240 4
240 5
240 10
240 18
240 19
240 26
240 28
240 35
240 42
240 47
240 49
240 55
240 60
240 63
240 83
240 96
240 98
240 100
240 103
240 108
240 109
240 112
240 114
240 117
240 118
240 122
240 124
240 131
240 132
240 139
240 151
240 169
240 170
240 171
240 174
240 176
240 179
240 181
240 187
240 188
240 197
240 200
240 201
240 203
240 206
240 210
240 212
240 219
240 221
240 225
240 226
240 239
241 6
241 12
241 18
241 22
241 25
241 27
241 32
241 37
241 43
241 49
241 52
241 61
241 74
241 77
241 83
241 84
241 86
241 96
241 97
241 100
241 102
241 108
241 112
241 113
241 117
241 121
241 123
241 124
241 127
241 130
241 133
241 134
241 137
241 142
241 143
241 144
241 155
241 161
241 164
241 166
241 168
241 171
241 180
241 183
241 187
241 200
241 217
241 224
241 243
241 247
242 0
242 2
242 4
242 11
242 17
242 21
242 32
242 33
242 35
242 39
242 51
242 52
242 53
242 59
242 60
242 64
242 69
242 90
242 91
242 95
242 99
242 102
242 104
242 115
242 119
242 123
242 128
242 131
242 134
242 136
242 142
242 143
242 152
242 155
242 164
242 165
242 167
242 170
242 173
242 178
242 192
242 198
242 214
242 220
242 225
242 231
242 241
242 243
243 2
243 8
243 12
243 15
243 21
243 25
243 31
243 41
243 44
243 51
243 55
243 63
243 71
243 76
243 78
243 98
243 100
243 102
243 103
243 107
243 109
243 111
243 115
243 116
243 125
243 153
243 160
243 162
243 163
243 177
243 179
243 186
243 189
243 192
243 194
243 195
243 200
243 208
243 214
243 219
243 220
243 221
243 225
243 234
243 238
243 240
243 242
243 246
244 12
244 25
244 31
244 35
244 42
244 74
244 75
244 79
244 80
244 84
244 85
244 86
244 93
244 94
244 96
244 98
244 101
244 102
244 129
244 138
244 148
244 150
244 151
244 156
244 158
244 165
244 167
244 173
244 175
244 178
244 183
244 191
244 194
244 196
244 197
244 204
244 214
244 219
244 228
244 230
244 237
244 240
245 7
245 9
245 12
245 14
245 15
245 22
245 24
245 32
245 33
245 36
245 41
245 42
245 44
245 46
245 50
245 57
245 62
245 63
245 71
245 72
245 74
245 75
245 76
245 78
245 84
245 86
245 88
245 97
245 100
245 113
245 117
245 125
245 129
245 146
245 147
245 148
245 153
245 161
245 167
245 173
245 174
245 180
245 184
245 191
245 201
245 205
245 208
245 214
245 220
245 225
245 229
245 234
245 237
245 238
245 242
245 244
245 247
246 7
246 10
246 13
246 15
246 25
246 30
246 32
246 34
246 36
246 48
246 49
246 51
246 62
246 63
246 73
246 77
246 81
246 82
246 84
246 85
246 86
246 95
246 104
246 113
246 115
246 118
246 125
246 133
246 141
246 145
246 149
246 178
246 179
246 182
246 185
246 188
246 189
246 199
246 201
246 205
246 208
246 212
246 215
246 220
246 228
246 233
246 236
246 239
246 240
246 242
247 2
247 3
247 5
247 11
247 13
247 14
247 17
247 18
247 22
247 23
247 24
247 26
247 27
247 28
247 31
247 42
247 43
247 45
247 56
247 60
247 70
247 74
247 76
247 86
247 87
247 94
247 104
247 105
247 110
247 114
247 120
247 128
247 132
247 136
247 137
247 140
247 148
247 155
247 158
247 159
247 167
247 172
247 179
247 180
247 185
247 187
247 191
247 197
247 198
247 199
247 203
247 215
247 225
247 235
247 239
247 246
248 0
248 10
248 12
248 15
248 20
248 29
248 32
248 44
248 47
248 53
248 55
248 61
248 63
248 65
248 67
248 70
248 79
248 90
248 94
248 97
248 103
248 105
248 106
248 112
248 113
248 116
248 119
248 121
248 138
248 160
248 165
248 175
248 176
248 180
248 188
248 194
248 195
248 198
248 202
248 218
248 220
248 225
248 232
248 234
248 239
248 242
249 4
249 10
249 13
249 20
249 22
249 36
249 37
249 48
249 49
249 50
249 57
249 60
249 62
249 67
249 70
249 71
249 72
249 76
249 83
249 85
249 87
249 91
249 93
249 94
249 104
249 105
249 107
249 112
249 120
249 121
249 127
249 130
249 133
249 137
249 144
249 145
249 158
249 161
249 177
249 184
249 186
249 190
249 191
249 196
249 204
249 210
249 220
249 227
249 229
249 230
249 245
249 247
