90
0 11
0 15
0 17
0 19
0 22
0 24
0 43
0 50
0 58
0 70
0 74
0 75
0 80
0 82
0 83
0 88
1 2
1 3
1 4
1 14
1 25
1 29
1 46
1 52
1 53
1 54
1 66
1 68
1 69
1 74
1 78
1 79
1 80
1 86
2 0
2 1
2 4
2 13
2 18
2 25
2 27
2 29
2 30
2 32
2 36
2 44
2 52
2 54
2 58
2 63
2 66
2 67
2 77
2 80
2 83
2 88
3 12
3 14
3 15
3 19
3 27
3 31
3 46
3 52
3 56
3 65
3 71
3 79
3 85
3 86
3 89
4 7
4 15
4 16
4 18
4 25
4 32
4 39
4 45
4 51
4 57
4 62
4 71
4 72
4 77
4 78
5 2
5 6
5 17
5 22
5 27
5 29
5 36
5 39
5 41
5 43
5 44
5 46
5 57
5 65
5 75
5 83
5 85
6 7
6 11
6 12
6 14
6 15
6 45
6 47
6 48
6 49
6 54
6 59
6 66
6 79
6 82
6 84
7 13
7 14
7 15
7 16
7 19
7 28
7 33
7 44
7 47
7 58
7 61
7 70
7 76
7 82
7 84
8 4
8 5
8 10
8 12
8 13
8 18
8 30
8 34
8 39
8 57
8 73
8 76
8 83
8 84
8 85
9 3
9 8
9 27
9 28
9 29
9 33
9 40
9 42
9 44
9 47
9 53
9 58
9 64
9 68
9 69
9 77
9 81
9 85
9 86
10 1
10 2
10 4
10 13
10 19
10 20
10 23
10 26
10 42
10 63
10 66
10 68
10 79
10 86
11 0
11 2
11 12
11 17
11 22
11 27
11 28
11 37
11 38
11 39
11 44
11 46
11 47
11 48
11 49
11 54
11 59
11 64
11 69
11 73
11 74
11 82
12 10
12 11
12 14
12 15
12 18
12 20
12 21
12 23
12 29
12 32
12 35
12 36
12 37
12 40
12 42
12 52
12 61
12 76
12 81
13 4
13 6
13 10
13 15
13 19
13 24
13 26
13 35
13 40
13 41
13 47
13 52
13 53
13 54
13 57
13 58
13 59
13 62
13 65
13 75
13 81
13 82
13 84
13 85
14 4
14 8
14 13
14 20
14 21
14 29
14 50
14 55
14 63
14 71
14 73
15 10
15 11
15 23
15 27
15 28
15 29
15 31
15 44
15 50
15 52
15 55
15 60
15 65
15 67
15 79
15 80
16 0
16 4
16 7
16 22
16 25
16 31
16 33
16 35
16 37
16 45
16 47
16 48
16 51
16 56
16 65
16 66
16 67
16 72
16 75
16 79
16 80
16 82
17 1
17 28
17 29
17 37
17 48
17 50
17 55
17 57
17 68
17 72
17 77
17 81
17 83
17 84
18 4
18 8
18 10
18 13
18 22
18 23
18 24
18 34
18 41
18 42
18 47
18 48
18 49
18 59
18 65
18 69
18 72
18 73
18 78
18 79
18 80
18 86
18 87
19 4
19 8
19 12
19 15
19 21
19 22
19 23
19 28
19 29
19 31
19 41
19 42
19 47
19 53
19 65
19 67
19 77
19 78
19 86
20 2
20 4
20 6
20 16
20 40
20 44
20 46
20 52
20 61
20 64
20 70
20 76
20 79
20 85
20 88
21 2
21 3
21 8
21 9
21 12
21 14
21 15
21 18
21 22
21 26
21 28
21 32
21 35
21 41
21 44
21 46
21 49
21 50
21 51
21 54
21 55
21 58
21 59
21 69
21 70
21 78
21 81
21 84
22 4
22 7
22 8
22 14
22 18
22 19
22 21
22 31
22 33
22 39
22 52
22 56
22 60
22 65
22 76
22 80
22 84
22 88
23 2
23 12
23 42
23 44
23 48
23 52
23 57
23 67
23 68
23 73
23 77
23 80
23 87
24 13
24 14
24 18
24 19
24 22
24 28
24 42
24 48
24 54
24 65
24 77
24 78
24 79
25 7
25 24
25 28
25 30
25 31
25 32
25 44
25 46
25 47
25 50
25 62
25 70
25 77
25 83
25 86
26 0
26 1
26 7
26 23
26 25
26 32
26 36
26 44
26 46
26 47
26 53
26 54
26 58
26 65
26 66
26 75
26 78
26 85
26 87
27 7
27 10
27 11
27 33
27 42
27 44
27 48
27 52
27 58
27 59
27 60
27 63
27 66
27 67
27 74
27 75
27 76
27 86
28 2
28 4
28 6
28 18
28 24
28 31
28 32
28 33
28 34
28 35
28 41
28 51
28 69
28 71
28 79
28 83
29 4
29 27
29 34
29 35
29 36
29 46
29 51
29 55
29 56
29 57
29 58
29 65
29 67
29 76
30 6
30 9
30 14
30 25
30 26
30 27
30 28
30 51
30 79
30 84
31 5
31 15
31 22
31 23
31 27
31 29
31 40
31 45
31 47
31 51
31 61
31 64
31 66
31 78
31 79
31 81
31 86
32 0
32 3
32 6
32 10
32 13
32 22
32 23
32 26
32 27
32 35
32 36
32 43
32 48
32 55
32 58
32 65
32 67
32 71
32 72
32 75
33 5
33 9
33 18
33 23
33 30
33 32
33 36
33 37
33 39
33 44
33 45
33 46
33 47
33 52
33 53
33 54
33 56
33 61
33 64
33 66
33 68
33 69
33 75
33 82
34 0
34 5
34 6
34 13
34 22
34 33
34 42
34 49
34 59
34 60
34 63
34 72
34 73
34 75
34 82
34 89
35 1
35 4
35 5
35 7
35 8
35 25
35 44
35 47
35 51
35 52
35 53
35 64
35 69
35 73
35 80
35 81
35 85
35 87
35 89
36 1
36 2
36 3
36 4
36 9
36 13
36 19
36 20
36 25
36 26
36 29
36 30
36 31
36 34
36 37
36 44
36 48
36 59
36 60
36 62
36 63
36 82
36 83
37 1
37 2
37 12
37 15
37 22
37 24
37 36
37 46
37 47
37 51
37 62
37 67
37 71
37 72
37 76
37 84
37 89
38 1
38 3
38 12
38 13
38 17
38 21
38 23
38 25
38 34
38 40
38 41
38 43
38 46
38 48
38 51
38 53
38 56
38 60
38 67
38 72
38 73
38 81
38 82
39 2
39 5
39 11
39 33
39 37
39 38
39 50
39 54
39 74
39 75
39 76
39 89
40 1
40 2
40 12
40 17
40 21
40 26
40 42
40 49
40 54
40 65
40 73
40 75
41 2
41 7
41 8
41 22
41 24
41 32
41 44
41 46
41 49
41 51
41 55
42 0
42 2
42 7
42 11
42 18
42 22
42 23
42 33
42 35
42 37
42 38
42 45
42 53
42 55
42 59
42 67
42 82
42 83
42 84
42 85
42 87
42 88
43 6
43 7
43 11
43 25
43 39
43 40
43 46
43 54
43 63
43 77
43 88
44 0
44 8
44 11
44 15
44 33
44 41
44 42
44 48
44 51
44 54
44 56
44 59
44 69
44 74
44 75
44 80
44 81
44 84
44 88
45 1
45 4
45 14
45 18
45 21
45 22
45 25
45 39
45 44
45 47
45 51
45 52
45 57
45 58
45 79
45 80
45 84
45 86
46 0
46 5
46 13
46 16
46 25
46 39
46 41
46 43
46 52
46 53
46 57
46 58
46 62
46 64
46 68
46 73
46 75
46 78
47 3
47 5
47 11
47 19
47 32
47 33
47 40
47 57
47 60
47 66
47 76
47 86
47 88
48 7
48 11
48 12
48 20
48 22
48 24
48 27
48 28
48 31
48 39
48 42
48 46
48 49
48 54
48 55
48 56
48 60
48 69
48 78
48 80
48 87
48 88
48 89
49 2
49 11
49 16
49 30
49 32
49 33
49 35
49 38
49 39
49 40
49 44
49 48
49 55
49 58
49 59
49 63
49 66
49 70
49 75
49 76
49 80
49 84
49 86
50 1
50 5
50 7
50 11
50 13
50 21
50 24
50 28
50 29
50 33
50 35
50 36
50 39
50 41
50 46
50 48
50 53
50 58
50 62
50 75
50 81
50 84
50 88
51 2
51 7
51 8
51 11
51 15
51 24
51 26
51 32
51 36
51 53
51 69
51 72
51 73
51 78
51 81
52 1
52 3
52 8
52 11
52 26
52 29
52 34
52 43
52 47
52 49
52 57
52 64
52 75
52 81
52 82
52 86
52 87
53 13
53 16
53 19
53 20
53 35
53 39
53 42
53 49
53 50
53 57
53 61
53 62
53 63
53 70
53 71
53 75
53 76
53 83
53 86
54 8
54 12
54 20
54 21
54 22
54 24
54 33
54 34
54 52
54 55
54 58
54 72
54 73
54 76
54 85
54 86
55 2
55 5
55 24
55 25
55 29
55 33
55 38
55 40
55 44
55 45
55 53
55 65
55 71
55 76
55 80
55 81
55 85
55 87
56 8
56 13
56 15
56 17
56 18
56 19
56 23
56 29
56 32
56 35
56 36
56 37
56 41
56 57
56 58
56 62
56 74
56 76
57 13
57 17
57 21
57 29
57 36
57 50
57 54
57 64
57 78
57 79
58 1
58 2
58 3
58 6
58 7
58 19
58 21
58 24
58 32
58 35
58 40
58 49
58 52
58 53
58 55
58 60
58 69
58 70
58 88
59 1
59 9
59 27
59 32
59 33
59 39
59 46
59 47
59 50
59 53
59 55
59 63
59 68
59 69
59 70
59 72
59 74
59 78
59 85
59 89
60 2
60 6
60 7
60 9
60 25
60 29
60 35
60 46
60 47
60 51
60 53
60 55
60 56
60 62
60 68
60 74
60 85
61 2
61 5
61 9
61 10
61 11
61 21
61 24
61 25
61 26
61 39
61 42
61 43
61 48
61 60
61 65
61 70
61 78
61 79
61 89
62 2
62 4
62 19
62 22
62 25
62 27
62 36
62 37
62 40
62 46
62 47
62 53
62 54
62 58
62 68
62 76
62 81
63 7
63 11
63 13
63 21
63 23
63 28
63 45
63 46
63 48
63 55
63 57
63 58
63 72
63 73
63 74
63 78
64 1
64 8
64 14
64 15
64 17
64 21
64 22
64 26
64 29
64 34
64 41
64 44
64 49
64 53
64 56
64 59
64 60
64 68
64 71
64 74
64 82
64 84
64 85
64 87
65 0
65 2
65 5
65 6
65 7
65 19
65 20
65 24
65 25
65 33
65 58
65 63
65 68
66 4
66 6
66 12
66 19
66 20
66 35
66 40
66 49
66 51
66 55
66 57
66 61
66 65
66 72
66 75
66 77
66 78
66 82
67 1
67 3
67 9
67 11
67 13
67 16
67 21
67 23
67 27
67 36
67 37
67 38
67 39
67 45
67 49
67 54
67 68
67 71
67 77
67 79
67 81
68 3
68 4
68 10
68 11
68 12
68 16
68 23
68 25
68 29
68 33
68 61
68 66
68 69
68 78
68 81
68 86
69 2
69 18
69 22
69 23
69 25
69 28
69 30
69 31
69 37
69 38
69 41
69 50
69 57
69 58
69 64
69 70
69 78
70 0
70 1
70 2
70 4
70 6
70 8
70 12
70 16
70 29
70 33
70 34
70 41
70 49
70 52
70 61
70 63
70 72
70 77
70 83
70 86
71 0
71 2
71 11
71 21
71 24
71 32
71 34
71 39
71 40
71 43
71 47
71 48
71 49
71 66
71 70
71 79
71 80
71 81
71 88
71 89
72 1
72 5
72 6
72 7
72 8
72 14
72 17
72 24
72 37
72 38
72 41
72 44
72 49
72 50
72 51
72 53
72 57
72 58
72 71
72 78
72 80
72 81
72 82
73 6
73 7
73 17
73 18
73 20
73 22
73 26
73 35
73 44
73 55
73 57
73 63
73 65
73 67
73 81
73 84
74 2
74 6
74 7
74 10
74 13
74 15
74 17
74 19
74 24
74 26
74 27
74 31
74 41
74 42
74 52
74 56
74 58
74 61
74 62
74 66
74 71
74 80
74 83
74 84
75 3
75 14
75 20
75 22
75 24
75 40
75 43
75 55
75 59
75 61
75 63
75 64
75 68
75 83
75 89
76 0
76 3
76 4
76 10
76 15
76 16
76 18
76 21
76 23
76 25
76 28
76 32
76 34
76 43
76 46
76 51
76 57
76 58
76 67
76 68
76 73
77 9
77 11
77 13
77 22
77 30
77 45
77 56
77 61
77 63
77 64
77 72
77 73
77 74
77 87
78 3
78 6
78 11
78 12
78 19
78 24
78 27
78 30
78 31
78 33
78 36
78 38
78 48
78 57
78 58
78 68
78 70
78 72
78 76
78 84
78 86
78 87
79 14
79 17
79 45
79 46
79 49
79 58
79 71
79 74
79 85
79 88
80 0
80 6
80 7
80 11
80 13
80 15
80 24
80 28
80 29
80 38
80 49
80 57
80 63
80 72
80 76
80 87
81 5
81 7
81 18
81 19
81 20
81 24
81 30
81 35
81 37
81 39
81 40
81 43
81 44
81 59
81 62
81 69
81 73
81 76
81 84
81 86
82 2
82 11
82 16
82 19
82 23
82 24
82 28
82 41
82 42
82 52
82 58
82 75
82 81
83 4
83 23
83 34
83 36
83 39
83 46
83 49
83 51
83 52
83 74
83 79
83 88
84 1
84 4
84 7
84 8
84 11
84 16
84 17
84 21
84 29
84 33
84 38
84 40
84 41
84 45
84 46
84 47
84 54
84 55
84 56
84 57
84 69
84 71
84 81
84 87
85 1
85 4
85 9
85 14
85 15
85 18
85 26
85 45
85 54
85 58
85 68
85 71
85 72
85 81
85 87
85 88
86 2
86 6
86 11
86 12
86 17
86 25
86 34
86 47
86 49
86 53
86 55
86 64
86 70
86 73
86 76
86 78
86 81
86 85
86 89
87 0
87 1
87 2
87 5
87 6
87 7
87 13
87 17
87 26
87 31
87 33
87 35
87 41
87 45
87 48
87 49
87 60
87 62
87 74
87 79
87 82
88 2
88 5
88 18
88 19
88 21
88 24
88 27
88 34
88 44
88 51
88 52
88 55
88 69
88 70
88 71
88 83
88 86
89 2
89 3
89 9
89 29
89 32
89 34
89 35
89 39
89 46
89 51
89 60
89 61
89 70
