235
0 4
0 8
0 9
0 11
0 13
0 18
0 24
0 25
0 36
0 56
0 60
0 75
0 76
0 80
0 90
0 99
0 100
0 104
0 113
0 132
0 136
0 138
0 146
0 147
0 153
0 162
0 165
0 170
0 177
0 179
0 180
0 185
0 191
0 199
0 203
0 206
0 220
0 225
0 230
0 233
1 0
1 4
1 5
1 16
1 17
1 68
1 69
1 71
1 76
1 80
1 86
1 89
1 97
1 102
1 103
1 112
1 113
1 129
1 131
1 143
1 152
1 158
1 162
1 169
1 174
1 194
1 202
1 203
1 211
1 212
1 221
1 229
2 7
2 14
2 21
2 22
2 29
2 30
2 33
2 36
2 57
2 58
2 64
2 70
2 71
2 73
2 77
2 80
2 85
2 86
2 87
2 92
2 101
2 109
2 118
2 123
2 125
2 126
2 130
2 148
2 155
2 158
2 168
2 176
2 179
2 185
2 188
2 200
2 201
2 205
2 207
2 215
2 226
2 229
2 231
2 233
3 10
3 12
3 27
3 30
3 45
3 68
3 71
3 72
3 76
3 78
3 83
3 84
3 108
3 112
3 114
3 115
3 119
3 139
3 140
3 144
3 146
3 149
3 151
3 154
3 158
3 165
3 171
3 175
3 178
3 183
3 184
3 190
3 194
3 197
3 199
3 202
3 204
3 205
3 215
3 219
3 220
3 221
3 222
3 227
3 232
3 233
4 3
4 9
4 15
4 18
4 21
4 22
4 31
4 36
4 50
4 54
4 55
4 57
4 63
4 66
4 67
4 68
4 74
4 83
4 84
4 85
4 86
4 87
4 92
4 111
4 119
4 135
4 137
4 142
4 150
4 156
4 166
4 167
4 171
4 181
4 183
4 184
4 185
4 186
4 187
4 193
4 201
4 202
4 216
4 217
4 221
4 226
5 0
5 4
5 6
5 15
5 29
5 32
5 39
5 46
5 50
5 60
5 70
5 80
5 85
5 95
5 96
5 97
5 100
5 101
5 110
5 111
5 117
5 118
5 121
5 123
5 127
5 130
5 136
5 139
5 140
5 147
5 150
5 153
5 158
5 163
5 164
5 178
5 183
5 184
5 192
5 199
5 207
5 215
5 216
5 217
5 223
6 2
6 7
6 8
6 10
6 11
6 12
6 19
6 33
6 34
6 36
6 38
6 40
6 41
6 54
6 55
6 58
6 62
6 74
6 75
6 86
6 87
6 94
6 100
6 101
6 113
6 116
6 118
6 123
6 135
6 137
6 138
6 141
6 152
6 154
6 163
6 172
6 173
6 174
6 175
6 177
6 188
6 193
6 197
6 203
6 208
6 213
6 219
6 222
6 230
6 232
7 8
7 12
7 14
7 18
7 33
7 36
7 38
7 40
7 49
7 58
7 71
7 77
7 83
7 88
7 92
7 93
7 98
7 101
7 103
7 117
7 118
7 130
7 137
7 141
7 150
7 155
7 156
7 159
7 167
7 171
7 174
7 209
7 217
7 219
7 222
7 233
7 234
8 3
8 18
8 19
8 24
8 29
8 31
8 41
8 44
8 46
8 50
8 52
8 57
8 59
8 62
8 71
8 72
8 78
8 80
8 87
8 90
8 104
8 105
8 110
8 112
8 113
8 114
8 117
8 121
8 122
8 130
8 133
8 138
8 146
8 149
8 153
8 162
8 168
8 169
8 172
8 175
8 186
8 205
8 209
8 210
8 213
8 216
8 219
8 223
8 228
8 232
9 1
9 6
9 10
9 29
9 36
9 44
9 54
9 56
9 59
9 60
9 63
9 65
9 66
9 80
9 84
9 96
9 101
9 110
9 112
9 114
9 116
9 120
9 127
9 129
9 133
9 139
9 142
9 145
9 147
9 152
9 167
9 168
9 171
9 185
9 189
9 192
9 198
9 200
9 214
9 219
9 222
9 223
9 227
9 231
9 232
9 233
10 8
10 12
10 13
10 18
10 22
10 31
10 43
10 47
10 52
10 53
10 57
10 59
10 60
10 71
10 75
10 76
10 78
10 82
10 90
10 92
10 118
10 119
10 120
10 133
10 135
10 143
10 144
10 145
10 148
10 149
10 155
10 173
10 178
10 194
10 198
10 200
10 217
11 13
11 15
11 16
11 19
11 26
11 27
11 33
11 35
11 37
11 47
11 58
11 59
11 63
11 71
11 75
11 76
11 104
11 107
11 116
11 129
11 145
11 149
11 155
11 161
11 164
11 165
11 169
11 170
11 179
11 182
11 191
11 195
11 203
11 204
11 207
11 208
11 209
11 216
11 220
11 225
11 227
11 231
12 1
12 2
12 18
12 22
12 27
12 28
12 31
12 32
12 33
12 45
12 49
12 55
12 59
12 61
12 79
12 80
12 83
12 84
12 90
12 105
12 119
12 128
12 151
12 152
12 153
12 158
12 163
12 185
12 186
12 187
12 190
12 212
12 213
12 215
12 216
12 218
12 219
12 225
12 231
13 1
13 4
13 10
13 11
13 33
13 34
13 45
13 49
13 58
13 59
13 61
13 70
13 74
13 76
13 80
13 85
13 86
13 93
13 99
13 104
13 107
13 112
13 114
13 119
13 120
13 121
13 135
13 139
13 140
13 143
13 144
13 151
13 152
13 154
13 161
13 166
13 168
13 172
13 178
13 180
13 187
13 198
13 200
13 206
13 214
13 215
13 227
13 233
14 8
14 10
14 17
14 19
14 20
14 30
14 31
14 33
14 34
14 42
14 43
14 50
14 51
14 53
14 59
14 65
14 66
14 74
14 75
14 79
14 80
14 85
14 91
14 96
14 113
14 115
14 116
14 119
14 120
14 125
14 137
14 141
14 156
14 159
14 161
14 162
14 163
14 169
14 180
14 188
14 191
14 194
14 198
14 199
14 218
14 221
14 223
14 225
15 1
15 2
15 12
15 24
15 29
15 33
15 39
15 45
15 52
15 54
15 58
15 60
15 63
15 71
15 75
15 84
15 87
15 105
15 107
15 115
15 120
15 122
15 125
15 134
15 141
15 143
15 152
15 153
15 154
15 159
15 162
15 164
15 165
15 172
15 174
15 175
15 181
15 189
15 191
15 192
15 197
15 199
15 201
15 203
15 204
15 206
15 215
15 223
15 232
16 1
16 4
16 10
16 13
16 17
16 19
16 24
16 29
16 30
16 37
16 39
16 42
16 43
16 44
16 48
16 59
16 61
16 66
16 70
16 81
16 82
16 91
16 93
16 97
16 105
16 109
16 111
16 113
16 120
16 126
16 134
16 138
16 142
16 145
16 152
16 158
16 168
16 171
16 174
16 177
16 182
16 188
16 199
16 200
16 207
16 210
16 213
16 221
16 231
17 5
17 13
17 30
17 32
17 33
17 37
17 39
17 46
17 47
17 52
17 53
17 54
17 56
17 66
17 71
17 73
17 80
17 82
17 85
17 86
17 87
17 90
17 107
17 118
17 121
17 123
17 130
17 137
17 139
17 145
17 146
17 147
17 166
17 179
17 184
17 190
17 214
17 216
17 219
17 226
17 227
18 0
18 2
18 6
18 7
18 10
18 12
18 14
18 16
18 29
18 37
18 43
18 51
18 60
18 66
18 67
18 69
18 72
18 98
18 99
18 101
18 105
18 107
18 115
18 118
18 122
18 124
18 143
18 145
18 147
18 161
18 163
18 169
18 174
18 189
18 190
18 201
18 202
18 203
18 206
18 213
18 226
18 228
18 232
19 0
19 1
19 2
19 4
19 7
19 12
19 14
19 22
19 26
19 41
19 50
19 51
19 53
19 58
19 62
19 67
19 69
19 74
19 75
19 82
19 84
19 93
19 94
19 95
19 97
19 98
19 111
19 118
19 122
19 123
19 125
19 136
19 137
19 138
19 141
19 143
19 147
19 149
19 156
19 157
19 162
19 179
19 181
19 185
19 188
19 190
19 191
19 192
19 198
19 205
19 207
19 212
19 218
19 223
19 229
20 2
20 4
20 6
20 8
20 15
20 24
20 29
20 32
20 33
20 37
20 42
20 47
20 49
20 56
20 59
20 63
20 73
20 75
20 76
20 80
20 82
20 84
20 97
20 103
20 108
20 119
20 120
20 123
20 126
20 136
20 148
20 158
20 161
20 164
20 171
20 177
20 180
20 185
20 190
20 202
20 216
20 221
20 229
21 6
21 12
21 14
21 16
21 26
21 27
21 28
21 29
21 30
21 33
21 37
21 41
21 44
21 48
21 49
21 56
21 59
21 60
21 61
21 65
21 71
21 73
21 74
21 76
21 80
21 86
21 91
21 109
21 110
21 114
21 115
21 120
21 121
21 130
21 131
21 133
21 140
21 150
21 155
21 160
21 170
21 181
21 185
21 193
21 203
21 209
21 221
21 223
21 228
21 230
22 2
22 7
22 11
22 18
22 20
22 23
22 31
22 33
22 37
22 41
22 54
22 55
22 58
22 59
22 62
22 63
22 73
22 74
22 78
22 81
22 98
22 102
22 113
22 114
22 117
22 119
22 121
22 127
22 131
22 132
22 139
22 142
22 148
22 163
22 164
22 172
22 182
22 188
22 190
22 196
22 198
22 200
22 207
22 209
22 214
22 215
22 219
22 220
22 224
22 233
23 2
23 9
23 10
23 14
23 24
23 27
23 32
23 42
23 44
23 50
23 55
23 60
23 62
23 64
23 67
23 68
23 71
23 75
23 80
23 82
23 87
23 91
23 94
23 111
23 123
23 124
23 126
23 131
23 157
23 164
23 170
23 172
23 187
23 201
23 205
23 215
23 217
23 218
23 228
23 229
23 230
23 232
23 233
24 0
24 3
24 7
24 12
24 17
24 19
24 23
24 27
24 30
24 32
24 36
24 41
24 60
24 64
24 66
24 70
24 74
24 75
24 90
24 101
24 104
24 119
24 129
24 131
24 135
24 149
24 154
24 157
24 163
24 168
24 171
24 174
24 175
24 177
24 180
24 181
24 184
24 185
24 187
24 189
24 194
24 205
24 208
24 209
24 213
24 217
24 218
24 219
24 220
24 227
25 1
25 2
25 3
25 5
25 8
25 24
25 29
25 34
25 39
25 41
25 43
25 47
25 49
25 50
25 53
25 54
25 56
25 57
25 64
25 65
25 79
25 82
25 83
25 89
25 91
25 106
25 107
25 108
25 109
25 117
25 125
25 127
25 129
25 138
25 148
25 154
25 155
25 160
25 163
25 170
25 172
25 177
25 182
25 189
25 192
25 194
25 195
25 197
25 199
25 201
25 205
25 215
25 217
25 219
25 220
25 226
25 227
26 3
26 8
26 12
26 13
26 15
26 20
26 31
26 34
26 41
26 42
26 43
26 45
26 47
26 53
26 55
26 66
26 76
26 79
26 83
26 84
26 87
26 91
26 96
26 99
26 101
26 113
26 121
26 124
26 127
26 135
26 140
26 143
26 148
26 149
26 152
26 154
26 157
26 163
26 165
26 166
26 167
26 182
26 197
26 199
26 202
26 209
26 211
26 227
26 230
26 233
27 3
27 11
27 25
27 32
27 43
27 44
27 46
27 47
27 48
27 49
27 50
27 63
27 65
27 66
27 68
27 87
27 93
27 105
27 110
27 113
27 117
27 122
27 123
27 137
27 139
27 156
27 165
27 168
27 176
27 194
27 205
27 208
27 209
27 213
27 221
27 222
27 226
28 5
28 8
28 13
28 15
28 16
28 17
28 18
28 21
28 35
28 45
28 55
28 71
28 75
28 82
28 88
28 103
28 105
28 106
28 108
28 111
28 122
28 128
28 132
28 138
28 141
28 145
28 153
28 163
28 164
28 168
28 172
28 173
28 187
28 188
28 196
28 198
28 202
28 206
28 210
28 211
28 215
28 218
28 219
28 223
28 229
28 232
29 15
29 23
29 27
29 36
29 37
29 43
29 48
29 51
29 54
29 55
29 56
29 63
29 67
29 68
29 70
29 74
29 75
29 77
29 82
29 87
29 89
29 90
29 91
29 94
29 95
29 103
29 105
29 107
29 115
29 128
29 131
29 135
29 142
29 144
29 148
29 153
29 156
29 161
29 162
29 165
29 175
29 181
29 183
29 189
29 205
29 210
29 217
29 219
29 226
30 3
30 4
30 5
30 6
30 13
30 19
30 25
30 29
30 34
30 45
30 51
30 53
30 64
30 65
30 69
30 71
30 83
30 87
30 97
30 102
30 106
30 115
30 120
30 124
30 125
30 131
30 135
30 138
30 145
30 147
30 149
30 150
30 154
30 156
30 157
30 162
30 175
30 180
30 185
30 209
30 216
30 217
30 234
31 0
31 2
31 8
31 18
31 39
31 40
31 44
31 49
31 59
31 60
31 68
31 75
31 82
31 88
31 90
31 92
31 95
31 100
31 101
31 104
31 114
31 122
31 128
31 129
31 139
31 170
31 171
31 178
31 179
31 185
31 190
31 197
31 198
31 202
31 208
31 210
31 219
31 223
31 226
31 234
32 6
32 14
32 15
32 31
32 33
32 37
32 49
32 55
32 69
32 71
32 73
32 75
32 76
32 80
32 85
32 87
32 92
32 98
32 110
32 119
32 125
32 131
32 132
32 133
32 136
32 139
32 143
32 145
32 146
32 150
32 151
32 156
32 159
32 173
32 175
32 184
32 186
32 188
32 196
32 197
32 199
32 202
32 203
32 212
32 217
32 229
32 230
32 231
32 234
33 2
33 5
33 12
33 23
33 24
33 30
33 37
33 42
33 45
33 46
33 48
33 50
33 53
33 57
33 60
33 71
33 72
33 78
33 82
33 90
33 96
33 103
33 111
33 113
33 116
33 121
33 122
33 128
33 132
33 140
33 148
33 155
33 160
33 164
33 169
33 172
33 175
33 180
33 190
33 200
33 203
33 207
33 208
33 212
33 215
33 217
33 218
33 226
34 4
34 9
34 16
34 18
34 20
34 23
34 29
34 49
34 51
34 54
34 55
34 63
34 68
34 74
34 82
34 87
34 88
34 89
34 93
34 97
34 98
34 102
34 105
34 111
34 113
34 115
34 117
34 122
34 128
34 138
34 149
34 157
34 159
34 166
34 167
34 168
34 170
34 173
34 181
34 184
34 192
34 196
34 198
34 199
34 200
34 206
34 211
34 214
34 219
34 222
34 224
34 225
35 6
35 13
35 18
35 20
35 23
35 25
35 29
35 37
35 40
35 46
35 52
35 55
35 57
35 74
35 76
35 80
35 81
35 83
35 89
35 94
35 96
35 101
35 108
35 114
35 117
35 126
35 127
35 138
35 139
35 144
35 153
35 154
35 157
35 158
35 170
35 171
35 172
35 173
35 175
35 176
35 178
35 182
35 184
35 186
35 187
35 189
35 191
35 192
35 193
35 200
35 208
35 212
35 213
35 216
35 227
36 3
36 7
36 8
36 14
36 19
36 22
36 30
36 33
36 34
36 35
36 40
36 44
36 52
36 53
36 55
36 61
36 62
36 64
36 68
36 72
36 77
36 89
36 96
36 100
36 106
36 108
36 110
36 117
36 121
36 123
36 124
36 129
36 131
36 132
36 136
36 137
36 138
36 141
36 146
36 154
36 165
36 167
36 169
36 174
36 177
36 178
36 181
36 185
36 187
36 200
36 208
36 213
36 214
36 218
36 220
36 221
36 233
37 2
37 12
37 17
37 18
37 20
37 31
37 35
37 41
37 52
37 73
37 81
37 86
37 91
37 93
37 97
37 98
37 111
37 128
37 129
37 137
37 153
37 154
37 162
37 166
37 170
37 175
37 181
37 190
37 193
37 195
37 198
37 201
37 205
37 212
37 218
37 222
37 224
37 226
37 230
37 234
38 3
38 4
38 15
38 22
38 33
38 34
38 45
38 47
38 50
38 57
38 63
38 64
38 79
38 80
38 82
38 83
38 86
38 87
38 89
38 92
38 93
38 94
38 96
38 102
38 103
38 104
38 108
38 114
38 115
38 120
38 124
38 131
38 137
38 138
38 139
38 140
38 144
38 145
38 152
38 155
38 157
38 172
38 176
38 181
38 184
38 185
38 188
38 190
38 191
38 193
38 196
38 198
38 200
38 201
38 211
38 215
38 217
38 224
38 225
38 226
38 233
39 12
39 15
39 18
39 21
39 30
39 32
39 43
39 50
39 51
39 54
39 57
39 65
39 68
39 69
39 71
39 73
39 75
39 77
39 82
39 83
39 90
39 93
39 98
39 101
39 108
39 111
39 114
39 115
39 118
39 127
39 129
39 147
39 148
39 150
39 153
39 157
39 158
39 167
39 182
39 204
39 209
39 228
39 230
39 233
40 1
40 10
40 11
40 19
40 25
40 34
40 44
40 49
40 52
40 59
40 61
40 74
40 75
40 83
40 85
40 86
40 87
40 99
40 107
40 116
40 131
40 133
40 135
40 136
40 137
40 142
40 164
40 168
40 174
40 176
40 179
40 184
40 188
40 189
40 190
40 192
40 195
40 202
40 204
40 217
40 218
40 221
40 222
40 224
40 228
40 229
41 0
41 1
41 6
41 11
41 12
41 13
41 15
41 16
41 17
41 22
41 37
41 54
41 57
41 60
41 63
41 64
41 69
41 74
41 81
41 86
41 89
41 97
41 98
41 101
41 104
41 108
41 110
41 111
41 121
41 132
41 133
41 142
41 145
41 146
41 148
41 153
41 160
41 161
41 162
41 163
41 167
41 171
41 179
41 181
41 194
41 195
41 197
41 205
41 213
41 225
41 230
41 232
42 2
42 4
42 12
42 14
42 27
42 29
42 34
42 37
42 38
42 43
42 45
42 46
42 53
42 56
42 60
42 64
42 66
42 72
42 81
42 94
42 106
42 108
42 116
42 118
42 129
42 138
42 139
42 147
42 153
42 161
42 171
42 176
42 180
42 182
42 189
42 190
42 195
42 204
42 207
42 216
42 218
42 229
43 0
43 3
43 5
43 6
43 22
43 25
43 28
43 33
43 38
43 41
43 49
43 52
43 53
43 55
43 62
43 71
43 74
43 78
43 79
43 90
43 93
43 96
43 98
43 110
43 119
43 120
43 126
43 128
43 130
43 134
43 141
43 149
43 155
43 158
43 160
43 162
43 166
43 175
43 179
43 182
43 186
43 193
43 209
43 215
43 216
43 225
43 226
43 229
44 1
44 2
44 6
44 8
44 34
44 45
44 47
44 50
44 52
44 53
44 54
44 61
44 63
44 71
44 73
44 77
44 85
44 103
44 105
44 116
44 119
44 121
44 124
44 135
44 140
44 141
44 144
44 151
44 152
44 169
44 175
44 177
44 186
44 194
44 198
44 210
44 216
44 229
45 11
45 18
45 21
45 23
45 27
45 29
45 32
45 37
45 39
45 51
45 67
45 70
45 73
45 81
45 84
45 92
45 95
45 96
45 97
45 105
45 107
45 127
45 128
45 138
45 140
45 145
45 146
45 150
45 151
45 158
45 165
45 171
45 180
45 185
45 192
45 194
45 200
45 203
45 213
45 220
45 221
45 229
45 230
45 231
46 7
46 8
46 14
46 26
46 29
46 33
46 34
46 35
46 39
46 51
46 55
46 64
46 65
46 71
46 72
46 80
46 84
46 96
46 104
46 108
46 112
46 116
46 125
46 133
46 153
46 160
46 177
46 178
46 186
46 187
46 189
46 190
46 192
46 212
46 213
46 215
46 226
46 233
47 2
47 16
47 26
47 29
47 30
47 34
47 44
47 70
47 76
47 81
47 88
47 94
47 125
47 127
47 129
47 137
47 139
47 143
47 152
47 159
47 170
47 172
47 178
47 181
47 189
47 190
47 202
47 222
47 228
47 231
47 232
47 234
48 1
48 5
48 7
48 16
48 24
48 27
48 29
48 35
48 37
48 40
48 49
48 59
48 63
48 75
48 77
48 79
48 82
48 102
48 108
48 109
48 110
48 114
48 115
48 121
48 127
48 128
48 131
48 136
48 141
48 143
48 157
48 172
48 180
48 182
48 192
48 199
48 218
48 231
49 4
49 23
49 28
49 34
49 37
49 42
49 45
49 51
49 60
49 67
49 71
49 80
49 87
49 95
49 106
49 107
49 110
49 112
49 117
49 118
49 126
49 130
49 141
49 143
49 151
49 154
49 169
49 174
49 175
49 180
49 188
49 189
49 192
49 205
49 210
49 213
49 221
49 223
49 224
49 231
49 232
50 3
50 13
50 16
50 18
50 25
50 32
50 42
50 49
50 52
50 64
50 70
50 73
50 80
50 82
50 87
50 94
50 102
50 104
50 105
50 106
50 107
50 109
50 113
50 122
50 130
50 132
50 136
50 141
50 145
50 147
50 151
50 167
50 169
50 180
50 185
50 186
50 206
50 211
50 214
50 229
50 232
51 1
51 6
51 10
51 24
51 28
51 33
51 34
51 36
51 38
51 40
51 43
51 55
51 67
51 76
51 79
51 88
51 90
51 94
51 96
51 103
51 106
51 109
51 111
51 115
51 121
51 128
51 130
51 136
51 140
51 141
51 146
51 147
51 150
51 153
51 156
51 167
51 168
51 177
51 178
51 188
51 197
51 198
51 200
51 201
51 203
51 204
51 221
51 226
51 233
52 2
52 3
52 11
52 12
52 13
52 15
52 22
52 29
52 32
52 34
52 43
52 47
52 53
52 66
52 71
52 81
52 82
52 86
52 93
52 95
52 108
52 112
52 141
52 154
52 156
52 169
52 170
52 172
52 174
52 175
52 178
52 196
52 198
52 201
52 219
52 220
53 0
53 9
53 11
53 15
53 17
53 25
53 26
53 39
53 44
53 50
53 56
53 63
53 65
53 68
53 71
53 73
53 75
53 78
53 85
53 95
53 105
53 106
53 109
53 111
53 125
53 133
53 144
53 150
53 155
53 156
53 178
53 181
53 190
53 199
53 200
53 203
53 211
53 216
53 217
53 219
53 222
53 233
53 234
54 3
54 8
54 9
54 17
54 19
54 26
54 36
54 37
54 39
54 42
54 44
54 47
54 52
54 66
54 70
54 77
54 100
54 109
54 115
54 118
54 124
54 135
54 140
54 141
54 145
54 149
54 152
54 162
54 169
54 170
54 173
54 174
54 179
54 185
54 188
54 190
54 192
54 199
54 221
54 224
54 233
55 2
55 6
55 13
55 22
55 24
55 27
55 28
55 39
55 48
55 52
55 58
55 60
55 70
55 74
55 79
55 84
55 89
55 97
55 103
55 105
55 106
55 117
55 121
55 132
55 144
55 148
55 152
55 160
55 165
55 184
55 195
55 196
55 202
55 205
55 209
55 219
55 221
55 226
55 232
56 2
56 4
56 6
56 15
56 20
56 25
56 28
56 30
56 35
56 40
56 44
56 60
56 65
56 68
56 70
56 73
56 78
56 83
56 86
56 98
56 108
56 110
56 114
56 116
56 124
56 125
56 127
56 135
56 136
56 142
56 143
56 144
56 151
56 161
56 164
56 169
56 186
56 187
56 190
56 194
56 202
56 207
56 230
57 1
57 4
57 10
57 14
57 17
57 22
57 24
57 27
57 33
57 34
57 35
57 38
57 43
57 47
57 54
57 55
57 58
57 64
57 79
57 95
57 97
57 98
57 102
57 106
57 111
57 114
57 116
57 121
57 125
57 128
57 130
57 139
57 143
57 147
57 165
57 167
57 169
57 170
57 171
57 173
57 174
57 176
57 187
57 208
57 216
57 220
57 222
57 223
58 4
58 12
58 26
58 35
58 37
58 38
58 47
58 62
58 65
58 77
58 83
58 93
58 102
58 110
58 113
58 115
58 122
58 123
58 124
58 126
58 133
58 139
58 143
58 145
58 155
58 161
58 165
58 169
58 182
58 200
58 203
58 208
58 210
58 221
58 222
58 231
59 1
59 3
59 10
59 17
59 19
59 23
59 37
59 40
59 41
59 50
59 58
59 62
59 81
59 88
59 89
59 91
59 98
59 101
59 106
59 114
59 120
59 132
59 138
59 143
59 150
59 152
59 154
59 175
59 186
59 187
59 188
59 190
59 196
59 200
59 205
59 211
59 217
59 227
59 228
60 0
60 21
60 22
60 26
60 28
60 37
60 45
60 47
60 48
60 56
60 71
60 91
60 97
60 101
60 105
60 110
60 111
60 112
60 114
60 130
60 133
60 150
60 152
60 153
60 166
60 171
60 176
60 178
60 188
60 189
60 195
60 198
60 200
60 209
60 227
61 0
61 6
61 7
61 10
61 13
61 16
61 18
61 23
61 27
61 31
61 34
61 37
61 45
61 52
61 53
61 56
61 57
61 65
61 66
61 78
61 80
61 82
61 86
61 91
61 100
61 102
61 115
61 122
61 128
61 135
61 137
61 152
61 156
61 168
61 172
61 176
61 182
61 196
61 197
61 198
61 199
61 202
61 204
61 216
61 220
62 2
62 11
62 15
62 16
62 17
62 36
62 42
62 46
62 49
62 57
62 59
62 60
62 63
62 66
62 67
62 69
62 81
62 83
62 85
62 88
62 92
62 99
62 100
62 103
62 108
62 113
62 116
62 119
62 123
62 138
62 140
62 147
62 163
62 174
62 187
62 188
62 191
62 196
62 198
62 199
62 205
62 212
62 217
62 219
62 223
62 225
62 227
62 232
63 1
63 16
63 17
63 22
63 24
63 25
63 27
63 28
63 29
63 31
63 38
63 43
63 56
63 64
63 65
63 68
63 71
63 77
63 81
63 82
63 86
63 87
63 92
63 93
63 95
63 100
63 101
63 109
63 114
63 117
63 118
63 123
63 127
63 129
63 133
63 136
63 145
63 155
63 158
63 160
63 161
63 171
63 176
63 181
63 191
63 196
63 199
63 201
63 206
63 212
63 219
63 223
63 224
63 228
64 1
64 3
64 6
64 8
64 12
64 19
64 26
64 35
64 40
64 45
64 47
64 50
64 51
64 54
64 57
64 66
64 74
64 75
64 86
64 88
64 89
64 96
64 98
64 99
64 100
64 105
64 109
64 110
64 111
64 112
64 113
64 117
64 119
64 120
64 129
64 130
64 133
64 137
64 140
64 142
64 144
64 153
64 165
64 166
64 184
64 189
64 192
64 193
64 198
64 200
64 205
64 211
64 213
64 214
64 216
64 224
64 230
65 12
65 13
65 26
65 30
65 33
65 58
65 68
65 69
65 71
65 74
65 77
65 79
65 84
65 85
65 87
65 91
65 94
65 103
65 107
65 109
65 113
65 120
65 122
65 123
65 124
65 126
65 129
65 131
65 137
65 138
65 143
65 147
65 150
65 165
65 167
65 170
65 176
65 178
65 180
65 181
65 182
65 185
65 199
65 200
65 202
65 203
65 204
65 207
65 214
65 215
65 222
65 226
65 231
65 232
65 234
66 3
66 8
66 9
66 10
66 13
66 20
66 37
66 38
66 45
66 47
66 50
66 53
66 56
66 69
66 73
66 83
66 87
66 90
66 94
66 98
66 107
66 116
66 117
66 121
66 123
66 126
66 127
66 135
66 140
66 142
66 143
66 152
66 153
66 154
66 156
66 159
66 161
66 171
66 176
66 178
66 188
66 190
66 191
66 195
66 197
66 201
66 202
66 203
66 206
66 209
66 210
66 213
66 214
66 216
66 234
67 2
67 9
67 11
67 20
67 22
67 30
67 33
67 40
67 41
67 45
67 46
67 49
67 50
67 52
67 53
67 55
67 68
67 72
67 74
67 82
67 83
67 87
67 89
67 91
67 109
67 123
67 124
67 130
67 142
67 152
67 154
67 162
67 163
67 166
67 174
67 177
67 194
67 213
67 214
67 218
67 219
67 220
67 223
67 225
67 227
67 231
67 233
67 234
68 0
68 7
68 16
68 18
68 20
68 23
68 43
68 45
68 49
68 61
68 65
68 66
68 67
68 71
68 77
68 85
68 98
68 99
68 106
68 108
68 113
68 118
68 125
68 126
68 128
68 131
68 133
68 144
68 146
68 147
68 153
68 163
68 167
68 171
68 172
68 182
68 199
68 206
68 208
68 209
68 210
68 216
68 226
68 228
68 234
69 2
69 10
69 12
69 14
69 16
69 24
69 28
69 32
69 34
69 35
69 42
69 43
69 45
69 51
69 65
69 73
69 74
69 88
69 92
69 94
69 95
69 97
69 106
69 110
69 116
69 118
69 136
69 147
69 150
69 177
69 178
69 179
69 183
69 188
69 197
69 198
69 203
69 217
69 221
70 1
70 2
70 7
70 8
70 13
70 16
70 20
70 26
70 27
70 29
70 37
70 38
70 42
70 48
70 52
70 71
70 82
70 94
70 95
70 103
70 108
70 110
70 112
70 113
70 123
70 125
70 158
70 164
70 165
70 174
70 180
70 192
70 201
70 202
70 211
70 216
70 220
70 226
70 227
70 228
71 3
71 5
71 8
71 10
71 32
71 35
71 36
71 38
71 42
71 51
71 54
71 55
71 60
71 64
71 79
71 80
71 85
71 89
71 103
71 105
71 108
71 111
71 119
71 124
71 128
71 139
71 148
71 152
71 154
71 157
71 160
71 170
71 174
71 180
71 186
71 193
71 195
71 197
71 200
71 210
71 220
71 223
71 231
72 7
72 11
72 12
72 26
72 36
72 37
72 39
72 42
72 45
72 52
72 62
72 77
72 80
72 88
72 95
72 96
72 97
72 100
72 102
72 105
72 108
72 109
72 114
72 117
72 118
72 125
72 131
72 135
72 136
72 138
72 141
72 153
72 156
72 157
72 160
72 162
72 171
72 172
72 177
72 178
72 183
72 192
72 205
72 207
72 208
72 210
72 221
73 2
73 8
73 12
73 14
73 19
73 25
73 32
73 42
73 43
73 50
73 58
73 72
73 77
73 80
73 85
73 86
73 94
73 103
73 112
73 116
73 117
73 118
73 121
73 123
73 125
73 126
73 131
73 136
73 140
73 142
73 143
73 145
73 155
73 157
73 163
73 168
73 169
73 172
73 179
73 182
73 183
73 186
73 192
73 194
73 196
73 197
73 200
73 202
73 204
73 211
73 212
73 213
73 217
73 230
73 231
74 8
74 21
74 25
74 29
74 30
74 36
74 38
74 39
74 42
74 43
74 46
74 61
74 69
74 71
74 72
74 73
74 93
74 96
74 114
74 120
74 127
74 136
74 139
74 140
74 148
74 150
74 160
74 165
74 169
74 170
74 172
74 184
74 187
74 190
74 191
74 193
74 197
74 198
74 200
74 209
74 211
74 212
74 214
74 215
74 217
74 227
75 1
75 4
75 12
75 14
75 19
75 20
75 27
75 28
75 29
75 41
75 43
75 61
75 68
75 69
75 71
75 72
75 76
75 85
75 87
75 91
75 93
75 100
75 102
75 103
75 104
75 106
75 110
75 122
75 124
75 128
75 130
75 142
75 144
75 146
75 150
75 152
75 159
75 162
75 163
75 186
75 188
75 190
75 203
75 205
75 217
75 227
75 228
75 229
76 0
76 10
76 11
76 12
76 18
76 19
76 28
76 32
76 38
76 54
76 60
76 62
76 74
76 79
76 90
76 92
76 95
76 96
76 97
76 98
76 100
76 101
76 105
76 108
76 110
76 114
76 122
76 128
76 133
76 136
76 145
76 155
76 159
76 161
76 169
76 171
76 172
76 178
76 190
76 196
76 197
76 201
76 205
76 206
76 209
76 211
76 213
76 224
76 228
76 231
76 233
77 5
77 7
77 14
77 43
77 47
77 51
77 53
77 54
77 61
77 64
77 69
77 78
77 79
77 89
77 90
77 92
77 95
77 98
77 104
77 109
77 113
77 115
77 134
77 139
77 142
77 144
77 146
77 147
77 154
77 156
77 157
77 169
77 171
77 172
77 181
77 183
77 188
77 189
77 193
77 195
77 196
77 198
77 203
77 210
77 215
77 220
77 225
77 229
77 230
78 1
78 4
78 13
78 17
78 28
78 39
78 45
78 50
78 55
78 66
78 71
78 92
78 100
78 102
78 107
78 119
78 120
78 129
78 137
78 138
78 140
78 148
78 157
78 158
78 159
78 160
78 162
78 166
78 169
78 177
78 192
78 193
78 194
78 196
78 207
78 208
78 210
78 215
78 221
78 227
79 6
79 11
79 14
79 20
79 27
79 35
79 36
79 40
79 49
79 59
79 64
79 67
79 73
79 74
79 75
79 92
79 95
79 97
79 101
79 109
79 112
79 114
79 122
79 127
79 137
79 138
79 140
79 148
79 171
79 180
79 182
79 184
79 188
79 196
79 199
79 201
79 203
79 204
79 212
79 215
79 228
79 230
79 231
79 232
80 0
80 4
80 7
80 8
80 9
80 14
80 20
80 37
80 40
80 49
80 57
80 59
80 61
80 64
80 71
80 76
80 79
80 81
80 87
80 90
80 103
80 109
80 121
80 124
80 133
80 134
80 135
80 137
80 138
80 140
80 150
80 153
80 160
80 161
80 163
80 169
80 176
80 177
80 178
80 179
80 184
80 196
80 207
80 208
80 219
80 221
81 1
81 6
81 8
81 12
81 17
81 19
81 36
81 41
81 45
81 48
81 60
81 62
81 63
81 66
81 72
81 88
81 94
81 100
81 104
81 107
81 108
81 109
81 114
81 121
81 125
81 128
81 129
81 131
81 132
81 134
81 139
81 143
81 144
81 151
81 153
81 154
81 158
81 161
81 162
81 163
81 169
81 172
81 177
81 180
81 194
81 198
81 204
81 213
81 215
81 220
81 223
82 6
82 13
82 16
82 22
82 23
82 35
82 37
82 40
82 42
82 45
82 46
82 49
82 55
82 57
82 60
82 65
82 68
82 81
82 84
82 85
82 86
82 88
82 98
82 102
82 109
82 111
82 117
82 118
82 119
82 121
82 124
82 140
82 154
82 161
82 165
82 176
82 180
82 183
82 187
82 188
82 196
82 201
82 209
82 211
82 214
82 220
82 223
82 227
82 231
83 5
83 6
83 25
83 32
83 33
83 36
83 38
83 48
83 49
83 50
83 52
83 60
83 63
83 75
83 76
83 77
83 85
83 92
83 97
83 99
83 102
83 107
83 123
83 128
83 130
83 154
83 155
83 159
83 161
83 164
83 165
83 175
83 179
83 183
83 184
83 192
83 193
83 199
83 200
83 204
83 214
83 221
83 222
83 225
83 228
83 229
83 230
83 231
84 0
84 17
84 21
84 39
84 50
84 55
84 58
84 63
84 66
84 72
84 82
84 89
84 99
84 105
84 115
84 116
84 122
84 126
84 133
84 137
84 138
84 139
84 141
84 143
84 147
84 151
84 157
84 160
84 166
84 169
84 184
84 186
84 189
84 191
84 194
84 198
84 207
84 208
84 221
84 230
84 232
85 1
85 2
85 5
85 9
85 10
85 12
85 17
85 19
85 20
85 23
85 27
85 34
85 36
85 37
85 40
85 45
85 46
85 58
85 60
85 65
85 67
85 69
85 75
85 81
85 89
85 101
85 107
85 115
85 116
85 119
85 121
85 131
85 134
85 136
85 139
85 148
85 155
85 159
85 165
85 167
85 169
85 175
85 180
85 182
85 183
85 184
85 186
85 189
85 191
85 192
85 198
85 206
85 207
85 210
85 211
85 212
85 218
85 224
85 231
85 232
85 233
86 0
86 20
86 27
86 30
86 36
86 42
86 44
86 49
86 56
86 58
86 66
86 71
86 76
86 84
86 92
86 94
86 101
86 105
86 114
86 116
86 119
86 137
86 146
86 148
86 156
86 158
86 161
86 176
86 180
86 184
86 191
86 195
86 197
86 198
86 206
86 208
86 210
86 221
86 234
87 4
87 17
87 30
87 35
87 40
87 55
87 61
87 66
87 71
87 76
87 81
87 84
87 85
87 99
87 108
87 109
87 112
87 117
87 122
87 136
87 138
87 142
87 145
87 151
87 153
87 156
87 162
87 164
87 165
87 167
87 185
87 192
87 194
87 205
87 206
87 210
87 211
87 216
87 217
87 218
87 220
87 221
87 223
87 232
88 9
88 14
88 16
88 21
88 28
88 54
88 55
88 57
88 59
88 64
88 66
88 75
88 76
88 77
88 80
88 91
88 92
88 96
88 97
88 99
88 102
88 107
88 111
88 119
88 127
88 130
88 133
88 138
88 148
88 150
88 151
88 155
88 157
88 158
88 159
88 160
88 171
88 179
88 183
88 190
88 193
88 205
88 206
88 212
88 224
89 5
89 6
89 12
89 13
89 28
89 30
89 33
89 37
89 39
89 40
89 49
89 50
89 51
89 54
89 58
89 59
89 62
89 66
89 68
89 70
89 76
89 82
89 88
89 93
89 100
89 103
89 106
89 109
89 126
89 127
89 130
89 134
89 135
89 140
89 149
89 154
89 158
89 162
89 166
89 174
89 180
89 181
89 182
89 187
89 199
89 200
89 201
89 210
89 219
89 224
89 229
89 233
90 3
90 5
90 15
90 18
90 20
90 24
90 28
90 30
90 36
90 42
90 46
90 51
90 57
90 63
90 69
90 76
90 85
90 86
90 93
90 96
90 98
90 100
90 104
90 108
90 110
90 122
90 128
90 136
90 138
90 143
90 146
90 151
90 154
90 155
90 161
90 167
90 173
90 175
90 200
90 201
90 205
90 211
90 214
90 215
90 225
90 230
90 231
90 233
91 8
91 10
91 20
91 22
91 24
91 27
91 29
91 32
91 34
91 36
91 41
91 42
91 47
91 49
91 50
91 63
91 64
91 69
91 73
91 74
91 82
91 97
91 102
91 113
91 118
91 120
91 126
91 140
91 141
91 167
91 168
91 195
91 199
91 200
91 201
91 210
91 212
91 214
91 216
91 217
91 220
91 222
91 228
91 233
92 0
92 3
92 13
92 16
92 17
92 28
92 29
92 45
92 46
92 53
92 59
92 70
92 76
92 79
92 80
92 81
92 82
92 84
92 100
92 101
92 104
92 113
92 138
92 145
92 148
92 149
92 152
92 153
92 154
92 163
92 168
92 172
92 176
92 178
92 180
92 186
92 193
92 212
92 214
92 215
92 217
92 221
92 225
92 227
92 230
93 1
93 4
93 8
93 9
93 17
93 20
93 21
93 25
93 34
93 47
93 51
93 53
93 54
93 58
93 59
93 60
93 66
93 81
93 89
93 90
93 104
93 106
93 111
93 115
93 116
93 123
93 131
93 132
93 135
93 138
93 140
93 141
93 152
93 156
93 157
93 164
93 170
93 171
93 177
93 180
93 197
93 198
93 199
93 208
93 212
93 213
93 216
93 219
93 220
93 221
93 229
93 233
94 0
94 10
94 13
94 17
94 18
94 22
94 24
94 28
94 33
94 34
94 42
94 48
94 55
94 65
94 68
94 72
94 84
94 87
94 91
94 93
94 100
94 109
94 110
94 117
94 118
94 126
94 129
94 131
94 141
94 146
94 147
94 149
94 152
94 155
94 159
94 163
94 165
94 170
94 171
94 180
94 186
94 189
94 190
94 191
94 207
94 208
94 218
94 219
94 225
94 228
94 233
94 234
95 1
95 7
95 8
95 13
95 18
95 19
95 32
95 40
95 46
95 53
95 54
95 56
95 58
95 60
95 61
95 64
95 65
95 67
95 71
95 74
95 84
95 87
95 89
95 100
95 105
95 109
95 119
95 123
95 126
95 127
95 132
95 137
95 139
95 141
95 145
95 147
95 152
95 158
95 161
95 164
95 165
95 171
95 181
95 191
95 208
95 210
95 223
95 230
95 232
95 234
96 1
96 4
96 5
96 19
96 24
96 25
96 28
96 43
96 46
96 50
96 57
96 61
96 65
96 69
96 81
96 83
96 91
96 93
96 94
96 105
96 109
96 114
96 115
96 116
96 117
96 130
96 131
96 148
96 150
96 152
96 154
96 157
96 158
96 169
96 174
96 176
96 192
96 195
96 200
96 204
96 206
96 207
96 209
96 210
96 213
96 234
97 1
97 4
97 7
97 8
97 15
97 20
97 24
97 30
97 36
97 38
97 41
97 43
97 45
97 48
97 55
97 58
97 62
97 74
97 84
97 87
97 109
97 112
97 113
97 115
97 117
97 118
97 120
97 135
97 145
97 151
97 160
97 161
97 166
97 168
97 173
97 184
97 191
97 195
97 197
97 203
97 204
97 205
97 216
97 224
97 225
97 228
97 233
98 4
98 6
98 7
98 10
98 11
98 12
98 20
98 22
98 24
98 26
98 28
98 34
98 46
98 49
98 54
98 56
98 62
98 63
98 64
98 67
98 73
98 75
98 76
98 88
98 93
98 102
98 106
98 117
98 118
98 130
98 134
98 138
98 139
98 148
98 153
98 154
98 165
98 166
98 168
98 169
98 170
98 172
98 178
98 182
98 201
98 203
98 205
98 218
98 226
98 228
98 231
98 233
99 0
99 4
99 11
99 14
99 19
99 20
99 21
99 23
99 31
99 32
99 41
99 45
99 48
99 52
99 56
99 57
99 62
99 66
99 70
99 75
99 86
99 87
99 90
99 95
99 107
99 110
99 119
99 121
99 124
99 131
99 132
99 133
99 134
99 144
99 145
99 149
99 165
99 167
99 172
99 173
99 190
99 204
99 216
99 217
100 0
100 10
100 14
100 24
100 29
100 31
100 37
100 41
100 42
100 48
100 52
100 53
100 58
100 66
100 73
100 74
100 85
100 101
100 103
100 104
100 107
100 118
100 123
100 134
100 140
100 148
100 150
100 151
100 152
100 160
100 164
100 166
100 170
100 174
100 178
100 190
100 191
100 193
100 201
100 204
100 205
100 207
100 216
100 218
100 227
100 228
100 230
101 11
101 23
101 25
101 33
101 38
101 43
101 47
101 53
101 61
101 74
101 83
101 85
101 91
101 95
101 99
101 103
101 106
101 107
101 109
101 112
101 118
101 126
101 133
101 135
101 137
101 149
101 154
101 159
101 164
101 174
101 178
101 186
101 187
101 188
101 194
101 197
101 205
101 210
101 215
101 216
101 221
101 230
102 1
102 8
102 12
102 27
102 32
102 33
102 36
102 47
102 49
102 53
102 54
102 61
102 75
102 78
102 90
102 91
102 100
102 114
102 120
102 135
102 137
102 139
102 151
102 155
102 161
102 162
102 163
102 167
102 168
102 170
102 174
102 177
102 187
102 193
102 206
102 212
102 217
102 228
102 229
103 4
103 13
103 14
103 29
103 30
103 34
103 39
103 43
103 51
103 54
103 56
103 62
103 74
103 81
103 86
103 89
103 100
103 101
103 104
103 109
103 110
103 113
103 119
103 125
103 127
103 132
103 146
103 154
103 160
103 161
103 172
103 176
103 185
103 187
103 191
103 205
103 207
103 208
103 210
103 211
103 219
103 225
103 227
103 228
103 230
104 6
104 7
104 9
104 18
104 32
104 33
104 34
104 38
104 40
104 42
104 50
104 62
104 63
104 65
104 73
104 75
104 76
104 79
104 86
104 94
104 95
104 101
104 107
104 110
104 113
104 115
104 117
104 118
104 121
104 123
104 124
104 125
104 128
104 133
104 140
104 147
104 149
104 161
104 167
104 168
104 169
104 171
104 178
104 184
104 191
104 195
104 197
104 200
104 208
104 213
104 215
104 217
104 227
104 229
104 231
104 232
105 6
105 11
105 17
105 21
105 27
105 34
105 51
105 52
105 53
105 57
105 67
105 69
105 71
105 75
105 80
105 94
105 95
105 100
105 112
105 113
105 122
105 127
105 132
105 136
105 137
105 138
105 141
105 142
105 146
105 148
105 153
105 162
105 163
105 165
105 175
105 179
105 184
105 187
105 188
105 193
105 204
105 212
105 216
105 219
105 223
106 0
106 7
106 9
106 12
106 16
106 17
106 18
106 24
106 32
106 38
106 41
106 42
106 44
106 45
106 48
106 55
106 58
106 65
106 68
106 71
106 74
106 76
106 77
106 82
106 90
106 97
106 103
106 105
106 107
106 109
106 114
106 118
106 120
106 126
106 131
106 136
106 140
106 144
106 154
106 158
106 167
106 168
106 170
106 176
106 177
106 186
106 190
106 199
106 201
106 203
106 204
106 212
106 216
106 217
106 222
106 232
106 233
107 7
107 9
107 13
107 22
107 24
107 26
107 42
107 46
107 55
107 58
107 59
107 62
107 65
107 69
107 73
107 76
107 78
107 80
107 84
107 94
107 96
107 98
107 105
107 108
107 111
107 113
107 115
107 120
107 127
107 128
107 130
107 137
107 138
107 140
107 141
107 144
107 145
107 149
107 154
107 162
107 163
107 164
107 165
107 171
107 175
107 179
107 182
107 198
107 199
107 201
107 202
107 205
107 209
107 218
107 219
107 221
107 222
107 223
107 226
107 230
107 232
107 234
108 5
108 8
108 25
108 37
108 38
108 40
108 41
108 52
108 54
108 58
108 60
108 62
108 76
108 78
108 79
108 80
108 83
108 86
108 90
108 93
108 100
108 109
108 111
108 127
108 134
108 136
108 138
108 139
108 148
108 149
108 157
108 158
108 165
108 170
108 176
108 182
108 183
108 186
108 189
108 195
108 196
108 198
108 202
108 206
108 207
108 210
108 212
108 219
108 224
108 227
109 1
109 3
109 14
109 20
109 25
109 26
109 28
109 36
109 39
109 42
109 43
109 47
109 48
109 53
109 57
109 63
109 64
109 65
109 77
109 86
109 91
109 92
109 107
109 112
109 117
109 120
109 139
109 144
109 148
109 149
109 152
109 162
109 167
109 171
109 174
109 190
109 196
109 202
109 206
109 207
109 212
109 218
109 220
109 233
109 234
110 25
110 27
110 31
110 35
110 36
110 39
110 52
110 54
110 56
110 60
110 61
110 63
110 64
110 65
110 67
110 71
110 72
110 74
110 75
110 84
110 91
110 93
110 97
110 107
110 108
110 112
110 116
110 121
110 131
110 133
110 135
110 142
110 151
110 152
110 153
110 154
110 156
110 160
110 172
110 176
110 179
110 181
110 192
110 193
110 196
110 198
110 204
110 206
110 222
110 233
110 234
111 0
111 21
111 23
111 24
111 26
111 29
111 32
111 35
111 43
111 45
111 52
111 55
111 58
111 60
111 61
111 62
111 64
111 65
111 66
111 70
111 72
111 76
111 79
111 81
111 83
111 90
111 93
111 94
111 96
111 98
111 107
111 118
111 119
111 123
111 128
111 140
111 151
111 154
111 160
111 165
111 168
111 172
111 173
111 175
111 177
111 178
111 193
111 196
111 198
111 200
111 201
111 204
111 206
111 215
111 216
111 219
111 226
111 228
111 232
111 233
112 4
112 20
112 22
112 31
112 37
112 41
112 44
112 45
112 49
112 56
112 61
112 62
112 64
112 67
112 75
112 82
112 100
112 101
112 102
112 103
112 111
112 114
112 116
112 117
112 120
112 123
112 125
112 134
112 136
112 142
112 143
112 144
112 150
112 156
112 158
112 159
112 160
112 166
112 171
112 181
112 183
112 185
112 192
112 203
112 206
112 213
112 222
113 13
113 14
113 19
113 20
113 24
113 25
113 28
113 41
113 52
113 61
113 63
113 65
113 69
113 72
113 81
113 88
113 94
113 98
113 103
113 117
113 121
113 122
113 129
113 149
113 150
113 154
113 162
113 164
113 165
113 166
113 167
113 174
113 180
113 182
113 187
113 188
113 192
113 201
113 203
113 205
113 212
113 229
114 3
114 10
114 16
114 27
114 29
114 34
114 36
114 42
114 45
114 46
114 52
114 59
114 65
114 74
114 75
114 76
114 80
114 81
114 90
114 118
114 119
114 127
114 140
114 143
114 157
114 159
114 161
114 164
114 165
114 170
114 172
114 173
114 174
114 178
114 183
114 197
114 206
114 212
114 218
114 223
114 233
114 234
115 6
115 9
115 22
115 23
115 25
115 27
115 30
115 31
115 33
115 54
115 63
115 73
115 77
115 80
115 82
115 87
115 89
115 99
115 101
115 107
115 117
115 125
115 141
115 144
115 147
115 151
115 152
115 159
115 163
115 164
115 165
115 166
115 173
115 176
115 180
115 183
115 188
115 189
115 195
115 199
115 200
115 203
115 206
115 217
115 220
115 222
115 230
116 2
116 6
116 7
116 13
116 17
116 18
116 20
116 24
116 33
116 36
116 39
116 40
116 43
116 54
116 57
116 58
116 68
116 78
116 79
116 87
116 89
116 91
116 96
116 97
116 101
116 107
116 108
116 110
116 118
116 120
116 121
116 133
116 141
116 143
116 145
116 149
116 150
116 168
116 170
116 176
116 179
116 181
116 184
116 189
116 191
116 197
116 205
116 212
116 214
116 218
116 223
116 224
116 226
117 1
117 3
117 4
117 5
117 6
117 21
117 28
117 29
117 32
117 48
117 50
117 51
117 66
117 71
117 73
117 75
117 76
117 83
117 94
117 95
117 97
117 101
117 105
117 107
117 111
117 112
117 119
117 132
117 141
117 142
117 148
117 151
117 153
117 156
117 162
117 167
117 171
117 178
117 179
117 186
117 192
117 197
117 212
117 215
117 216
117 218
117 222
117 223
117 225
117 229
118 3
118 10
118 14
118 16
118 25
118 36
118 42
118 43
118 46
118 47
118 49
118 52
118 57
118 61
118 65
118 71
118 79
118 88
118 89
118 91
118 99
118 106
118 113
118 116
118 119
118 131
118 133
118 140
118 142
118 145
118 165
118 171
118 176
118 181
118 182
118 187
118 199
118 200
118 214
118 216
118 222
118 226
119 3
119 9
119 16
119 33
119 36
119 38
119 41
119 44
119 47
119 52
119 53
119 55
119 60
119 63
119 78
119 82
119 86
119 92
119 93
119 109
119 110
119 114
119 124
119 130
119 138
119 140
119 142
119 144
119 156
119 159
119 162
119 163
119 172
119 175
119 184
119 187
119 189
119 190
119 199
119 200
119 203
119 212
119 213
119 214
119 216
119 218
119 223
119 230
120 4
120 5
120 7
120 11
120 14
120 16
120 25
120 29
120 33
120 41
120 46
120 52
120 66
120 70
120 74
120 76
120 81
120 88
120 89
120 93
120 94
120 105
120 108
120 111
120 113
120 121
120 124
120 125
120 131
120 133
120 142
120 143
120 147
120 150
120 152
120 153
120 164
120 166
120 175
120 176
120 180
120 186
120 193
120 196
120 206
120 211
120 216
120 217
120 218
120 226
120 233
121 1
121 4
121 6
121 9
121 14
121 17
121 20
121 21
121 24
121 27
121 31
121 35
121 37
121 40
121 43
121 48
121 53
121 56
121 59
121 60
121 62
121 69
121 73
121 74
121 78
121 79
121 95
121 99
121 100
121 105
121 118
121 120
121 123
121 133
121 135
121 140
121 144
121 147
121 153
121 161
121 170
121 171
121 178
121 181
121 184
121 203
121 205
121 208
121 211
121 222
121 231
122 1
122 3
122 6
122 7
122 10
122 16
122 23
122 26
122 39
122 40
122 46
122 53
122 62
122 63
122 73
122 74
122 75
122 76
122 77
122 80
122 81
122 83
122 84
122 88
122 93
122 102
122 103
122 105
122 107
122 119
122 120
122 123
122 124
122 129
122 131
122 134
122 142
122 145
122 149
122 156
122 159
122 163
122 169
122 171
122 180
122 182
122 189
122 190
122 196
122 203
122 204
122 207
122 208
122 212
122 216
122 221
122 224
122 227
122 231
122 232
123 14
123 27
123 29
123 32
123 36
123 37
123 51
123 55
123 66
123 67
123 68
123 69
123 72
123 76
123 77
123 88
123 106
123 107
123 111
123 117
123 119
123 120
123 122
123 128
123 129
123 133
123 137
123 140
123 156
123 161
123 165
123 166
123 173
123 174
123 179
123 184
123 201
123 212
123 215
123 221
123 230
123 232
123 234
124 8
124 12
124 16
124 26
124 30
124 37
124 41
124 42
124 45
124 59
124 64
124 71
124 72
124 73
124 80
124 86
124 90
124 92
124 97
124 104
124 121
124 125
124 140
124 145
124 149
124 151
124 152
124 154
124 155
124 160
124 163
124 167
124 170
124 178
124 181
124 182
124 184
124 186
124 190
124 194
124 195
124 200
124 204
124 206
124 207
124 211
124 222
125 0
125 6
125 22
125 45
125 64
125 65
125 67
125 71
125 74
125 77
125 79
125 84
125 85
125 93
125 98
125 100
125 102
125 106
125 111
125 113
125 116
125 119
125 120
125 121
125 126
125 127
125 136
125 137
125 139
125 145
125 150
125 151
125 155
125 175
125 176
125 180
125 191
125 198
125 202
125 207
125 208
125 232
126 1
126 5
126 18
126 29
126 30
126 44
126 54
126 63
126 67
126 69
126 73
126 85
126 86
126 87
126 88
126 99
126 100
126 101
126 106
126 107
126 108
126 112
126 116
126 118
126 128
126 129
126 130
126 132
126 137
126 140
126 151
126 156
126 171
126 173
126 179
126 180
126 189
126 192
126 193
126 202
126 206
126 218
126 221
126 230
127 7
127 12
127 13
127 14
127 18
127 24
127 31
127 37
127 41
127 66
127 67
127 70
127 72
127 82
127 95
127 98
127 104
127 105
127 112
127 115
127 117
127 122
127 126
127 130
127 132
127 138
127 139
127 148
127 151
127 154
127 155
127 171
127 172
127 173
127 182
127 188
127 192
127 201
127 205
127 210
127 215
127 216
127 219
127 225
127 226
127 232
128 0
128 11
128 12
128 17
128 27
128 46
128 47
128 56
128 63
128 77
128 78
128 81
128 83
128 87
128 89
128 93
128 104
128 107
128 108
128 109
128 111
128 139
128 140
128 141
128 142
128 145
128 151
128 157
128 162
128 166
128 172
128 175
128 178
128 179
128 180
128 184
128 187
128 188
128 191
128 201
128 205
128 206
128 207
128 211
128 212
128 214
128 223
129 3
129 6
129 22
129 35
129 39
129 40
129 43
129 58
129 60
129 62
129 86
129 96
129 103
129 109
129 112
129 116
129 118
129 127
129 128
129 130
129 135
129 136
129 146
129 161
129 167
129 177
129 190
129 193
129 195
129 199
129 204
129 212
129 220
129 223
129 227
129 231
130 11
130 14
130 21
130 22
130 30
130 32
130 35
130 49
130 56
130 60
130 61
130 63
130 69
130 72
130 89
130 96
130 97
130 104
130 111
130 112
130 113
130 115
130 118
130 123
130 125
130 129
130 131
130 137
130 139
130 143
130 149
130 151
130 158
130 160
130 165
130 166
130 174
130 177
130 180
130 181
130 184
130 186
130 187
130 190
130 194
130 196
130 197
130 203
130 205
130 206
130 208
130 211
130 214
130 222
130 229
130 232
130 233
131 6
131 15
131 23
131 25
131 48
131 49
131 56
131 61
131 66
131 67
131 70
131 71
131 73
131 75
131 78
131 80
131 81
131 86
131 92
131 107
131 108
131 119
131 124
131 136
131 142
131 151
131 153
131 154
131 155
131 161
131 164
131 165
131 166
131 170
131 171
131 188
131 191
131 196
131 209
131 210
131 211
131 212
131 219
131 220
131 229
131 231
131 232
132 7
132 14
132 20
132 21
132 24
132 25
132 29
132 30
132 36
132 42
132 58
132 61
132 67
132 73
132 76
132 80
132 91
132 103
132 104
132 107
132 108
132 111
132 112
132 113
132 142
132 155
132 160
132 170
132 174
132 176
132 178
132 180
132 181
132 197
132 200
132 202
132 203
132 206
132 210
132 211
132 221
132 230
132 233
133 3
133 15
133 16
133 25
133 28
133 38
133 40
133 42
133 44
133 49
133 67
133 68
133 78
133 89
133 94
133 95
133 101
133 109
133 119
133 120
133 123
133 139
133 140
133 141
133 149
133 159
133 164
133 168
133 179
133 181
133 188
133 189
133 192
133 193
133 197
133 201
133 203
133 206
133 214
133 221
133 223
133 226
134 3
134 5
134 7
134 17
134 23
134 29
134 34
134 41
134 44
134 45
134 46
134 68
134 71
134 76
134 82
134 88
134 105
134 107
134 111
134 119
134 139
134 140
134 153
134 154
134 155
134 159
134 163
134 164
134 167
134 173
134 179
134 186
134 197
134 207
134 208
134 210
134 211
134 221
134 227
134 230
134 231
134 234
135 1
135 3
135 6
135 12
135 14
135 15
135 16
135 17
135 22
135 44
135 49
135 50
135 52
135 53
135 54
135 55
135 58
135 61
135 69
135 71
135 81
135 85
135 88
135 89
135 90
135 93
135 98
135 101
135 106
135 107
135 112
135 121
135 122
135 133
135 139
135 142
135 155
135 159
135 161
135 173
135 176
135 177
135 185
135 192
135 193
135 197
135 203
135 210
135 219
135 222
135 223
136 3
136 4
136 6
136 8
136 15
136 16
136 17
136 18
136 22
136 24
136 25
136 27
136 28
136 32
136 38
136 44
136 47
136 50
136 56
136 57
136 81
136 86
136 91
136 97
136 115
136 119
136 121
136 128
136 130
136 140
136 141
136 151
136 154
136 155
136 158
136 186
136 188
136 190
136 196
136 206
136 214
136 224
136 225
136 231
136 233
136 234
137 3
137 7
137 23
137 28
137 29
137 33
137 40
137 49
137 65
137 73
137 75
137 83
137 84
137 87
137 89
137 93
137 96
137 97
137 98
137 106
137 110
137 112
137 113
137 114
137 122
137 125
137 132
137 135
137 136
137 144
137 147
137 148
137 152
137 157
137 159
137 170
137 179
137 183
137 184
137 191
137 195
137 196
137 200
137 201
137 203
137 205
137 218
137 219
137 220
137 221
137 222
137 231
138 5
138 10
138 11
138 15
138 18
138 21
138 27
138 30
138 38
138 43
138 44
138 48
138 49
138 53
138 61
138 76
138 78
138 100
138 101
138 104
138 105
138 108
138 110
138 118
138 119
138 128
138 134
138 154
138 157
138 158
138 159
138 161
138 163
138 172
138 176
138 178
138 180
138 186
138 187
138 190
138 191
138 204
138 205
138 219
138 226
139 1
139 2
139 5
139 12
139 16
139 19
139 22
139 23
139 27
139 34
139 41
139 43
139 44
139 45
139 46
139 53
139 65
139 67
139 68
139 75
139 77
139 83
139 88
139 90
139 93
139 95
139 97
139 98
139 106
139 109
139 112
139 113
139 114
139 122
139 126
139 127
139 135
139 137
139 140
139 141
139 145
139 155
139 170
139 179
139 182
139 191
139 193
139 196
139 197
139 198
139 204
139 207
139 210
139 213
139 215
139 217
139 225
139 227
139 229
139 233
140 1
140 4
140 9
140 11
140 16
140 17
140 20
140 37
140 40
140 44
140 57
140 59
140 62
140 68
140 73
140 83
140 86
140 90
140 99
140 105
140 106
140 107
140 109
140 111
140 113
140 121
140 124
140 131
140 133
140 143
140 145
140 146
140 147
140 162
140 166
140 174
140 179
140 190
140 194
140 197
140 213
140 216
140 219
140 224
140 225
140 227
140 230
141 3
141 5
141 8
141 10
141 17
141 18
141 20
141 21
141 24
141 28
141 33
141 34
141 35
141 62
141 64
141 71
141 72
141 77
141 78
141 79
141 80
141 84
141 88
141 89
141 110
141 113
141 115
141 116
141 117
141 121
141 123
141 126
141 132
141 135
141 140
141 142
141 156
141 161
141 168
141 174
141 184
141 190
141 192
141 196
141 197
141 201
141 207
141 210
141 211
141 213
141 215
141 221
141 223
141 225
141 227
141 231
141 234
142 3
142 5
142 6
142 9
142 12
142 13
142 19
142 24
142 41
142 45
142 64
142 65
142 66
142 67
142 70
142 72
142 76
142 77
142 79
142 82
142 90
142 91
142 100
142 118
142 127
142 129
142 143
142 145
142 149
142 157
142 159
142 166
142 171
142 175
142 176
142 182
142 185
142 189
142 191
142 198
142 205
142 206
142 209
142 217
142 218
142 225
142 227
142 231
142 233
143 1
143 3
143 9
143 15
143 27
143 30
143 31
143 33
143 34
143 36
143 37
143 40
143 43
143 48
143 50
143 52
143 53
143 69
143 78
143 86
143 90
143 95
143 101
143 106
143 123
143 136
143 137
143 144
143 145
143 147
143 158
143 160
143 161
143 163
143 165
143 169
143 175
143 178
143 179
143 184
143 187
143 193
143 196
143 202
143 205
143 213
143 217
143 218
143 222
143 225
143 227
143 228
143 234
144 13
144 21
144 23
144 24
144 26
144 36
144 39
144 55
144 59
144 64
144 68
144 73
144 80
144 82
144 91
144 92
144 96
144 102
144 104
144 107
144 112
144 114
144 118
144 122
144 130
144 137
144 138
144 140
144 152
144 159
144 164
144 167
144 171
144 172
144 173
144 178
144 191
144 194
144 202
144 205
144 222
144 226
144 232
145 0
145 6
145 8
145 9
145 13
145 14
145 16
145 25
145 26
145 28
145 36
145 40
145 43
145 44
145 45
145 48
145 52
145 53
145 54
145 62
145 66
145 68
145 69
145 76
145 78
145 79
145 83
145 84
145 91
145 95
145 96
145 99
145 107
145 108
145 111
145 120
145 121
145 128
145 129
145 131
145 133
145 136
145 137
145 141
145 144
145 159
145 168
145 174
145 175
145 202
145 205
145 207
145 208
145 214
145 216
145 217
145 220
145 221
145 222
145 226
146 2
146 3
146 10
146 15
146 21
146 23
146 25
146 35
146 36
146 38
146 44
146 45
146 48
146 51
146 53
146 60
146 65
146 71
146 75
146 86
146 90
146 104
146 108
146 115
146 117
146 119
146 122
146 125
146 129
146 135
146 147
146 154
146 160
146 175
146 177
146 178
146 192
146 206
146 212
146 225
146 228
146 232
146 233
147 0
147 2
147 7
147 10
147 18
147 20
147 38
147 39
147 45
147 61
147 66
147 67
147 70
147 71
147 79
147 84
147 87
147 89
147 93
147 100
147 108
147 120
147 121
147 130
147 135
147 142
147 145
147 151
147 154
147 164
147 166
147 167
147 182
147 197
147 206
147 212
147 218
147 221
147 226
147 227
147 234
148 25
148 30
148 40
148 47
148 51
148 56
148 60
148 64
148 66
148 71
148 73
148 74
148 85
148 88
148 90
148 106
148 116
148 123
148 127
148 128
148 134
148 139
148 145
148 171
148 176
148 182
148 184
148 185
148 186
148 187
148 209
148 217
148 219
148 224
148 227
148 230
148 233
149 1
149 2
149 11
149 16
149 17
149 25
149 26
149 28
149 29
149 31
149 33
149 38
149 45
149 52
149 62
149 64
149 73
149 74
149 80
149 95
149 98
149 105
149 106
149 110
149 111
149 112
149 115
149 116
149 117
149 122
149 139
149 143
149 158
149 163
149 165
149 166
149 167
149 168
149 180
149 185
149 202
149 209
149 210
149 216
149 219
149 225
149 228
149 230
150 3
150 6
150 12
150 16
150 19
150 26
150 27
150 37
150 43
150 48
150 50
150 53
150 58
150 61
150 68
150 69
150 73
150 79
150 81
150 82
150 90
150 94
150 96
150 98
150 101
150 111
150 112
150 116
150 117
150 118
150 120
150 131
150 135
150 139
150 144
150 145
150 147
150 155
150 162
150 168
150 171
150 172
150 173
150 177
150 188
150 193
150 198
150 211
150 214
150 219
150 228
150 229
150 232
150 234
151 8
151 19
151 20
151 21
151 26
151 51
151 57
151 59
151 62
151 63
151 71
151 84
151 86
151 110
151 125
151 134
151 137
151 144
151 147
151 162
151 169
151 171
151 179
151 197
151 201
151 208
151 218
151 225
151 232
151 233
152 2
152 16
152 24
152 26
152 36
152 37
152 48
152 53
152 56
152 63
152 80
152 86
152 98
152 115
152 125
152 127
152 129
152 132
152 134
152 143
152 146
152 156
152 158
152 171
152 178
152 182
152 192
152 194
152 199
152 210
152 214
152 218
152 227
152 229
153 1
153 10
153 14
153 15
153 24
153 28
153 30
153 32
153 35
153 36
153 39
153 41
153 45
153 60
153 66
153 74
153 78
153 90
153 94
153 100
153 105
153 109
153 111
153 113
153 115
153 119
153 122
153 123
153 130
153 133
153 134
153 140
153 150
153 161
153 167
153 169
153 172
153 181
153 190
153 191
153 199
153 203
153 209
153 210
153 222
153 227
153 229
153 231
154 0
154 9
154 14
154 15
154 30
154 31
154 33
154 34
154 41
154 44
154 45
154 60
154 69
154 82
154 85
154 96
154 97
154 103
154 107
154 108
154 110
154 111
154 121
154 123
154 126
154 128
154 132
154 133
154 136
154 145
154 147
154 152
154 153
154 165
154 167
154 187
154 190
154 197
154 203
154 213
154 215
154 221
154 222
154 226
154 229
155 0
155 2
155 18
155 19
155 25
155 26
155 28
155 29
155 38
155 39
155 46
155 52
155 53
155 63
155 65
155 69
155 74
155 82
155 85
155 88
155 90
155 92
155 94
155 109
155 110
155 113
155 114
155 120
155 134
155 136
155 138
155 140
155 144
155 153
155 156
155 158
155 160
155 165
155 178
155 180
155 196
155 215
155 216
155 218
155 224
155 228
155 233
156 2
156 16
156 21
156 27
156 31
156 44
156 59
156 60
156 61
156 63
156 64
156 66
156 69
156 71
156 78
156 81
156 82
156 84
156 86
156 91
156 100
156 101
156 104
156 112
156 114
156 120
156 130
156 131
156 133
156 135
156 141
156 146
156 153
156 158
156 161
156 172
156 176
156 183
156 186
156 194
156 195
156 197
156 201
156 207
156 210
156 212
156 219
156 221
156 223
156 234
157 6
157 7
157 15
157 17
157 18
157 20
157 27
157 30
157 35
157 45
157 56
157 58
157 59
157 69
157 70
157 71
157 72
157 73
157 85
157 86
157 91
157 92
157 95
157 99
157 102
157 105
157 106
157 110
157 115
157 124
157 134
157 139
157 140
157 148
157 151
157 156
157 158
157 166
157 170
157 173
157 177
157 178
157 185
157 186
157 192
157 196
157 203
157 206
157 217
157 228
157 234
158 0
158 2
158 3
158 13
158 14
158 16
158 21
158 30
158 37
158 38
158 62
158 64
158 65
158 70
158 75
158 77
158 80
158 86
158 87
158 90
158 91
158 94
158 95
158 112
158 115
158 116
158 124
158 125
158 129
158 141
158 143
158 144
158 155
158 170
158 183
158 185
158 188
158 199
158 200
158 212
158 215
158 216
158 219
158 221
158 223
158 224
158 227
158 229
158 230
159 13
159 16
159 29
159 45
159 49
159 52
159 53
159 60
159 63
159 70
159 83
159 84
159 86
159 89
159 90
159 95
159 99
159 105
159 109
159 117
159 121
159 131
159 134
159 139
159 140
159 143
159 145
159 151
159 152
159 153
159 155
159 156
159 158
159 160
159 162
159 168
159 172
159 181
159 186
159 196
159 200
159 201
159 208
159 212
159 214
159 221
160 0
160 6
160 11
160 19
160 26
160 33
160 41
160 42
160 55
160 57
160 62
160 73
160 86
160 90
160 96
160 103
160 105
160 120
160 133
160 135
160 139
160 143
160 145
160 146
160 148
160 156
160 161
160 166
160 176
160 188
160 202
160 204
160 206
160 210
160 221
160 226
160 227
160 234
161 11
161 18
161 22
161 30
161 37
161 41
161 43
161 44
161 45
161 52
161 68
161 69
161 76
161 79
161 85
161 96
161 100
161 102
161 106
161 111
161 117
161 137
161 153
161 154
161 165
161 166
161 167
161 173
161 174
161 176
161 180
161 183
161 189
161 192
161 198
161 200
161 205
161 208
161 222
161 228
161 232
162 4
162 6
162 12
162 14
162 17
162 23
162 25
162 27
162 35
162 39
162 55
162 57
162 59
162 61
162 64
162 67
162 70
162 73
162 78
162 89
162 90
162 92
162 97
162 98
162 99
162 101
162 106
162 109
162 111
162 117
162 120
162 123
162 124
162 127
162 130
162 132
162 138
162 146
162 149
162 151
162 156
162 163
162 167
162 170
162 176
162 190
162 195
162 199
162 205
162 206
162 207
162 210
162 216
162 219
162 220
162 230
162 231
162 232
162 233
163 5
163 8
163 18
163 19
163 23
163 28
163 34
163 35
163 40
163 47
163 48
163 51
163 53
163 67
163 73
163 82
163 86
163 99
163 100
163 101
163 105
163 117
163 131
163 132
163 139
163 145
163 153
163 155
163 166
163 168
163 171
163 182
163 183
163 194
163 198
163 203
163 208
163 210
163 216
163 220
163 221
163 226
163 227
163 228
163 232
163 234
164 3
164 4
164 6
164 7
164 14
164 17
164 26
164 27
164 28
164 30
164 35
164 38
164 40
164 50
164 55
164 62
164 64
164 70
164 71
164 77
164 78
164 85
164 88
164 92
164 93
164 94
164 105
164 106
164 108
164 113
164 131
164 133
164 135
164 137
164 147
164 151
164 152
164 153
164 163
164 183
164 187
164 191
164 196
164 212
164 233
164 234
165 1
165 3
165 11
165 21
165 27
165 28
165 30
165 31
165 32
165 40
165 41
165 43
165 46
165 57
165 60
165 62
165 63
165 66
165 67
165 73
165 74
165 81
165 83
165 87
165 107
165 117
165 120
165 126
165 127
165 131
165 135
165 141
165 143
165 144
165 145
165 149
165 159
165 161
165 176
165 177
165 187
165 191
165 200
165 201
165 207
165 216
165 219
165 222
166 4
166 9
166 19
166 29
166 31
166 34
166 42
166 52
166 57
166 76
166 78
166 80
166 83
166 90
166 92
166 94
166 96
166 101
166 108
166 110
166 111
166 121
166 123
166 125
166 128
166 129
166 134
166 136
166 137
166 143
166 146
166 148
166 149
166 150
166 162
166 164
166 169
166 172
166 174
166 176
166 178
166 181
166 185
166 187
166 188
166 192
166 199
166 205
166 207
166 209
166 221
166 230
167 0
167 2
167 11
167 13
167 17
167 19
167 21
167 27
167 39
167 45
167 48
167 65
167 69
167 73
167 79
167 86
167 87
167 91
167 92
167 95
167 98
167 108
167 110
167 120
167 121
167 122
167 133
167 136
167 139
167 141
167 144
167 146
167 151
167 157
167 159
167 161
167 162
167 163
167 169
167 176
167 177
167 185
167 196
167 208
167 209
167 212
167 218
167 229
167 234
168 8
168 13
168 17
168 18
168 19
168 22
168 37
168 45
168 47
168 48
168 49
168 55
168 69
168 72
168 76
168 80
168 82
168 90
168 98
168 105
168 108
168 111
168 112
168 119
168 123
168 124
168 134
168 138
168 141
168 142
168 147
168 155
168 157
168 160
168 174
168 180
168 182
168 187
168 189
168 194
168 199
168 200
168 201
168 206
168 208
168 211
168 214
168 228
168 232
168 233
169 14
169 21
169 27
169 28
169 30
169 38
169 46
169 53
169 62
169 68
169 71
169 76
169 77
169 89
169 93
169 98
169 106
169 110
169 123
169 128
169 130
169 131
169 134
169 142
169 147
169 159
169 167
169 171
169 177
169 181
169 184
169 188
169 192
169 196
169 198
169 201
169 205
169 206
169 212
169 213
169 223
169 228
169 234
170 6
170 8
170 9
170 19
170 29
170 31
170 32
170 39
170 41
170 43
170 51
170 60
170 65
170 66
170 69
170 80
170 88
170 89
170 94
170 109
170 112
170 115
170 116
170 125
170 126
170 127
170 130
170 135
170 145
170 146
170 148
170 160
170 163
170 165
170 166
170 173
170 174
170 179
170 181
170 183
170 189
170 190
170 193
170 195
170 197
170 221
170 225
170 228
170 233
170 234
171 0
171 7
171 8
171 10
171 18
171 19
171 27
171 43
171 46
171 59
171 70
171 73
171 75
171 77
171 78
171 79
171 80
171 81
171 100
171 115
171 116
171 121
171 123
171 125
171 130
171 141
171 159
171 168
171 170
171 173
171 189
171 199
171 205
171 211
171 226
171 228
171 234
172 4
172 11
172 17
172 27
172 33
172 48
172 50
172 53
172 55
172 62
172 68
172 71
172 72
172 79
172 83
172 90
172 93
172 96
172 99
172 111
172 116
172 117
172 122
172 127
172 130
172 149
172 152
172 167
172 168
172 169
172 182
172 184
172 203
172 204
172 218
172 220
173 2
173 3
173 4
173 5
173 14
173 16
173 29
173 33
173 34
173 36
173 39
173 44
173 48
173 54
173 55
173 66
173 69
173 70
173 73
173 77
173 80
173 87
173 96
173 97
173 98
173 99
173 100
173 101
173 114
173 117
173 125
173 127
173 129
173 139
173 142
173 147
173 172
173 183
173 184
173 189
173 194
173 199
173 218
173 230
174 1
174 7
174 14
174 24
174 37
174 44
174 46
174 50
174 51
174 57
174 67
174 70
174 78
174 85
174 86
174 91
174 93
174 97
174 103
174 106
174 107
174 130
174 131
174 133
174 139
174 142
174 156
174 160
174 167
174 168
174 169
174 170
174 172
174 173
174 175
174 193
174 197
174 209
174 214
174 217
174 218
174 227
175 4
175 5
175 7
175 14
175 16
175 22
175 26
175 38
175 50
175 51
175 54
175 66
175 75
175 78
175 79
175 85
175 96
175 110
175 111
175 119
175 125
175 126
175 135
175 136
175 139
175 144
175 146
175 147
175 149
175 150
175 154
175 159
175 162
175 163
175 164
175 167
175 184
175 186
175 187
175 192
175 197
175 211
175 215
175 223
175 224
175 225
175 226
175 230
175 232
176 1
176 15
176 24
176 29
176 36
176 39
176 41
176 47
176 51
176 59
176 70
176 75
176 84
176 86
176 87
176 90
176 91
176 106
176 111
176 116
176 118
176 119
176 136
176 138
176 148
176 149
176 150
176 154
176 161
176 170
176 172
176 173
176 177
176 183
176 187
176 193
176 211
176 212
176 215
176 221
176 222
176 230
177 1
177 7
177 8
177 13
177 24
177 25
177 28
177 32
177 42
177 45
177 53
177 54
177 58
177 60
177 63
177 69
177 70
177 71
177 77
177 84
177 85
177 89
177 92
177 102
177 106
177 110
177 114
177 115
177 122
177 123
177 126
177 153
177 155
177 156
177 161
177 171
177 178
177 184
177 187
177 190
177 207
177 216
177 221
177 226
178 1
178 6
178 10
178 15
178 35
178 45
178 47
178 58
178 61
178 64
178 68
178 72
178 74
178 79
178 86
178 87
178 90
178 117
178 126
178 130
178 136
178 137
178 140
178 141
178 153
178 156
178 158
178 160
178 163
178 164
178 169
178 173
178 174
178 176
178 181
178 183
178 191
178 204
178 206
178 211
178 216
178 218
178 219
178 221
178 225
178 230
178 233
179 0
179 11
179 18
179 23
179 30
179 46
179 52
179 53
179 55
179 69
179 72
179 75
179 77
179 78
179 86
179 91
179 94
179 96
179 100
179 103
179 105
179 116
179 119
179 125
179 126
179 128
179 129
179 130
179 133
179 136
179 141
179 155
179 159
179 161
179 168
179 175
179 180
179 181
179 188
179 190
179 195
179 200
179 205
179 209
179 210
179 211
179 214
179 217
179 221
179 227
179 232
179 233
180 2
180 4
180 5
180 13
180 15
180 19
180 25
180 27
180 28
180 36
180 38
180 40
180 48
180 51
180 52
180 63
180 64
180 72
180 73
180 75
180 77
180 78
180 80
180 86
180 91
180 94
180 103
180 104
180 105
180 119
180 120
180 130
180 135
180 137
180 142
180 143
180 159
180 161
180 162
180 163
180 171
180 175
180 183
180 189
180 195
180 201
180 203
180 211
180 214
180 217
180 218
180 220
180 221
180 229
181 0
181 2
181 3
181 11
181 15
181 19
181 40
181 43
181 54
181 61
181 70
181 73
181 76
181 79
181 80
181 85
181 90
181 92
181 94
181 95
181 96
181 106
181 110
181 117
181 118
181 121
181 128
181 132
181 134
181 139
181 142
181 147
181 153
181 156
181 162
181 164
181 165
181 169
181 171
181 183
181 185
181 188
181 193
181 196
181 210
181 230
181 234
182 1
182 8
182 11
182 13
182 21
182 22
182 27
182 31
182 37
182 48
182 49
182 56
182 61
182 62
182 66
182 75
182 77
182 78
182 81
182 85
182 90
182 91
182 94
182 98
182 110
182 124
182 134
182 135
182 136
182 142
182 146
182 149
182 161
182 164
182 168
182 170
182 171
182 180
182 181
182 183
182 184
182 191
182 192
182 193
182 199
182 206
182 207
182 217
182 221
182 234
183 1
183 4
183 13
183 16
183 23
183 27
183 30
183 35
183 38
183 46
183 48
183 65
183 72
183 95
183 96
183 98
183 101
183 106
183 108
183 113
183 132
183 136
183 141
183 151
183 153
183 155
183 156
183 165
183 166
183 169
183 176
183 178
183 203
183 204
183 205
183 209
183 212
183 225
183 228
183 231
183 233
184 1
184 8
184 9
184 11
184 16
184 18
184 26
184 53
184 56
184 62
184 79
184 84
184 87
184 92
184 101
184 109
184 113
184 118
184 132
184 133
184 145
184 152
184 156
184 172
184 173
184 176
184 181
184 200
184 202
184 203
184 204
184 208
184 209
184 212
184 219
184 223
184 231
185 1
185 2
185 4
185 5
185 15
185 17
185 18
185 22
185 26
185 28
185 34
185 35
185 36
185 37
185 41
185 47
185 70
185 80
185 82
185 84
185 85
185 99
185 101
185 102
185 103
185 105
185 119
185 120
185 148
185 155
185 157
185 161
185 173
185 180
185 188
185 198
185 209
185 211
185 217
185 222
185 225
185 228
185 229
185 232
186 3
186 24
186 30
186 37
186 41
186 45
186 48
186 53
186 55
186 57
186 58
186 60
186 65
186 68
186 71
186 72
186 75
186 76
186 95
186 96
186 99
186 112
186 118
186 121
186 133
186 139
186 148
186 153
186 159
186 160
186 161
186 169
186 170
186 174
186 185
186 189
186 190
186 198
186 199
186 200
186 203
186 228
186 234
187 1
187 11
187 29
187 33
187 36
187 39
187 42
187 51
187 59
187 70
187 78
187 80
187 83
187 84
187 86
187 96
187 113
187 122
187 137
187 141
187 157
187 159
187 166
187 169
187 174
187 181
187 191
187 192
187 194
187 200
187 204
187 206
187 207
187 213
187 217
187 218
187 224
187 225
187 228
187 230
188 0
188 5
188 9
188 15
188 18
188 20
188 26
188 39
188 44
188 67
188 73
188 74
188 76
188 77
188 84
188 88
188 91
188 94
188 95
188 97
188 98
188 100
188 104
188 107
188 115
188 117
188 118
188 120
188 121
188 124
188 129
188 132
188 155
188 164
188 166
188 170
188 173
188 174
188 184
188 186
188 191
188 192
188 198
188 199
188 200
188 204
188 205
188 210
188 218
188 219
188 226
188 232
188 233
189 0
189 6
189 11
189 12
189 20
189 28
189 29
189 40
189 51
189 58
189 64
189 66
189 67
189 80
189 86
189 91
189 102
189 103
189 112
189 119
189 124
189 125
189 128
189 136
189 143
189 147
189 148
189 151
189 161
189 167
189 170
189 180
189 194
189 202
189 206
189 211
189 212
189 221
189 226
189 227
189 228
189 232
189 234
190 3
190 5
190 9
190 11
190 19
190 20
190 24
190 26
190 34
190 37
190 42
190 47
190 48
190 53
190 71
190 82
190 88
190 90
190 101
190 102
190 103
190 107
190 114
190 115
190 123
190 126
190 132
190 133
190 136
190 142
190 144
190 150
190 154
190 156
190 159
190 160
190 167
190 168
190 173
190 178
190 185
190 187
190 188
190 194
190 195
190 208
190 213
190 221
190 229
190 230
190 231
190 233
191 4
191 10
191 11
191 13
191 14
191 18
191 19
191 28
191 30
191 33
191 38
191 40
191 41
191 59
191 61
191 65
191 67
191 71
191 79
191 85
191 91
191 93
191 97
191 103
191 104
191 125
191 128
191 129
191 135
191 136
191 140
191 142
191 161
191 163
191 170
191 180
191 198
191 217
191 222
191 225
191 233
191 234
192 1
192 2
192 10
192 17
192 26
192 28
192 40
192 43
192 44
192 54
192 57
192 59
192 61
192 67
192 75
192 78
192 88
192 92
192 94
192 104
192 111
192 119
192 122
192 126
192 127
192 129
192 133
192 138
192 141
192 146
192 147
192 153
192 154
192 159
192 162
192 163
192 169
192 170
192 172
192 173
192 175
192 177
192 179
192 180
192 186
192 191
192 197
192 199
192 202
192 204
192 213
192 216
192 219
192 221
192 223
192 226
192 227
192 231
193 6
193 13
193 18
193 27
193 30
193 55
193 56
193 69
193 92
193 107
193 108
193 112
193 117
193 142
193 147
193 154
193 159
193 171
193 179
193 192
193 198
193 211
193 214
193 216
193 223
193 226
194 4
194 16
194 20
194 27
194 29
194 32
194 35
194 39
194 40
194 42
194 45
194 48
194 57
194 59
194 67
194 69
194 76
194 85
194 88
194 89
194 90
194 96
194 97
194 103
194 109
194 111
194 116
194 129
194 134
194 137
194 138
194 141
194 144
194 148
194 152
194 153
194 156
194 157
194 162
194 163
194 164
194 165
194 169
194 180
194 182
194 186
194 188
194 190
194 195
194 207
194 210
194 211
194 217
194 219
194 226
194 232
195 0
195 3
195 9
195 10
195 11
195 16
195 31
195 35
195 45
195 50
195 56
195 57
195 60
195 61
195 65
195 82
195 91
195 92
195 94
195 98
195 99
195 101
195 112
195 118
195 119
195 122
195 124
195 134
195 136
195 138
195 143
195 151
195 163
195 165
195 166
195 173
195 193
195 200
195 201
195 203
195 205
195 210
195 220
195 225
195 226
195 229
195 231
195 233
196 9
196 18
196 33
196 41
196 44
196 47
196 52
196 62
196 63
196 64
196 67
196 69
196 74
196 81
196 86
196 90
196 91
196 92
196 95
196 96
196 99
196 115
196 120
196 122
196 129
196 135
196 140
196 151
196 152
196 153
196 167
196 171
196 173
196 180
196 181
196 208
196 209
196 216
196 222
196 226
196 228
196 229
196 230
196 231
197 2
197 3
197 6
197 12
197 14
197 21
197 23
197 25
197 35
197 40
197 42
197 55
197 58
197 63
197 68
197 69
197 73
197 79
197 85
197 93
197 94
197 97
197 100
197 103
197 107
197 109
197 113
197 118
197 126
197 132
197 133
197 137
197 150
197 162
197 163
197 166
197 167
197 168
197 170
197 177
197 184
197 186
197 192
197 193
197 201
197 202
197 208
197 210
197 220
197 224
197 229
198 0
198 5
198 7
198 10
198 12
198 17
198 31
198 46
198 47
198 49
198 52
198 53
198 54
198 55
198 58
198 76
198 82
198 90
198 110
198 119
198 127
198 128
198 130
198 134
198 138
198 139
198 143
198 146
198 151
198 152
198 163
198 167
198 182
198 183
198 185
198 203
198 212
198 215
198 227
199 5
199 15
199 20
199 23
199 26
199 30
199 35
199 39
199 48
199 49
199 50
199 52
199 55
199 65
199 67
199 70
199 95
199 97
199 99
199 110
199 113
199 125
199 126
199 129
199 136
199 139
199 144
199 170
199 172
199 173
199 182
199 187
199 190
199 200
199 206
199 209
199 210
199 222
199 223
199 228
199 232
199 233
200 3
200 7
200 13
200 22
200 26
200 37
200 45
200 47
200 48
200 49
200 52
200 58
200 66
200 68
200 71
200 75
200 79
200 85
200 87
200 90
200 103
200 105
200 107
200 108
200 116
200 126
200 140
200 143
200 151
200 152
200 153
200 156
200 157
200 168
200 169
200 170
200 179
200 186
200 191
200 194
200 199
200 208
200 213
200 216
200 223
200 226
200 229
201 4
201 7
201 12
201 16
201 19
201 20
201 25
201 27
201 30
201 43
201 48
201 52
201 59
201 60
201 65
201 66
201 67
201 74
201 75
201 76
201 77
201 79
201 80
201 81
201 84
201 90
201 93
201 97
201 104
201 107
201 117
201 124
201 127
201 135
201 136
201 142
201 146
201 170
201 179
201 186
201 208
201 213
201 222
201 225
201 230
202 2
202 3
202 22
202 35
202 48
202 57
202 58
202 62
202 64
202 67
202 70
202 74
202 79
202 86
202 87
202 93
202 95
202 97
202 105
202 109
202 118
202 121
202 129
202 133
202 136
202 141
202 148
202 156
202 159
202 160
202 161
202 165
202 168
202 169
202 182
202 190
202 194
202 198
202 201
202 203
202 211
202 212
202 217
202 219
202 223
202 225
203 2
203 5
203 6
203 18
203 21
203 24
203 28
203 32
203 46
203 47
203 49
203 62
203 64
203 65
203 66
203 79
203 92
203 102
203 103
203 108
203 113
203 131
203 134
203 135
203 142
203 147
203 153
203 162
203 163
203 165
203 173
203 175
203 176
203 179
203 180
203 183
203 185
203 196
203 197
203 210
203 218
203 224
203 228
203 233
204 0
204 19
204 20
204 32
204 38
204 39
204 46
204 48
204 52
204 69
204 73
204 76
204 79
204 81
204 84
204 90
204 96
204 97
204 108
204 110
204 111
204 121
204 124
204 135
204 136
204 144
204 156
204 171
204 175
204 178
204 181
204 183
204 184
204 185
204 189
204 214
204 220
204 223
204 225
204 228
204 229
204 233
205 0
205 5
205 10
205 23
205 29
205 36
205 38
205 40
205 46
205 52
205 69
205 74
205 83
205 93
205 103
205 105
205 106
205 109
205 117
205 140
205 147
205 148
205 155
205 156
205 158
205 165
205 176
205 181
205 192
205 202
205 209
205 212
205 214
205 216
205 217
205 220
205 222
205 225
205 227
205 231
206 2
206 3
206 12
206 28
206 34
206 35
206 39
206 44
206 50
206 53
206 55
206 57
206 63
206 67
206 68
206 76
206 81
206 82
206 92
206 97
206 101
206 105
206 106
206 114
206 119
206 125
206 128
206 129
206 133
206 135
206 161
206 162
206 163
206 164
206 166
206 168
206 175
206 183
206 189
206 197
206 198
206 201
206 205
206 213
206 218
206 220
206 221
206 226
207 14
207 16
207 20
207 22
207 24
207 28
207 33
207 40
207 47
207 58
207 59
207 60
207 65
207 66
207 79
207 82
207 85
207 91
207 92
207 93
207 99
207 100
207 101
207 103
207 104
207 109
207 121
207 124
207 127
207 130
207 133
207 162
207 173
207 175
207 183
207 184
207 189
207 194
207 200
207 210
207 216
207 218
207 225
207 234
208 9
208 13
208 19
208 20
208 32
208 33
208 40
208 42
208 43
208 45
208 47
208 48
208 72
208 75
208 92
208 97
208 99
208 106
208 107
208 115
208 116
208 121
208 136
208 138
208 139
208 143
208 148
208 151
208 157
208 159
208 160
208 162
208 164
208 167
208 171
208 176
208 196
208 198
208 200
208 201
208 206
208 213
208 218
208 230
209 0
209 3
209 4
209 5
209 6
209 8
209 10
209 14
209 18
209 19
209 24
209 27
209 30
209 32
209 36
209 37
209 43
209 52
209 55
209 63
209 67
209 80
209 82
209 83
209 84
209 86
209 93
209 103
209 105
209 106
209 107
209 118
209 120
209 125
209 129
209 135
209 145
209 146
209 149
209 150
209 151
209 153
209 155
209 157
209 158
209 161
209 168
209 171
209 177
209 179
209 180
209 185
209 186
209 201
209 202
209 203
209 205
209 208
209 223
209 227
209 228
209 231
210 1
210 7
210 14
210 21
210 23
210 28
210 29
210 33
210 53
210 54
210 57
210 58
210 61
210 70
210 72
210 77
210 79
210 80
210 86
210 96
210 101
210 106
210 107
210 114
210 116
210 119
210 124
210 140
210 141
210 151
210 155
210 171
210 190
210 191
210 196
210 207
210 208
210 213
210 219
210 221
210 223
210 225
210 230
210 234
211 1
211 11
211 12
211 15
211 24
211 26
211 28
211 31
211 33
211 34
211 41
211 42
211 44
211 51
211 52
211 54
211 62
211 68
211 71
211 82
211 83
211 87
211 90
211 102
211 110
211 111
211 116
211 123
211 126
211 153
211 154
211 155
211 158
211 161
211 165
211 199
211 204
211 214
211 217
211 222
211 226
211 231
211 233
212 2
212 3
212 4
212 13
212 26
212 32
212 33
212 45
212 46
212 51
212 60
212 62
212 67
212 70
212 76
212 87
212 88
212 100
212 114
212 122
212 125
212 126
212 127
212 131
212 138
212 139
212 140
212 143
212 148
212 152
212 157
212 160
212 167
212 179
212 205
212 206
212 207
212 209
212 211
212 220
212 222
212 224
213 0
213 9
213 15
213 19
213 24
213 35
213 36
213 41
213 53
213 55
213 57
213 76
213 81
213 82
213 83
213 93
213 102
213 109
213 113
213 121
213 122
213 126
213 131
213 135
213 137
213 141
213 146
213 149
213 150
213 152
213 153
213 155
213 160
213 164
213 168
213 170
213 174
213 188
213 192
213 195
213 196
213 202
213 208
213 210
213 212
213 214
213 218
214 0
214 1
214 2
214 6
214 9
214 10
214 17
214 29
214 30
214 40
214 46
214 47
214 52
214 65
214 80
214 91
214 93
214 96
214 97
214 105
214 107
214 111
214 118
214 126
214 129
214 145
214 158
214 166
214 167
214 169
214 172
214 179
214 181
214 191
214 194
214 202
214 206
214 209
214 216
214 221
214 230
214 233
215 2
215 3
215 4
215 7
215 11
215 13
215 15
215 19
215 23
215 29
215 30
215 36
215 39
215 47
215 49
215 55
215 58
215 73
215 75
215 78
215 80
215 91
215 92
215 95
215 97
215 100
215 102
215 103
215 108
215 110
215 115
215 120
215 132
215 136
215 148
215 149
215 152
215 158
215 160
215 164
215 167
215 168
215 183
215 187
215 188
215 193
215 200
215 204
215 221
215 231
215 232
216 3
216 4
216 10
216 16
216 20
216 23
216 32
216 39
216 45
216 46
216 51
216 58
216 74
216 75
216 78
216 80
216 104
216 105
216 110
216 111
216 121
216 123
216 127
216 130
216 136
216 138
216 140
216 146
216 153
216 154
216 158
216 159
216 161
216 162
216 165
216 171
216 177
216 179
216 182
216 183
216 189
216 195
216 198
216 200
216 201
216 208
216 213
216 221
216 224
216 229
216 232
217 5
217 6
217 9
217 14
217 21
217 31
217 39
217 43
217 46
217 57
217 58
217 63
217 66
217 67
217 82
217 83
217 87
217 90
217 94
217 95
217 97
217 105
217 110
217 112
217 116
217 119
217 121
217 125
217 138
217 143
217 146
217 149
217 151
217 152
217 157
217 158
217 160
217 163
217 167
217 172
217 175
217 176
217 183
217 185
217 187
217 194
217 197
217 200
217 205
217 207
217 208
217 209
217 212
217 213
217 218
217 223
217 225
217 227
217 228
218 3
218 13
218 17
218 20
218 28
218 31
218 34
218 44
218 47
218 48
218 53
218 56
218 61
218 62
218 70
218 73
218 80
218 85
218 91
218 92
218 98
218 104
218 109
218 110
218 111
218 123
218 129
218 142
218 145
218 148
218 149
218 159
218 169
218 171
218 176
218 182
218 199
218 210
218 215
218 226
218 228
218 230
218 231
219 0
219 9
219 12
219 17
219 20
219 27
219 34
219 36
219 42
219 47
219 55
219 56
219 64
219 78
219 86
219 92
219 97
219 102
219 108
219 111
219 113
219 114
219 115
219 120
219 122
219 133
219 139
219 144
219 145
219 148
219 154
219 165
219 171
219 174
219 178
219 180
219 182
219 183
219 191
219 198
219 199
219 214
219 215
219 216
219 220
219 225
219 226
219 228
219 229
220 1
220 17
220 21
220 24
220 30
220 31
220 34
220 39
220 41
220 42
220 43
220 49
220 55
220 56
220 61
220 66
220 73
220 74
220 78
220 79
220 97
220 98
220 105
220 109
220 113
220 142
220 146
220 148
220 154
220 159
220 162
220 172
220 180
220 181
220 182
220 190
220 195
220 197
220 199
220 203
220 204
220 207
220 209
220 213
220 216
220 219
220 221
221 3
221 9
221 34
221 42
221 53
221 62
221 74
221 75
221 79
221 81
221 85
221 87
221 96
221 97
221 103
221 106
221 108
221 124
221 125
221 130
221 133
221 146
221 148
221 156
221 166
221 168
221 179
221 184
221 197
221 201
221 202
221 207
221 212
221 215
221 216
221 217
221 218
221 219
221 226
221 229
222 16
222 18
222 25
222 28
222 31
222 46
222 47
222 51
222 52
222 64
222 65
222 68
222 78
222 82
222 83
222 86
222 87
222 88
222 90
222 96
222 100
222 104
222 105
222 108
222 110
222 126
222 127
222 131
222 133
222 137
222 151
222 152
222 156
222 164
222 168
222 170
222 174
222 176
222 177
222 182
222 183
222 185
222 188
222 189
222 205
222 207
222 208
222 211
222 212
222 221
222 223
222 224
222 232
223 2
223 3
223 5
223 7
223 12
223 20
223 29
223 32
223 33
223 35
223 42
223 48
223 63
223 64
223 70
223 75
223 92
223 100
223 103
223 110
223 115
223 119
223 120
223 121
223 125
223 129
223 132
223 135
223 141
223 143
223 145
223 149
223 152
223 155
223 160
223 164
223 172
223 180
223 181
223 184
223 188
223 193
223 211
223 212
223 219
223 220
223 224
223 228
223 234
224 0
224 12
224 23
224 26
224 35
224 36
224 43
224 46
224 53
224 57
224 59
224 60
224 65
224 71
224 73
224 74
224 75
224 77
224 85
224 90
224 93
224 131
224 135
224 141
224 148
224 149
224 166
224 167
224 176
224 180
224 183
224 200
224 205
224 210
224 213
224 216
224 222
224 225
224 227
224 230
224 233
225 3
225 6
225 14
225 20
225 29
225 33
225 41
225 46
225 49
225 50
225 52
225 55
225 57
225 58
225 59
225 61
225 67
225 68
225 70
225 72
225 75
225 85
225 91
225 105
225 110
225 111
225 115
225 116
225 120
225 138
225 139
225 160
225 173
225 174
225 179
225 182
225 184
225 190
225 192
225 198
225 213
225 216
226 15
226 22
226 26
226 33
226 36
226 38
226 43
226 54
226 55
226 59
226 61
226 81
226 90
226 98
226 99
226 106
226 116
226 118
226 130
226 134
226 137
226 140
226 152
226 169
226 181
226 187
226 188
226 190
226 191
226 193
226 196
226 198
226 200
226 209
226 232
227 5
227 9
227 13
227 15
227 16
227 22
227 32
227 33
227 36
227 41
227 49
227 60
227 62
227 66
227 80
227 87
227 91
227 93
227 99
227 105
227 111
227 112
227 113
227 120
227 129
227 131
227 132
227 139
227 152
227 153
227 156
227 160
227 164
227 169
227 177
227 182
227 195
227 200
227 201
227 203
227 208
227 213
227 215
227 220
227 225
227 230
228 6
228 7
228 10
228 12
228 16
228 18
228 20
228 21
228 22
228 27
228 29
228 33
228 34
228 37
228 39
228 53
228 60
228 61
228 68
228 69
228 71
228 77
228 80
228 84
228 88
228 90
228 92
228 102
228 115
228 116
228 118
228 123
228 125
228 129
228 134
228 135
228 139
228 143
228 148
228 152
228 158
228 164
228 166
228 174
228 179
228 182
228 186
228 210
228 216
228 230
229 1
229 11
229 15
229 16
229 39
229 41
229 43
229 52
229 53
229 70
229 74
229 75
229 80
229 83
229 91
229 93
229 94
229 102
229 106
229 107
229 108
229 112
229 123
229 137
229 143
229 144
229 147
229 151
229 155
229 159
229 165
229 170
229 176
229 188
229 192
229 193
229 195
229 197
229 198
229 200
229 204
229 212
229 219
229 223
229 224
229 226
229 227
230 6
230 9
230 25
230 28
230 29
230 37
230 47
230 51
230 53
230 54
230 63
230 64
230 65
230 69
230 70
230 72
230 81
230 92
230 93
230 100
230 103
230 106
230 109
230 110
230 115
230 120
230 134
230 141
230 143
230 149
230 153
230 163
230 164
230 169
230 170
230 174
230 181
230 196
230 209
230 212
230 217
230 218
230 219
230 229
230 234
231 3
231 8
231 11
231 13
231 15
231 17
231 19
231 20
231 26
231 27
231 35
231 37
231 42
231 45
231 55
231 56
231 68
231 69
231 71
231 76
231 78
231 80
231 100
231 105
231 117
231 120
231 124
231 127
231 132
231 134
231 136
231 142
231 150
231 153
231 156
231 157
231 159
231 163
231 164
231 171
231 176
231 185
231 191
231 198
231 207
231 208
231 209
231 215
231 224
231 234
232 8
232 16
232 19
232 21
232 25
232 33
232 36
232 54
232 55
232 64
232 72
232 83
232 85
232 87
232 88
232 89
232 90
232 91
232 92
232 99
232 101
232 102
232 107
232 108
232 114
232 120
232 121
232 144
232 153
232 154
232 156
232 164
232 165
232 167
232 179
232 180
232 189
232 228
232 230
232 234
233 0
233 4
233 10
233 11
233 17
233 26
233 28
233 35
233 41
233 59
233 61
233 66
233 67
233 73
233 76
233 84
233 86
233 89
233 91
233 94
233 96
233 110
233 115
233 124
233 127
233 142
233 144
233 153
233 160
233 181
233 188
233 221
233 231
233 232
234 5
234 7
234 13
234 16
234 18
234 30
234 31
234 32
234 34
234 43
234 52
234 57
234 58
234 62
234 63
234 79
234 81
234 84
234 90
234 94
234 96
234 102
234 104
234 108
234 116
234 118
234 119
234 120
234 121
234 124
234 135
234 141
234 155
234 166
234 175
234 187
234 193
234 198
234 201
234 207
234 212
234 214
