100
0 3
0 9
0 12
0 14
0 17
0 34
0 35
0 36
0 38
0 43
0 47
0 52
0 59
0 60
0 67
0 73
0 74
0 85
0 89
1 2
1 12
1 13
1 15
1 18
1 20
1 22
1 23
1 29
1 32
1 40
1 44
1 57
1 64
1 81
1 90
1 97
2 6
2 14
2 15
2 21
2 22
2 23
2 24
2 26
2 28
2 29
2 32
2 36
2 37
2 38
2 42
2 55
2 61
2 63
2 68
2 81
2 95
2 99
3 0
3 7
3 12
3 28
3 33
3 35
3 38
3 43
3 44
3 46
3 52
3 57
3 58
3 60
3 65
3 70
3 73
3 78
3 88
3 93
3 96
3 98
4 6
4 7
4 11
4 12
4 15
4 17
4 18
4 32
4 33
4 39
4 40
4 42
4 44
4 46
4 47
4 52
4 54
4 55
4 60
4 66
4 71
4 79
4 87
4 88
4 93
4 95
4 96
4 97
4 98
5 6
5 11
5 13
5 20
5 22
5 41
5 42
5 46
5 49
5 56
5 63
5 66
5 70
5 78
5 83
5 85
5 96
6 1
6 2
6 5
6 7
6 8
6 9
6 14
6 20
6 27
6 39
6 41
6 44
6 45
6 46
6 49
6 51
6 56
6 61
6 64
6 68
6 69
6 72
6 75
6 87
6 89
6 97
7 0
7 4
7 6
7 15
7 22
7 23
7 26
7 34
7 40
7 44
7 47
7 48
7 52
7 53
7 54
7 56
7 57
7 59
7 63
7 68
7 69
7 76
7 83
7 89
7 90
7 94
7 98
8 3
8 4
8 18
8 22
8 34
8 43
8 56
8 65
8 66
8 72
8 77
8 89
8 95
8 97
9 0
9 10
9 12
9 22
9 24
9 28
9 31
9 43
9 59
9 61
9 87
9 89
9 92
10 3
10 18
10 21
10 24
10 27
10 29
10 41
10 44
10 45
10 46
10 47
10 51
10 54
10 62
10 71
10 73
10 78
10 81
10 83
10 87
11 2
11 3
11 5
11 8
11 24
11 28
11 31
11 32
11 39
11 57
11 58
11 59
11 63
11 75
11 78
11 83
11 84
11 90
11 96
12 2
12 9
12 14
12 16
12 36
12 38
12 39
12 40
12 51
12 70
12 73
12 75
12 78
12 81
12 86
12 88
12 93
12 96
13 0
13 1
13 4
13 6
13 10
13 31
13 34
13 35
13 52
13 54
13 55
13 56
13 67
13 68
13 71
13 73
13 82
13 88
14 0
14 1
14 3
14 8
14 15
14 22
14 23
14 26
14 29
14 38
14 39
14 62
14 64
14 66
14 69
14 75
14 93
15 1
15 4
15 10
15 12
15 16
15 20
15 21
15 23
15 36
15 46
15 50
15 51
15 52
15 54
15 56
15 58
15 62
15 68
15 69
15 72
15 79
15 83
15 85
15 87
15 90
15 95
16 4
16 11
16 19
16 23
16 24
16 27
16 28
16 33
16 34
16 37
16 43
16 44
16 45
16 49
16 50
16 52
16 64
16 69
16 71
16 77
16 79
16 81
16 84
16 97
16 98
17 5
17 8
17 15
17 20
17 26
17 32
17 35
17 43
17 61
17 62
17 68
17 80
17 83
17 85
17 96
18 8
18 12
18 14
18 15
18 16
18 19
18 24
18 26
18 32
18 34
18 37
18 40
18 46
18 57
18 58
18 62
18 63
18 72
18 78
18 83
18 84
18 87
18 98
19 5
19 6
19 28
19 29
19 30
19 32
19 34
19 35
19 36
19 41
19 45
19 55
19 56
19 64
19 70
19 71
19 77
19 78
19 81
19 87
19 90
19 91
19 94
20 4
20 6
20 8
20 10
20 16
20 23
20 25
20 26
20 35
20 40
20 45
20 49
20 55
20 60
20 61
20 68
20 71
20 72
20 78
20 88
20 92
20 97
21 6
21 11
21 23
21 25
21 27
21 28
21 30
21 31
21 33
21 36
21 37
21 38
21 41
21 42
21 43
21 49
21 52
21 55
21 61
21 62
21 63
21 66
21 71
21 79
21 83
21 86
21 97
22 0
22 2
22 10
22 17
22 33
22 40
22 41
22 54
22 55
22 60
22 63
22 72
22 74
22 80
22 85
22 91
23 4
23 7
23 9
23 19
23 20
23 32
23 37
23 45
23 47
23 58
23 62
23 69
23 70
23 71
23 73
23 74
23 76
23 77
23 78
23 88
23 97
24 0
24 1
24 5
24 6
24 10
24 25
24 28
24 30
24 31
24 32
24 35
24 36
24 37
24 44
24 51
24 56
24 57
24 58
24 69
24 74
24 75
24 79
24 81
24 82
24 83
24 85
24 96
25 9
25 10
25 12
25 17
25 29
25 32
25 34
25 37
25 41
25 42
25 44
25 45
25 47
25 58
25 62
25 66
25 68
25 81
25 89
26 3
26 6
26 8
26 22
26 24
26 29
26 33
26 39
26 44
26 46
26 48
26 49
26 51
26 53
26 62
26 65
26 69
26 71
26 77
26 79
26 81
26 88
26 92
26 95
26 96
27 0
27 5
27 14
27 15
27 23
27 33
27 38
27 44
27 50
27 53
27 55
27 56
27 74
27 77
27 79
27 80
27 90
27 93
27 99
28 5
28 7
28 8
28 12
28 20
28 26
28 33
28 48
28 54
28 60
28 61
28 63
28 67
28 72
28 73
28 77
28 79
28 82
28 83
28 92
29 1
29 8
29 9
29 21
29 23
29 24
29 25
29 27
29 30
29 32
29 33
29 37
29 39
29 40
29 43
29 48
29 49
29 59
29 61
29 62
29 69
29 72
29 74
29 92
29 95
30 1
30 4
30 10
30 16
30 17
30 18
30 22
30 25
30 26
30 31
30 33
30 40
30 51
30 56
30 59
30 62
30 63
30 80
30 83
30 86
30 87
30 90
30 91
30 93
31 3
31 4
31 10
31 21
31 26
31 29
31 30
31 37
31 40
31 44
31 48
31 52
31 55
31 57
31 60
31 64
31 72
31 79
31 84
31 85
31 88
31 90
31 91
31 93
31 94
32 0
32 5
32 6
32 11
32 20
32 23
32 31
32 36
32 53
32 56
32 61
32 74
32 75
32 77
32 78
33 4
33 8
33 11
33 19
33 21
33 26
33 27
33 35
33 40
33 44
33 46
33 48
33 52
33 55
33 57
33 58
33 66
33 72
33 75
33 77
33 82
33 91
33 93
33 97
33 98
34 8
34 15
34 16
34 17
34 20
34 22
34 24
34 25
34 29
34 40
34 46
34 51
34 52
34 57
34 61
34 62
34 63
34 65
34 76
34 84
34 85
34 87
34 89
34 96
34 98
34 99
35 7
35 19
35 27
35 43
35 48
35 57
35 61
35 73
35 82
35 96
36 0
36 1
36 4
36 6
36 9
36 14
36 15
36 28
36 48
36 52
36 56
36 58
36 64
36 68
36 72
36 74
36 79
36 81
36 87
36 88
36 93
36 96
37 2
37 9
37 14
37 15
37 17
37 18
37 19
37 26
37 33
37 34
37 41
37 43
37 46
37 52
37 65
37 69
37 83
37 88
37 89
37 97
37 98
37 99
38 4
38 6
38 9
38 11
38 12
38 14
38 18
38 19
38 24
38 31
38 35
38 42
38 45
38 46
38 51
38 61
38 63
38 65
38 71
38 83
38 84
38 89
38 99
39 2
39 9
39 15
39 33
39 34
39 47
39 48
39 50
39 54
39 55
39 66
39 69
39 74
39 76
39 77
39 83
39 96
40 3
40 6
40 15
40 16
40 19
40 21
40 25
40 34
40 41
40 59
40 61
40 62
40 67
40 70
40 71
40 73
40 76
40 77
40 88
40 89
40 92
40 94
40 99
41 2
41 5
41 11
41 13
41 20
41 21
41 26
41 30
41 32
41 37
41 43
41 46
41 52
41 54
41 56
41 60
41 66
41 69
41 74
41 80
41 86
41 99
42 1
42 11
42 15
42 25
42 31
42 38
42 48
42 55
42 57
42 60
42 62
42 68
42 80
42 84
42 87
42 88
42 93
43 2
43 3
43 6
43 11
43 13
43 15
43 24
43 52
43 53
43 62
43 64
43 65
43 67
43 84
43 86
43 90
43 93
43 96
44 0
44 2
44 8
44 9
44 12
44 17
44 28
44 52
44 70
44 72
44 73
44 79
44 86
44 92
44 94
44 97
45 2
45 8
45 12
45 14
45 15
45 23
45 32
45 44
45 50
45 65
45 80
45 83
45 85
45 86
45 89
45 90
45 93
45 97
46 0
46 7
46 18
46 21
46 22
46 28
46 30
46 33
46 38
46 40
46 42
46 45
46 48
46 63
46 66
46 67
46 73
46 75
46 81
46 84
46 87
46 89
46 93
46 97
46 98
47 6
47 9
47 15
47 18
47 19
47 20
47 23
47 36
47 40
47 52
47 53
47 54
47 55
47 65
47 73
47 75
47 77
47 78
47 84
47 92
47 94
47 96
48 0
48 3
48 6
48 10
48 14
48 15
48 16
48 22
48 24
48 25
48 32
48 43
48 53
48 54
48 55
48 56
48 58
48 59
48 65
48 69
48 70
48 75
48 76
48 77
48 78
48 88
48 92
48 93
48 99
49 0
49 6
49 8
49 9
49 16
49 18
49 22
49 27
49 32
49 36
49 37
49 41
49 42
49 43
49 46
49 51
49 52
49 55
49 69
49 78
49 80
49 85
49 93
49 96
49 97
50 5
50 8
50 10
50 21
50 24
50 26
50 29
50 32
50 41
50 42
50 43
50 46
50 53
50 60
50 62
50 63
50 67
50 70
50 76
50 89
50 93
50 96
50 99
51 9
51 13
51 24
51 28
51 31
51 38
51 41
51 43
51 52
51 56
51 59
51 84
51 86
51 90
51 98
52 19
52 22
52 23
52 25
52 29
52 33
52 34
52 46
52 49
52 56
52 59
52 60
52 67
52 72
52 75
52 79
52 87
52 93
52 95
53 0
53 2
53 3
53 13
53 14
53 15
53 19
53 26
53 40
53 55
53 56
53 62
53 68
53 70
53 77
53 81
53 90
53 91
53 93
53 97
54 0
54 5
54 6
54 10
54 14
54 15
54 28
54 31
54 34
54 36
54 39
54 44
54 46
54 48
54 53
54 56
54 57
54 61
54 68
54 72
54 92
54 96
55 0
55 11
55 21
55 23
55 24
55 28
55 29
55 37
55 38
55 49
55 51
55 52
55 67
55 70
55 72
55 73
55 74
55 79
55 81
55 88
55 93
55 97
55 98
55 99
56 1
56 16
56 18
56 20
56 21
56 23
56 35
56 36
56 37
56 40
56 46
56 50
56 65
56 73
56 78
56 81
56 82
56 93
56 99
57 3
57 11
57 15
57 26
57 35
57 42
57 46
57 48
57 49
57 50
57 54
57 62
57 63
57 65
57 67
57 69
57 95
58 3
58 9
58 16
58 30
58 34
58 39
58 41
58 42
58 46
58 48
58 55
58 59
58 62
58 73
58 76
58 84
59 13
59 25
59 37
59 38
59 39
59 40
59 43
59 44
59 45
59 46
59 52
59 57
59 62
59 64
59 71
59 72
59 77
59 78
59 82
59 83
59 85
59 98
60 2
60 9
60 14
60 15
60 21
60 23
60 27
60 30
60 48
60 51
60 52
60 54
60 55
60 63
60 67
60 71
60 76
61 0
61 4
61 5
61 7
61 28
61 29
61 38
61 40
61 62
61 63
61 85
61 94
61 96
62 0
62 2
62 23
62 24
62 46
62 55
62 56
62 64
62 65
62 66
62 71
62 73
62 78
62 81
62 82
62 87
62 90
63 0
63 4
63 7
63 8
63 11
63 13
63 16
63 17
63 19
63 23
63 24
63 40
63 42
63 52
63 71
63 73
63 78
63 80
63 81
63 89
63 92
63 97
64 0
64 1
64 3
64 5
64 8
64 9
64 12
64 13
64 15
64 22
64 24
64 26
64 30
64 31
64 43
64 44
64 48
64 50
64 51
64 56
64 61
64 65
64 67
64 74
64 76
64 77
64 78
64 79
64 84
64 94
65 4
65 5
65 15
65 23
65 30
65 32
65 47
65 49
65 57
65 66
65 70
65 72
65 77
65 95
65 96
65 98
66 8
66 15
66 17
66 20
66 24
66 27
66 28
66 33
66 40
66 42
66 47
66 55
66 62
66 63
66 65
66 71
66 75
66 77
66 78
66 79
66 87
66 90
66 92
66 95
67 2
67 4
67 8
67 10
67 11
67 13
67 22
67 35
67 44
67 80
67 90
67 93
68 12
68 13
68 23
68 30
68 31
68 35
68 36
68 40
68 42
68 43
68 49
68 54
68 64
68 82
68 83
68 91
69 12
69 14
69 15
69 19
69 22
69 23
69 30
69 32
69 46
69 48
69 50
69 51
69 52
69 74
69 81
69 86
70 0
70 2
70 3
70 5
70 14
70 18
70 25
70 29
70 38
70 45
70 46
70 50
70 52
70 59
70 64
70 68
70 76
70 86
70 90
70 94
70 95
70 98
70 99
71 3
71 25
71 27
71 30
71 33
71 34
71 37
71 39
71 63
71 69
71 78
71 85
71 90
71 91
71 95
72 5
72 7
72 8
72 11
72 14
72 21
72 28
72 42
72 43
72 49
72 52
72 65
72 69
72 70
72 74
72 81
72 88
72 89
72 92
72 95
72 96
72 98
73 4
73 21
73 23
73 26
73 32
73 33
73 39
73 40
73 51
73 56
73 57
73 96
74 0
74 26
74 39
74 44
74 60
74 62
74 64
74 65
74 70
74 73
74 75
74 82
74 84
74 86
74 94
74 96
75 7
75 10
75 12
75 15
75 38
75 44
75 61
75 63
75 68
75 73
75 87
75 92
75 96
75 97
75 99
76 2
76 6
76 13
76 15
76 18
76 20
76 23
76 33
76 37
76 40
76 41
76 43
76 45
76 49
76 64
76 70
76 73
76 75
76 87
76 96
77 0
77 5
77 9
77 10
77 16
77 24
77 25
77 27
77 37
77 40
77 46
77 56
77 61
77 62
77 63
77 67
77 81
77 86
78 16
78 28
78 29
78 38
78 40
78 44
78 45
78 55
78 67
78 73
78 76
78 86
78 87
78 94
78 96
78 99
79 5
79 7
79 10
79 11
79 16
79 34
79 46
79 49
79 51
79 53
79 54
79 64
79 68
79 75
79 77
79 80
79 98
80 2
80 5
80 11
80 21
80 25
80 26
80 31
80 36
80 38
80 39
80 46
80 49
80 58
80 60
80 65
80 74
80 79
80 86
80 87
80 91
80 92
80 96
81 0
81 5
81 31
81 34
81 35
81 43
81 51
81 52
81 61
81 70
81 77
81 85
81 92
81 94
81 96
82 1
82 18
82 23
82 36
82 37
82 39
82 42
82 67
82 72
82 83
82 91
82 94
82 96
83 7
83 20
83 22
83 28
83 39
83 45
83 51
83 58
83 59
83 60
83 64
83 65
83 66
83 72
83 74
83 75
83 78
83 87
83 89
83 95
83 98
84 18
84 19
84 20
84 22
84 23
84 29
84 32
84 35
84 38
84 48
84 52
84 57
84 61
84 62
84 65
84 67
84 72
84 74
84 86
84 89
85 1
85 10
85 11
85 20
85 21
85 36
85 53
85 56
85 58
85 69
85 71
85 82
85 84
85 87
85 95
85 99
86 4
86 5
86 8
86 9
86 13
86 14
86 18
86 19
86 25
86 38
86 41
86 47
86 48
86 52
86 60
86 63
86 68
86 82
86 88
86 89
87 4
87 7
87 23
87 25
87 26
87 28
87 30
87 34
87 38
87 44
87 45
87 58
87 69
87 72
87 78
87 86
87 88
87 94
87 97
88 0
88 5
88 12
88 18
88 25
88 29
88 31
88 36
88 44
88 46
88 48
88 55
88 57
88 63
88 70
88 73
88 78
88 79
88 89
88 93
88 95
88 97
88 99
89 4
89 15
89 18
89 20
89 21
89 26
89 30
89 35
89 36
89 41
89 43
89 51
89 63
89 66
89 69
89 71
89 74
89 78
89 81
89 88
89 92
90 3
90 9
90 19
90 25
90 32
90 39
90 41
90 48
90 49
90 65
90 68
90 71
90 74
90 79
90 81
90 87
91 4
91 7
91 18
91 22
91 27
91 29
91 38
91 42
91 43
91 50
91 53
91 54
91 57
91 59
91 62
91 70
91 75
91 95
91 99
92 1
92 3
92 12
92 23
92 25
92 28
92 37
92 38
92 39
92 47
92 57
92 63
92 69
92 75
92 81
92 84
92 89
92 99
93 1
93 12
93 25
93 41
93 54
93 62
93 77
93 81
93 97
94 13
94 14
94 15
94 23
94 26
94 27
94 29
94 30
94 34
94 35
94 39
94 41
94 43
94 64
94 66
94 68
94 80
94 81
94 84
94 87
94 88
95 13
95 14
95 25
95 26
95 31
95 32
95 45
95 47
95 51
95 55
95 56
95 61
95 71
95 76
95 82
95 91
95 98
96 9
96 10
96 12
96 15
96 18
96 28
96 43
96 48
96 52
96 53
96 64
96 74
96 76
96 81
96 83
96 92
97 3
97 4
97 5
97 12
97 17
97 27
97 32
97 38
97 45
97 47
97 48
97 55
97 57
97 60
97 68
97 70
97 72
97 73
97 74
97 75
97 80
97 84
98 2
98 7
98 8
98 13
98 14
98 23
98 24
98 25
98 27
98 28
98 31
98 46
98 50
98 54
98 57
98 59
98 66
98 68
98 70
98 75
98 79
98 81
98 83
98 84
98 85
98 95
98 96
99 0
99 6
99 10
99 13
99 14
99 17
99 18
99 20
99 21
99 23
99 26
99 28
99 29
99 41
99 44
99 48
99 53
99 61
99 63
99 65
99 75
99 84
99 87
99 93
99 94
