160
0 4
0 9
0 10
0 11
0 20
0 24
0 38
0 44
0 49
0 54
0 64
0 65
0 69
0 71
0 75
0 79
0 82
0 83
0 91
0 92
0 102
0 104
0 105
0 106
0 110
0 128
0 129
0 133
0 138
0 140
0 149
0 154
0 156
1 0
1 11
1 16
1 18
1 22
1 23
1 24
1 39
1 41
1 47
1 57
1 58
1 60
1 64
1 69
1 70
1 71
1 75
1 87
1 95
1 103
1 109
1 110
1 111
1 119
1 128
1 136
1 143
1 145
1 155
1 158
2 10
2 11
2 12
2 13
2 28
2 29
2 35
2 48
2 55
2 63
2 67
2 76
2 80
2 83
2 84
2 87
2 95
2 100
2 104
2 121
2 122
2 124
2 126
2 128
2 131
2 143
2 144
2 149
2 151
2 156
3 0
3 4
3 12
3 13
3 14
3 16
3 20
3 32
3 39
3 51
3 52
3 57
3 60
3 63
3 64
3 66
3 67
3 70
3 71
3 74
3 76
3 78
3 84
3 87
3 95
3 96
3 100
3 103
3 109
3 113
3 120
3 122
3 134
3 137
3 145
3 154
3 156
4 0
4 18
4 21
4 35
4 37
4 46
4 47
4 50
4 52
4 72
4 76
4 78
4 80
4 91
4 93
4 94
4 96
4 103
4 105
4 108
4 117
4 128
4 136
4 137
4 140
4 149
4 155
4 156
4 158
5 2
5 7
5 12
5 20
5 34
5 44
5 47
5 48
5 49
5 50
5 54
5 60
5 64
5 68
5 75
5 81
5 85
5 96
5 101
5 106
5 108
5 112
5 120
5 123
5 129
5 130
5 133
5 134
5 140
5 141
5 143
5 154
6 7
6 10
6 16
6 18
6 21
6 24
6 30
6 31
6 33
6 37
6 40
6 43
6 48
6 59
6 62
6 67
6 74
6 75
6 84
6 89
6 91
6 95
6 99
6 103
6 111
6 112
6 115
6 118
6 120
6 129
6 137
6 139
6 156
7 1
7 5
7 8
7 10
7 15
7 18
7 49
7 51
7 52
7 61
7 83
7 86
7 88
7 90
7 93
7 97
7 108
7 117
7 118
7 120
7 128
7 130
7 134
7 141
7 142
7 150
8 2
8 3
8 7
8 9
8 11
8 13
8 17
8 19
8 24
8 25
8 28
8 29
8 30
8 32
8 34
8 35
8 37
8 39
8 43
8 46
8 49
8 62
8 69
8 70
8 72
8 76
8 77
8 80
8 85
8 87
8 92
8 93
8 95
8 96
8 99
8 100
8 102
8 105
8 106
8 117
8 119
8 128
8 135
8 138
8 146
8 149
8 151
8 156
8 158
9 0
9 4
9 6
9 11
9 17
9 20
9 23
9 27
9 29
9 45
9 46
9 58
9 60
9 66
9 68
9 80
9 105
9 109
9 112
9 114
9 115
9 122
9 123
9 127
9 131
9 133
9 136
9 141
9 153
9 159
10 1
10 6
10 8
10 14
10 47
10 48
10 53
10 55
10 56
10 58
10 60
10 63
10 64
10 67
10 68
10 69
10 72
10 73
10 74
10 89
10 90
10 94
10 111
10 113
10 115
10 120
10 126
10 132
10 133
10 136
10 144
10 148
10 158
11 2
11 4
11 9
11 19
11 27
11 31
11 36
11 37
11 46
11 47
11 49
11 56
11 57
11 58
11 60
11 64
11 69
11 73
11 76
11 78
11 79
11 83
11 94
11 99
11 102
11 107
11 109
11 119
11 120
11 128
11 130
11 131
11 132
11 137
11 150
11 159
12 7
12 17
12 22
12 40
12 45
12 47
12 50
12 52
12 57
12 59
12 60
12 62
12 68
12 69
12 73
12 87
12 88
12 89
12 98
12 104
12 105
12 106
12 114
12 115
12 118
12 124
12 128
12 132
12 134
12 140
12 149
12 155
12 156
12 159
13 1
13 5
13 7
13 11
13 18
13 25
13 31
13 40
13 44
13 47
13 50
13 54
13 56
13 68
13 72
13 75
13 76
13 78
13 82
13 87
13 89
13 91
13 94
13 99
13 105
13 118
13 120
13 124
13 125
13 133
13 151
13 152
13 154
13 158
14 5
14 8
14 13
14 16
14 17
14 21
14 28
14 32
14 38
14 42
14 43
14 44
14 48
14 54
14 57
14 63
14 64
14 65
14 76
14 94
14 112
14 116
14 127
14 130
14 150
14 152
14 153
14 155
14 159
15 2
15 3
15 5
15 7
15 8
15 16
15 29
15 32
15 35
15 38
15 45
15 47
15 54
15 57
15 58
15 59
15 61
15 62
15 69
15 70
15 75
15 76
15 83
15 100
15 106
15 121
15 122
15 134
15 138
15 150
15 153
15 158
16 2
16 3
16 6
16 9
16 14
16 17
16 18
16 21
16 24
16 28
16 33
16 37
16 38
16 48
16 49
16 52
16 53
16 62
16 71
16 83
16 90
16 93
16 96
16 97
16 98
16 100
16 105
16 124
16 125
16 127
16 128
16 129
16 130
16 132
16 133
16 137
16 145
16 149
16 154
16 157
16 158
17 5
17 7
17 9
17 10
17 11
17 14
17 16
17 18
17 24
17 27
17 31
17 38
17 41
17 43
17 46
17 47
17 48
17 49
17 50
17 53
17 64
17 65
17 66
17 70
17 74
17 76
17 81
17 86
17 90
17 93
17 99
17 102
17 103
17 106
17 112
17 122
17 124
17 127
17 129
17 137
17 140
17 148
17 153
17 157
18 5
18 8
18 15
18 19
18 24
18 26
18 27
18 36
18 48
18 50
18 78
18 82
18 84
18 90
18 93
18 96
18 105
18 106
18 109
18 111
18 117
18 118
18 121
18 123
18 124
18 133
18 135
18 139
18 141
18 144
18 149
18 155
18 156
19 5
19 14
19 15
19 16
19 37
19 42
19 44
19 56
19 62
19 63
19 69
19 72
19 76
19 79
19 81
19 86
19 87
19 89
19 90
19 92
19 103
19 104
19 106
19 110
19 114
19 120
19 129
19 138
19 145
19 151
19 159
20 8
20 12
20 21
20 23
20 24
20 26
20 29
20 30
20 32
20 43
20 51
20 52
20 68
20 70
20 73
20 82
20 92
20 97
20 108
20 114
20 124
20 129
20 133
20 146
20 155
21 0
21 2
21 3
21 10
21 14
21 23
21 26
21 32
21 38
21 41
21 48
21 54
21 55
21 61
21 65
21 68
21 77
21 80
21 82
21 88
21 89
21 93
21 97
21 104
21 110
21 118
21 120
21 132
21 135
21 144
21 146
21 147
21 148
21 156
22 3
22 6
22 8
22 9
22 13
22 16
22 37
22 42
22 47
22 53
22 54
22 56
22 67
22 72
22 73
22 76
22 78
22 83
22 85
22 91
22 92
22 94
22 95
22 100
22 103
22 104
22 107
22 114
22 120
22 121
22 126
22 129
22 130
22 143
22 145
22 156
23 4
23 5
23 10
23 17
23 20
23 33
23 36
23 40
23 48
23 51
23 52
23 56
23 58
23 59
23 69
23 73
23 83
23 90
23 98
23 102
23 103
23 112
23 113
23 116
23 119
23 123
23 129
23 132
23 137
23 142
23 146
23 150
23 154
23 156
24 0
24 2
24 4
24 5
24 7
24 16
24 19
24 20
24 33
24 34
24 37
24 40
24 42
24 45
24 49
24 50
24 56
24 83
24 90
24 94
24 117
24 120
24 126
24 130
24 150
24 151
24 153
24 156
25 8
25 15
25 17
25 21
25 23
25 24
25 29
25 36
25 42
25 43
25 46
25 48
25 56
25 59
25 64
25 68
25 71
25 74
25 77
25 83
25 86
25 87
25 93
25 103
25 104
25 108
25 117
25 123
25 124
25 132
25 134
25 137
25 147
25 153
25 157
25 158
26 3
26 5
26 6
26 7
26 12
26 19
26 20
26 29
26 32
26 40
26 42
26 43
26 44
26 45
26 54
26 60
26 62
26 66
26 68
26 94
26 96
26 104
26 106
26 112
26 118
26 120
26 122
26 126
26 130
26 131
26 145
26 149
26 151
27 1
27 7
27 14
27 18
27 19
27 34
27 42
27 43
27 53
27 57
27 58
27 68
27 70
27 72
27 77
27 79
27 82
27 83
27 85
27 104
27 105
27 106
27 119
27 127
27 128
27 129
27 133
27 134
27 139
27 159
28 0
28 16
28 17
28 34
28 36
28 46
28 49
28 56
28 59
28 63
28 69
28 76
28 83
28 88
28 92
28 106
28 107
28 109
28 125
28 126
28 130
28 135
28 138
28 141
28 146
28 150
28 153
28 157
29 3
29 8
29 9
29 11
29 14
29 17
29 33
29 35
29 43
29 45
29 49
29 52
29 63
29 66
29 74
29 76
29 82
29 85
29 87
29 97
29 103
29 107
29 116
29 120
29 121
29 137
29 140
29 141
29 143
29 152
30 4
30 10
30 13
30 16
30 29
30 39
30 51
30 56
30 69
30 81
30 82
30 86
30 88
30 91
30 92
30 106
30 107
30 122
30 129
30 132
30 153
30 154
31 6
31 10
31 12
31 13
31 14
31 16
31 17
31 35
31 37
31 48
31 57
31 59
31 60
31 62
31 86
31 121
31 122
31 131
31 136
31 137
31 140
31 141
31 148
31 149
31 154
32 1
32 4
32 6
32 12
32 14
32 21
32 27
32 38
32 58
32 59
32 61
32 66
32 67
32 77
32 83
32 91
32 92
32 96
32 99
32 109
32 110
32 117
32 122
32 124
32 133
32 134
32 143
32 145
32 147
32 149
33 1
33 2
33 3
33 8
33 9
33 14
33 26
33 29
33 32
33 34
33 47
33 52
33 57
33 64
33 65
33 78
33 83
33 105
33 107
33 108
33 110
33 119
33 128
33 132
33 136
33 145
33 156
33 158
34 3
34 4
34 10
34 19
34 25
34 33
34 36
34 41
34 46
34 49
34 54
34 60
34 66
34 71
34 76
34 81
34 85
34 86
34 91
34 95
34 99
34 106
34 108
34 111
34 119
34 127
34 128
34 130
34 146
34 153
34 159
35 4
35 5
35 6
35 9
35 12
35 22
35 23
35 28
35 37
35 38
35 41
35 50
35 53
35 55
35 58
35 60
35 62
35 64
35 66
35 73
35 74
35 90
35 92
35 93
35 94
35 96
35 97
35 105
35 117
35 119
35 128
35 144
35 145
35 152
36 1
36 11
36 14
36 16
36 25
36 37
36 40
36 44
36 46
36 56
36 60
36 65
36 66
36 69
36 70
36 80
36 82
36 99
36 101
36 108
36 125
36 140
36 146
36 152
36 157
37 2
37 7
37 9
37 16
37 17
37 30
37 44
37 47
37 51
37 66
37 68
37 76
37 77
37 83
37 89
37 93
37 97
37 98
37 99
37 107
37 121
37 133
37 136
37 143
37 146
38 3
38 4
38 16
38 22
38 24
38 26
38 45
38 54
38 64
38 66
38 71
38 76
38 77
38 79
38 83
38 87
38 89
38 92
38 93
38 94
38 98
38 100
38 101
38 104
38 108
38 114
38 117
38 118
38 126
38 127
38 128
38 132
38 136
38 138
38 139
38 140
38 141
38 153
38 154
38 156
39 7
39 11
39 14
39 15
39 20
39 29
39 33
39 36
39 42
39 63
39 65
39 68
39 80
39 82
39 84
39 85
39 89
39 100
39 101
39 103
39 105
39 106
39 112
39 113
39 116
39 124
39 128
39 134
39 140
39 151
39 156
40 5
40 20
40 21
40 22
40 25
40 26
40 31
40 33
40 46
40 50
40 52
40 58
40 60
40 62
40 65
40 72
40 73
40 84
40 111
40 126
40 130
40 132
40 134
40 138
40 142
40 145
40 149
40 158
40 159
41 11
41 24
41 42
41 45
41 49
41 50
41 52
41 53
41 56
41 57
41 67
41 70
41 86
41 99
41 110
41 114
41 115
41 117
41 118
41 125
41 129
41 146
41 148
41 153
41 155
41 158
41 159
42 6
42 18
42 24
42 32
42 35
42 41
42 51
42 52
42 67
42 68
42 69
42 70
42 73
42 78
42 79
42 84
42 85
42 91
42 96
42 109
42 117
42 139
42 142
42 145
42 146
42 147
43 0
43 2
43 11
43 21
43 23
43 27
43 30
43 35
43 41
43 57
43 61
43 67
43 71
43 86
43 93
43 94
43 101
43 102
43 106
43 113
43 117
43 131
43 136
43 139
43 140
43 141
43 146
43 148
43 150
43 153
43 157
43 158
44 14
44 16
44 18
44 19
44 20
44 36
44 39
44 40
44 43
44 46
44 53
44 58
44 78
44 79
44 87
44 89
44 90
44 104
44 113
44 114
44 120
44 123
44 124
44 125
44 130
44 143
44 150
44 151
44 152
45 2
45 8
45 14
45 15
45 19
45 26
45 31
45 34
45 47
45 55
45 62
45 63
45 65
45 72
45 75
45 82
45 84
45 85
45 86
45 89
45 103
45 114
45 115
45 118
45 124
45 129
45 130
45 139
45 140
45 146
45 149
45 156
46 0
46 1
46 2
46 6
46 15
46 18
46 20
46 21
46 26
46 29
46 30
46 33
46 37
46 41
46 45
46 49
46 50
46 61
46 83
46 103
46 107
46 109
46 111
46 118
46 119
46 120
46 123
46 125
46 140
46 141
46 142
46 143
46 146
46 149
46 150
46 151
46 153
46 159
47 3
47 5
47 9
47 14
47 29
47 31
47 35
47 40
47 45
47 48
47 50
47 55
47 59
47 61
47 67
47 68
47 70
47 75
47 81
47 83
47 87
47 104
47 108
47 110
47 123
47 126
47 135
47 142
47 146
47 148
47 150
48 0
48 3
48 11
48 18
48 20
48 26
48 28
48 30
48 35
48 45
48 46
48 47
48 50
48 53
48 54
48 55
48 57
48 59
48 61
48 68
48 70
48 74
48 78
48 80
48 97
48 102
48 104
48 117
48 120
48 123
48 127
48 136
48 138
48 140
48 145
48 148
48 156
48 158
49 0
49 8
49 11
49 16
49 21
49 24
49 31
49 34
49 39
49 40
49 43
49 44
49 45
49 48
49 53
49 58
49 61
49 62
49 66
49 67
49 86
49 87
49 90
49 94
49 98
49 109
49 112
49 114
49 119
49 124
49 125
49 129
49 130
49 134
49 138
49 152
49 153
49 157
50 4
50 5
50 12
50 14
50 15
50 17
50 20
50 22
50 26
50 36
50 57
50 58
50 66
50 70
50 72
50 82
50 83
50 93
50 94
50 95
50 96
50 105
50 114
50 118
50 119
50 137
50 144
50 149
51 5
51 6
51 13
51 29
51 40
51 61
51 64
51 67
51 68
51 76
51 77
51 81
51 90
51 95
51 96
51 101
51 104
51 111
51 112
51 113
51 118
51 121
51 125
51 126
51 133
51 139
51 141
51 145
51 146
51 149
51 150
51 151
51 152
51 157
51 159
52 4
52 10
52 11
52 13
52 26
52 27
52 30
52 32
52 36
52 42
52 44
52 49
52 71
52 74
52 76
52 77
52 78
52 83
52 91
52 98
52 111
52 112
52 118
52 120
52 126
52 129
52 130
52 134
52 138
52 146
52 149
52 153
52 154
52 156
52 159
53 14
53 20
53 23
53 27
53 28
53 37
53 38
53 43
53 45
53 60
53 66
53 67
53 68
53 72
53 82
53 84
53 87
53 100
53 103
53 105
53 117
53 122
53 127
53 128
53 132
53 138
53 139
53 142
53 145
53 151
53 158
54 1
54 2
54 3
54 9
54 11
54 17
54 24
54 26
54 28
54 31
54 38
54 40
54 42
54 46
54 48
54 65
54 66
54 67
54 80
54 86
54 91
54 92
54 94
54 97
54 103
54 108
54 111
54 118
54 122
54 124
54 129
54 133
54 134
54 135
54 140
55 4
55 7
55 19
55 21
55 23
55 28
55 43
55 44
55 53
55 59
55 61
55 64
55 78
55 83
55 89
55 104
55 108
55 110
55 118
55 122
55 127
55 138
55 148
55 152
56 13
56 21
56 24
56 27
56 34
56 38
56 39
56 42
56 54
56 55
56 59
56 61
56 79
56 87
56 90
56 94
56 95
56 107
56 113
56 119
56 121
56 129
56 144
56 145
56 155
56 159
57 5
57 9
57 11
57 13
57 28
57 37
57 46
57 47
57 48
57 50
57 54
57 55
57 70
57 72
57 75
57 83
57 85
57 90
57 91
57 96
57 97
57 100
57 105
57 106
57 108
57 110
57 116
57 121
57 123
57 129
57 134
57 151
57 159
58 7
58 17
58 22
58 30
58 37
58 41
58 42
58 44
58 57
58 60
58 65
58 66
58 68
58 72
58 74
58 77
58 80
58 88
58 92
58 93
58 94
58 97
58 103
58 106
58 112
58 116
58 118
58 121
58 124
58 127
58 128
58 132
58 135
58 137
58 141
59 2
59 3
59 4
59 6
59 7
59 15
59 17
59 18
59 24
59 33
59 34
59 39
59 44
59 52
59 57
59 61
59 62
59 63
59 75
59 78
59 87
59 90
59 107
59 108
59 114
59 117
59 139
59 140
59 141
59 146
59 148
59 151
60 0
60 5
60 8
60 9
60 11
60 18
60 22
60 24
60 28
60 29
60 48
60 49
60 57
60 61
60 64
60 66
60 67
60 68
60 70
60 71
60 72
60 75
60 78
60 85
60 101
60 108
60 118
60 123
60 124
60 127
60 128
60 130
60 131
60 136
60 151
60 152
60 156
60 159
61 0
61 3
61 8
61 9
61 15
61 19
61 29
61 30
61 31
61 34
61 41
61 51
61 59
61 69
61 70
61 71
61 73
61 78
61 79
61 81
61 90
61 93
61 96
61 98
61 99
61 101
61 123
61 128
61 132
61 133
61 139
61 143
61 145
61 149
61 150
61 155
61 157
62 0
62 2
62 4
62 5
62 12
62 15
62 25
62 32
62 38
62 46
62 49
62 52
62 59
62 74
62 84
62 88
62 89
62 92
62 94
62 97
62 104
62 109
62 111
62 112
62 113
62 114
62 115
62 136
62 137
62 151
62 153
62 154
62 159
63 9
63 15
63 20
63 23
63 24
63 26
63 28
63 41
63 47
63 49
63 55
63 59
63 60
63 67
63 70
63 81
63 90
63 93
63 100
63 105
63 107
63 108
63 118
63 119
63 121
63 124
63 126
63 133
63 144
63 145
63 147
63 148
63 151
63 154
64 1
64 7
64 8
64 10
64 22
64 25
64 32
64 33
64 38
64 40
64 48
64 49
64 61
64 67
64 71
64 73
64 84
64 85
64 87
64 118
64 125
64 128
64 133
64 135
64 147
64 149
64 153
64 154
64 157
65 8
65 16
65 17
65 22
65 25
65 33
65 43
65 46
65 48
65 63
65 68
65 69
65 79
65 86
65 88
65 96
65 101
65 105
65 113
65 120
65 126
65 127
65 128
65 140
65 147
65 148
65 149
66 4
66 5
66 10
66 23
66 26
66 30
66 41
66 57
66 63
66 68
66 75
66 77
66 85
66 99
66 107
66 126
66 128
66 130
66 137
66 159
67 0
67 5
67 7
67 8
67 9
67 13
67 14
67 17
67 20
67 21
67 22
67 25
67 31
67 32
67 33
67 40
67 41
67 45
67 49
67 60
67 61
67 64
67 66
67 68
67 70
67 77
67 80
67 81
67 98
67 108
67 111
67 117
67 119
67 120
67 123
67 124
67 127
67 129
67 136
67 137
67 146
67 149
67 150
68 8
68 10
68 14
68 19
68 23
68 24
68 30
68 40
68 42
68 48
68 49
68 56
68 67
68 82
68 84
68 92
68 97
68 100
68 106
68 107
68 118
68 125
68 126
68 127
68 129
68 133
68 142
68 143
68 148
68 156
69 7
69 17
69 25
69 26
69 28
69 37
69 38
69 45
69 50
69 52
69 53
69 54
69 60
69 70
69 74
69 80
69 82
69 87
69 95
69 102
69 108
69 120
69 122
69 145
69 151
69 157
70 6
70 25
70 26
70 31
70 33
70 38
70 40
70 42
70 47
70 49
70 53
70 65
70 66
70 69
70 71
70 74
70 88
70 92
70 94
70 100
70 106
70 115
70 117
70 119
70 124
70 137
70 143
70 144
70 153
70 159
71 6
71 8
71 17
71 25
71 34
71 37
71 39
71 40
71 43
71 65
71 73
71 74
71 79
71 85
71 99
71 113
71 121
71 129
71 133
71 137
71 139
71 140
71 144
71 147
71 153
71 154
72 3
72 10
72 11
72 12
72 20
72 23
72 45
72 54
72 56
72 58
72 59
72 60
72 70
72 75
72 77
72 79
72 81
72 83
72 90
72 97
72 101
72 103
72 107
72 112
72 114
72 115
72 116
72 127
72 128
72 133
72 156
73 9
73 13
73 17
73 19
73 20
73 39
73 47
73 55
73 56
73 58
73 61
73 63
73 78
73 81
73 82
73 85
73 86
73 96
73 99
73 102
73 106
73 111
73 112
73 124
73 130
73 131
73 137
73 138
73 140
73 145
73 150
73 156
74 0
74 10
74 15
74 27
74 33
74 38
74 40
74 42
74 51
74 61
74 62
74 76
74 77
74 78
74 81
74 86
74 100
74 108
74 110
74 120
74 126
74 127
74 130
74 140
74 141
74 143
74 146
74 155
74 156
74 159
75 2
75 6
75 13
75 19
75 24
75 26
75 35
75 36
75 38
75 45
75 63
75 71
75 76
75 80
75 88
75 90
75 91
75 94
75 96
75 100
75 101
75 106
75 108
75 118
75 119
75 131
75 133
75 138
75 148
75 155
75 159
76 3
76 7
76 11
76 15
76 18
76 29
76 34
76 57
76 59
76 60
76 65
76 68
76 70
76 71
76 80
76 103
76 111
76 112
76 113
76 116
76 120
76 131
76 132
76 136
76 142
76 153
77 3
77 6
77 7
77 13
77 22
77 27
77 29
77 31
77 34
77 35
77 40
77 43
77 46
77 58
77 60
77 61
77 71
77 74
77 81
77 82
77 86
77 87
77 88
77 90
77 93
77 96
77 98
77 99
77 104
77 107
77 108
77 109
77 111
77 130
77 142
77 145
77 146
77 154
78 4
78 9
78 13
78 18
78 21
78 24
78 30
78 32
78 33
78 37
78 46
78 53
78 54
78 55
78 56
78 60
78 61
78 63
78 68
78 80
78 88
78 95
78 99
78 100
78 103
78 106
78 114
78 126
78 133
78 137
78 139
78 144
79 3
79 14
79 16
79 19
79 22
79 24
79 25
79 37
79 41
79 53
79 54
79 59
79 68
79 77
79 78
79 86
79 93
79 94
79 95
79 97
79 108
79 129
79 133
79 135
79 140
79 144
79 154
80 7
80 13
80 16
80 34
80 35
80 36
80 37
80 38
80 40
80 48
80 49
80 54
80 56
80 60
80 64
80 67
80 83
80 92
80 95
80 98
80 102
80 105
80 127
80 132
80 136
80 138
80 151
81 3
81 17
81 19
81 31
81 36
81 38
81 39
81 40
81 48
81 54
81 59
81 63
81 65
81 72
81 73
81 75
81 77
81 85
81 92
81 106
81 107
81 113
81 120
81 128
81 130
81 137
81 140
81 142
81 149
81 154
81 159
82 9
82 11
82 14
82 16
82 18
82 19
82 22
82 26
82 50
82 52
82 60
82 67
82 71
82 74
82 75
82 77
82 89
82 101
82 106
82 110
82 114
82 122
82 126
82 129
82 130
82 137
82 138
82 150
82 151
83 0
83 1
83 14
83 25
83 27
83 29
83 34
83 48
83 51
83 54
83 60
83 61
83 64
83 80
83 82
83 85
83 87
83 92
83 94
83 102
83 109
83 117
83 122
83 123
83 124
83 134
83 137
83 143
83 150
83 155
84 2
84 3
84 4
84 20
84 29
84 32
84 36
84 39
84 41
84 48
84 62
84 66
84 80
84 105
84 108
84 111
84 113
84 118
84 122
84 126
84 127
84 129
84 132
84 135
84 136
84 138
84 139
84 144
84 147
85 0
85 6
85 24
85 27
85 29
85 30
85 31
85 35
85 36
85 42
85 50
85 57
85 58
85 60
85 70
85 73
85 74
85 81
85 86
85 87
85 95
85 100
85 104
85 105
85 111
85 114
85 121
85 123
85 125
85 139
85 140
85 141
85 145
85 148
85 149
85 151
85 153
85 154
85 155
85 158
86 2
86 3
86 6
86 18
86 22
86 32
86 36
86 38
86 40
86 45
86 48
86 55
86 58
86 60
86 61
86 74
86 77
86 81
86 88
86 89
86 90
86 93
86 103
86 104
86 105
86 111
86 119
86 128
86 132
86 135
86 138
86 140
87 2
87 7
87 25
87 28
87 35
87 36
87 37
87 47
87 50
87 58
87 62
87 63
87 68
87 70
87 100
87 102
87 116
87 119
87 121
87 122
87 123
87 125
87 126
87 127
87 135
87 137
87 138
87 144
87 148
87 157
88 0
88 1
88 11
88 13
88 24
88 25
88 27
88 32
88 33
88 35
88 40
88 46
88 48
88 51
88 53
88 55
88 60
88 64
88 80
88 94
88 98
88 106
88 120
88 123
88 132
88 136
88 137
88 140
88 141
88 142
88 143
88 154
89 0
89 4
89 9
89 11
89 12
89 13
89 14
89 15
89 19
89 26
89 28
89 33
89 37
89 38
89 39
89 43
89 45
89 58
89 60
89 61
89 65
89 72
89 90
89 99
89 102
89 107
89 108
89 109
89 110
89 111
89 125
89 128
89 130
89 143
89 147
89 149
89 151
89 158
90 1
90 13
90 18
90 22
90 23
90 26
90 27
90 29
90 34
90 37
90 46
90 47
90 51
90 55
90 60
90 64
90 65
90 69
90 70
90 84
90 97
90 109
90 111
90 113
90 127
90 131
90 134
90 143
91 0
91 1
91 23
91 25
91 26
91 44
91 50
91 53
91 54
91 61
91 64
91 67
91 72
91 73
91 86
91 87
91 95
91 98
91 99
91 100
91 117
91 118
91 127
91 128
91 130
91 136
91 138
91 140
91 141
91 144
91 153
92 1
92 2
92 8
92 10
92 11
92 15
92 23
92 24
92 27
92 28
92 37
92 46
92 49
92 50
92 53
92 56
92 75
92 76
92 78
92 80
92 89
92 105
92 108
92 113
92 114
92 122
92 123
92 129
92 132
92 134
92 139
92 145
92 153
93 2
93 8
93 14
93 22
93 24
93 41
93 42
93 45
93 51
93 63
93 65
93 73
93 77
93 78
93 81
93 86
93 87
93 99
93 106
93 108
93 112
93 113
93 134
93 142
93 143
93 145
93 146
94 1
94 6
94 11
94 13
94 14
94 16
94 18
94 19
94 38
94 43
94 49
94 64
94 68
94 70
94 74
94 75
94 77
94 81
94 83
94 97
94 107
94 114
94 117
94 125
94 130
94 141
94 147
94 148
94 151
95 4
95 24
95 31
95 33
95 36
95 45
95 48
95 53
95 59
95 63
95 64
95 65
95 75
95 87
95 89
95 98
95 101
95 105
95 113
95 119
95 133
95 142
95 152
95 154
96 5
96 7
96 11
96 13
96 16
96 21
96 24
96 25
96 31
96 33
96 43
96 46
96 50
96 51
96 60
96 68
96 72
96 83
96 94
96 98
96 101
96 107
96 109
96 112
96 113
96 133
96 156
96 157
97 0
97 5
97 6
97 13
97 17
97 18
97 19
97 22
97 42
97 44
97 52
97 56
97 70
97 72
97 73
97 82
97 86
97 90
97 93
97 108
97 112
97 113
97 117
97 125
97 133
97 137
97 140
97 141
97 150
97 157
98 1
98 2
98 6
98 8
98 9
98 26
98 29
98 31
98 40
98 42
98 45
98 53
98 65
98 72
98 78
98 80
98 92
98 96
98 102
98 105
98 118
98 120
98 124
98 129
98 142
98 144
98 155
98 159
99 1
99 2
99 11
99 12
99 16
99 20
99 27
99 28
99 30
99 33
99 37
99 41
99 42
99 49
99 52
99 59
99 62
99 70
99 74
99 75
99 84
99 88
99 93
99 104
99 109
99 110
99 118
99 119
99 121
99 125
99 129
99 130
99 131
99 138
99 145
99 148
100 2
100 4
100 6
100 8
100 10
100 15
100 20
100 26
100 46
100 47
100 51
100 69
100 70
100 74
100 76
100 77
100 81
100 89
100 98
100 102
100 103
100 116
100 119
100 124
100 126
100 127
100 133
100 140
100 154
100 159
101 0
101 1
101 3
101 17
101 23
101 25
101 29
101 30
101 34
101 40
101 41
101 46
101 50
101 57
101 66
101 67
101 79
101 88
101 92
101 95
101 96
101 98
101 109
101 113
101 114
101 115
101 116
101 129
101 137
101 144
101 153
102 2
102 5
102 11
102 16
102 20
102 22
102 25
102 27
102 28
102 31
102 35
102 36
102 41
102 46
102 49
102 73
102 84
102 89
102 90
102 94
102 108
102 113
102 114
102 120
102 121
102 127
102 135
102 154
103 8
103 15
103 17
103 21
103 26
103 30
103 32
103 33
103 39
103 43
103 44
103 46
103 48
103 59
103 65
103 67
103 71
103 74
103 76
103 77
103 92
103 97
103 101
103 106
103 114
103 115
103 116
103 120
103 124
103 125
103 128
103 141
103 146
103 148
103 149
103 153
103 154
103 157
104 12
104 13
104 14
104 20
104 22
104 24
104 29
104 35
104 37
104 43
104 45
104 49
104 50
104 53
104 54
104 62
104 77
104 79
104 88
104 89
104 93
104 103
104 107
104 115
104 117
104 119
104 126
104 127
104 134
104 135
104 138
104 141
104 154
104 155
105 7
105 10
105 12
105 15
105 19
105 21
105 30
105 37
105 38
105 41
105 46
105 47
105 50
105 63
105 64
105 71
105 73
105 77
105 84
105 89
105 90
105 95
105 100
105 101
105 110
105 114
105 116
105 117
105 121
105 123
105 127
105 140
105 147
105 157
106 5
106 7
106 9
106 14
106 20
106 32
106 33
106 38
106 46
106 49
106 55
106 56
106 58
106 63
106 64
106 67
106 68
106 74
106 79
106 81
106 82
106 84
106 86
106 91
106 98
106 100
106 108
106 118
106 123
106 125
106 126
106 147
106 155
106 156
106 158
107 1
107 3
107 18
107 23
107 32
107 34
107 37
107 41
107 43
107 47
107 48
107 55
107 59
107 62
107 68
107 70
107 75
107 79
107 81
107 83
107 84
107 87
107 88
107 96
107 105
107 121
107 123
107 139
107 141
107 143
107 148
107 150
107 156
107 157
107 159
108 0
108 2
108 6
108 15
108 16
108 19
108 20
108 29
108 30
108 31
108 34
108 35
108 48
108 59
108 69
108 70
108 81
108 98
108 99
108 103
108 106
108 107
108 110
108 130
108 139
108 144
108 148
108 153
108 159
109 2
109 3
109 4
109 11
109 15
109 19
109 29
109 31
109 32
109 34
109 35
109 36
109 37
109 39
109 40
109 47
109 59
109 62
109 65
109 68
109 69
109 74
109 78
109 95
109 96
109 101
109 106
109 112
109 119
109 120
109 121
109 124
109 128
109 130
109 138
109 144
109 148
109 150
109 154
109 157
109 158
110 8
110 9
110 28
110 32
110 36
110 40
110 60
110 73
110 74
110 80
110 89
110 99
110 100
110 113
110 114
110 115
110 116
110 117
110 125
110 128
110 137
110 143
110 145
110 147
110 154
110 157
110 158
111 1
111 2
111 4
111 17
111 20
111 21
111 22
111 26
111 31
111 32
111 33
111 38
111 40
111 42
111 50
111 55
111 80
111 82
111 86
111 90
111 95
111 98
111 101
111 112
111 116
111 122
111 130
111 132
111 134
111 138
111 143
111 150
111 155
111 157
112 1
112 2
112 4
112 8
112 9
112 16
112 18
112 24
112 27
112 28
112 29
112 40
112 45
112 46
112 49
112 50
112 68
112 69
112 74
112 80
112 81
112 86
112 87
112 90
112 91
112 92
112 94
112 98
112 99
112 100
112 103
112 106
112 107
112 109
112 110
112 111
112 114
112 116
112 119
112 126
112 136
113 2
113 7
113 18
113 22
113 30
113 33
113 39
113 45
113 48
113 50
113 52
113 53
113 54
113 67
113 68
113 74
113 80
113 88
113 90
113 91
113 96
113 97
113 109
113 116
113 117
113 119
113 121
113 131
113 133
113 142
113 151
114 8
114 16
114 23
114 24
114 34
114 48
114 49
114 65
114 73
114 78
114 90
114 94
114 102
114 104
114 107
114 118
114 127
114 128
114 135
114 136
114 137
114 149
114 154
115 12
115 15
115 20
115 28
115 37
115 48
115 50
115 52
115 53
115 70
115 75
115 76
115 82
115 90
115 109
115 124
115 134
115 137
115 146
115 153
116 3
116 8
116 11
116 14
116 16
116 22
116 29
116 31
116 36
116 42
116 43
116 53
116 55
116 56
116 65
116 69
116 73
116 74
116 76
116 77
116 90
116 91
116 96
116 101
116 118
116 119
116 120
116 135
116 139
116 145
116 146
116 159
117 3
117 4
117 8
117 16
117 20
117 23
117 29
117 31
117 35
117 45
117 49
117 54
117 56
117 58
117 60
117 64
117 72
117 74
117 80
117 86
117 92
117 95
117 99
117 103
117 109
117 147
117 156
117 158
118 1
118 2
118 5
118 8
118 12
118 13
118 17
118 18
118 28
118 36
118 38
118 39
118 42
118 55
118 57
118 64
118 68
118 74
118 82
118 87
118 96
118 107
118 121
118 132
118 137
118 140
118 144
118 149
118 152
118 156
118 157
118 159
119 5
119 8
119 11
119 20
119 28
119 40
119 41
119 43
119 45
119 52
119 57
119 62
119 64
119 65
119 66
119 67
119 83
119 84
119 86
119 88
119 90
119 93
119 94
119 99
119 100
119 101
119 104
119 118
119 130
119 132
119 135
119 136
119 142
119 143
119 150
119 152
119 156
119 158
120 2
120 3
120 7
120 9
120 12
120 20
120 22
120 41
120 46
120 49
120 54
120 61
120 64
120 68
120 73
120 81
120 86
120 87
120 91
120 94
120 96
120 98
120 107
120 110
120 115
120 116
120 124
120 125
120 130
120 138
120 143
120 145
120 151
120 157
121 1
121 10
121 11
121 15
121 17
121 22
121 27
121 31
121 34
121 37
121 38
121 39
121 45
121 66
121 69
121 88
121 89
121 90
121 92
121 101
121 113
121 114
121 120
121 124
121 131
121 149
121 151
121 152
121 155
121 157
122 1
122 4
122 14
122 19
122 20
122 23
122 36
122 38
122 39
122 43
122 49
122 54
122 57
122 62
122 64
122 66
122 68
122 73
122 77
122 93
122 99
122 101
122 106
122 121
122 127
122 130
122 131
122 135
122 136
122 138
122 140
122 152
122 159
123 1
123 9
123 26
123 32
123 42
123 47
123 56
123 68
123 73
123 76
123 82
123 86
123 92
123 93
123 98
123 112
123 117
123 119
123 120
123 141
124 2
124 11
124 23
124 24
124 26
124 27
124 32
124 35
124 41
124 51
124 59
124 66
124 67
124 71
124 76
124 100
124 109
124 113
124 118
124 119
124 123
124 130
124 132
124 135
124 138
124 147
124 149
124 152
124 154
124 156
124 158
125 0
125 2
125 4
125 5
125 8
125 14
125 23
125 32
125 33
125 36
125 40
125 42
125 43
125 47
125 52
125 56
125 57
125 68
125 72
125 75
125 76
125 77
125 81
125 84
125 92
125 93
125 96
125 97
125 98
125 101
125 112
125 127
125 131
125 133
125 139
125 146
125 148
125 149
125 158
126 1
126 7
126 10
126 26
126 28
126 29
126 40
126 45
126 50
126 52
126 55
126 62
126 63
126 64
126 68
126 70
126 77
126 80
126 90
126 95
126 96
126 107
126 109
126 113
126 120
126 128
126 139
126 141
126 150
126 152
126 153
126 154
126 158
127 3
127 11
127 12
127 15
127 16
127 17
127 18
127 19
127 20
127 25
127 42
127 46
127 51
127 52
127 56
127 60
127 61
127 65
127 67
127 70
127 72
127 73
127 77
127 91
127 93
127 104
127 106
127 107
127 108
127 128
127 129
127 137
127 138
127 142
127 146
127 150
127 154
127 156
127 157
127 158
128 1
128 7
128 15
128 28
128 30
128 31
128 34
128 37
128 41
128 44
128 45
128 53
128 60
128 69
128 80
128 86
128 88
128 93
128 97
128 114
128 117
128 123
128 124
128 127
128 129
128 131
128 132
128 136
128 141
128 147
128 149
128 152
128 155
128 157
129 0
129 13
129 14
129 22
129 23
129 28
129 33
129 38
129 40
129 42
129 47
129 48
129 50
129 57
129 58
129 64
129 67
129 68
129 70
129 71
129 78
129 79
129 80
129 81
129 85
129 91
129 95
129 97
129 102
129 108
129 115
129 116
129 120
129 122
129 133
129 134
129 135
129 138
129 140
129 143
129 145
129 149
129 150
129 158
130 1
130 12
130 13
130 19
130 21
130 23
130 27
130 31
130 36
130 45
130 57
130 58
130 59
130 72
130 73
130 74
130 77
130 79
130 81
130 85
130 87
130 91
130 93
130 98
130 100
130 105
130 108
130 111
130 115
130 123
130 131
130 135
130 140
130 146
130 152
130 153
130 154
130 156
130 158
131 0
131 1
131 23
131 24
131 27
131 29
131 31
131 35
131 36
131 44
131 46
131 54
131 56
131 60
131 66
131 67
131 70
131 71
131 72
131 76
131 98
131 101
131 117
131 125
131 133
131 137
131 138
131 146
131 152
131 155
131 156
132 8
132 10
132 14
132 15
132 19
132 21
132 25
132 31
132 33
132 34
132 38
132 40
132 41
132 49
132 52
132 54
132 55
132 56
132 58
132 59
132 68
132 72
132 86
132 88
132 90
132 106
132 107
132 109
132 114
132 115
132 120
132 127
132 128
132 130
132 135
132 136
132 145
132 147
132 150
132 152
132 153
133 3
133 8
133 11
133 24
133 31
133 41
133 44
133 53
133 55
133 58
133 62
133 63
133 66
133 69
133 77
133 80
133 89
133 90
133 94
133 95
133 100
133 103
133 104
133 105
133 116
133 117
133 119
133 128
133 134
133 139
133 144
133 147
133 150
133 155
133 158
134 3
134 12
134 18
134 21
134 23
134 25
134 26
134 28
134 30
134 32
134 36
134 41
134 43
134 48
134 49
134 52
134 53
134 56
134 78
134 79
134 89
134 95
134 98
134 102
134 107
134 112
134 122
134 129
134 131
134 132
134 133
134 140
135 1
135 3
135 8
135 10
135 15
135 16
135 27
135 31
135 33
135 36
135 37
135 39
135 46
135 48
135 50
135 56
135 60
135 61
135 63
135 65
135 68
135 74
135 84
135 86
135 100
135 102
135 113
135 117
135 121
135 122
135 134
135 138
135 139
135 141
135 147
135 150
135 153
136 4
136 6
136 11
136 18
136 21
136 23
136 30
136 31
136 33
136 36
136 37
136 39
136 40
136 51
136 59
136 63
136 65
136 66
136 74
136 84
136 91
136 96
136 102
136 108
136 110
136 114
136 119
136 137
136 141
136 142
136 143
136 144
136 148
136 149
136 150
136 157
137 1
137 7
137 10
137 19
137 34
137 40
137 41
137 45
137 48
137 51
137 59
137 64
137 65
137 66
137 68
137 69
137 70
137 81
137 83
137 86
137 96
137 99
137 100
137 111
137 112
137 122
137 123
137 128
137 132
137 133
137 140
137 143
137 154
138 1
138 4
138 6
138 7
138 11
138 13
138 15
138 16
138 19
138 23
138 27
138 32
138 47
138 53
138 55
138 56
138 61
138 69
138 73
138 80
138 81
138 87
138 88
138 90
138 91
138 92
138 95
138 102
138 106
138 108
138 113
138 117
138 119
138 122
138 123
138 133
138 137
138 149
138 154
138 159
139 6
139 16
139 19
139 21
139 27
139 32
139 42
139 45
139 46
139 49
139 50
139 58
139 64
139 75
139 84
139 85
139 86
139 109
139 114
139 117
139 120
139 124
139 134
139 157
139 159
140 0
140 5
140 6
140 7
140 11
140 17
140 20
140 25
140 27
140 45
140 53
140 61
140 69
140 76
140 77
140 80
140 91
140 92
140 94
140 96
140 106
140 128
140 129
140 144
140 146
140 149
140 152
140 155
140 157
141 4
141 18
141 28
141 36
141 38
141 60
141 61
141 63
141 64
141 66
141 72
141 84
141 85
141 88
141 97
141 108
141 109
141 115
141 116
141 120
141 122
141 127
141 136
141 142
141 149
141 157
142 1
142 9
142 12
142 17
142 20
142 23
142 33
142 35
142 38
142 40
142 41
142 44
142 47
142 56
142 68
142 69
142 70
142 71
142 80
142 82
142 97
142 99
142 106
142 108
142 113
142 114
142 116
142 129
142 135
142 139
142 144
142 147
142 152
143 3
143 5
143 10
143 36
143 40
143 44
143 45
143 47
143 49
143 52
143 56
143 57
143 58
143 65
143 71
143 77
143 78
143 86
143 104
143 107
143 114
143 115
143 118
143 131
143 134
143 137
143 144
143 146
143 148
143 151
143 155
143 158
144 3
144 21
144 22
144 33
144 35
144 38
144 46
144 47
144 54
144 55
144 63
144 65
144 71
144 75
144 78
144 79
144 80
144 81
144 82
144 83
144 95
144 103
144 112
144 118
144 119
144 121
144 122
144 123
144 125
144 137
144 139
144 145
144 146
144 147
144 149
144 151
144 158
145 11
145 12
145 22
145 26
145 32
145 33
145 40
145 42
145 63
145 74
145 78
145 86
145 91
145 95
145 97
145 101
145 106
145 109
145 110
145 112
145 114
145 120
145 124
145 126
145 147
145 149
145 151
146 3
146 13
146 16
146 21
146 28
146 30
146 35
146 37
146 38
146 41
146 45
146 60
146 61
146 64
146 67
146 82
146 86
146 89
146 92
146 93
146 98
146 103
146 107
146 110
146 126
146 127
146 128
146 129
146 130
146 131
146 136
146 139
146 142
146 144
146 154
147 4
147 9
147 20
147 22
147 31
147 36
147 40
147 41
147 48
147 51
147 57
147 59
147 61
147 62
147 69
147 70
147 85
147 86
147 93
147 99
147 103
147 104
147 105
147 106
147 107
147 108
147 109
147 115
147 119
147 124
147 129
147 130
147 159
148 2
148 18
148 19
148 25
148 26
148 28
148 29
148 30
148 31
148 33
148 52
148 54
148 56
148 59
148 71
148 72
148 93
148 95
148 96
148 97
148 100
148 120
148 124
148 128
148 131
148 137
148 140
148 157
148 159
149 8
149 10
149 12
149 15
149 18
149 23
149 26
149 29
149 33
149 43
149 45
149 49
149 61
149 63
149 78
149 88
149 90
149 98
149 100
149 103
149 107
149 110
149 118
149 120
149 121
149 122
149 129
149 130
149 131
149 134
149 137
149 139
149 146
149 153
150 0
150 1
150 2
150 5
150 8
150 11
150 12
150 18
150 21
150 22
150 24
150 41
150 46
150 61
150 62
150 70
150 72
150 74
150 78
150 79
150 80
150 81
150 84
150 86
150 87
150 111
150 116
150 120
150 122
150 123
150 129
150 139
150 145
150 148
150 156
151 7
151 19
151 20
151 22
151 28
151 31
151 34
151 36
151 40
151 44
151 49
151 55
151 69
151 77
151 88
151 89
151 90
151 95
151 97
151 100
151 104
151 107
151 110
151 111
151 117
151 118
151 130
151 131
151 132
151 133
151 139
151 149
151 150
152 7
152 18
152 26
152 27
152 31
152 51
152 52
152 61
152 64
152 65
152 68
152 75
152 87
152 99
152 100
152 117
152 125
152 127
152 129
152 141
152 145
152 150
152 154
152 158
153 0
153 2
153 5
153 6
153 26
153 37
153 46
153 53
153 63
153 77
153 78
153 79
153 82
153 83
153 85
153 86
153 88
153 89
153 93
153 95
153 97
153 101
153 103
153 104
153 110
153 114
153 118
153 121
153 136
153 137
153 144
154 0
154 13
154 14
154 26
154 30
154 31
154 35
154 36
154 44
154 54
154 56
154 59
154 62
154 65
154 69
154 73
154 81
154 82
154 87
154 88
154 98
154 100
154 101
154 108
154 117
154 119
154 124
154 125
154 126
154 127
154 132
154 141
154 149
154 150
155 0
155 6
155 7
155 23
155 25
155 27
155 30
155 36
155 37
155 45
155 51
155 52
155 53
155 60
155 80
155 86
155 98
155 99
155 101
155 106
155 116
155 119
155 149
155 151
155 153
156 0
156 7
156 10
156 12
156 14
156 26
156 29
156 35
156 37
156 41
156 49
156 50
156 79
156 80
156 83
156 88
156 94
156 96
156 104
156 111
156 117
156 119
156 120
156 123
156 127
156 128
156 129
156 130
156 139
156 144
156 145
156 146
156 151
156 153
157 5
157 6
157 13
157 16
157 20
157 22
157 23
157 31
157 32
157 38
157 48
157 49
157 54
157 55
157 56
157 60
157 62
157 69
157 76
157 80
157 81
157 90
157 104
157 116
157 120
157 128
157 130
157 133
157 135
157 146
157 148
157 155
157 159
158 2
158 8
158 14
158 20
158 21
158 47
158 51
158 62
158 70
158 73
158 76
158 80
158 87
158 92
158 106
158 108
158 112
158 118
158 123
158 133
158 139
158 145
158 152
158 153
158 155
159 3
159 6
159 8
159 12
159 20
159 34
159 35
159 42
159 45
159 48
159 58
159 61
159 68
159 72
159 90
159 97
159 100
159 102
159 103
159 105
159 117
159 118
159 124
159 128
159 132
159 133
159 144
159 154
