220
0 4
0 8
0 11
0 15
0 20
0 23
0 26
0 32
0 35
0 40
0 42
0 50
0 57
0 65
0 68
0 71
0 73
0 76
0 82
0 85
0 89
0 91
0 93
0 99
0 102
0 103
0 110
0 111
0 113
0 132
0 134
0 136
0 143
0 144
0 145
0 149
0 153
0 158
0 162
0 163
0 168
0 171
0 174
0 180
0 185
0 192
0 195
0 201
0 206
0 214
0 216
0 217
0 218
1 3
1 5
1 16
1 17
1 25
1 30
1 34
1 42
1 43
1 48
1 53
1 59
1 60
1 66
1 70
1 74
1 75
1 83
1 88
1 96
1 102
1 103
1 110
1 113
1 124
1 127
1 135
1 137
1 140
1 150
1 152
1 164
1 165
1 168
1 170
1 175
1 176
1 180
1 182
1 186
1 193
1 198
1 200
1 204
1 208
1 216
2 4
2 8
2 10
2 13
2 18
2 21
2 22
2 23
2 25
2 30
2 37
2 39
2 48
2 57
2 58
2 68
2 69
2 81
2 86
2 88
2 92
2 97
2 100
2 113
2 122
2 125
2 127
2 132
2 133
2 144
2 156
2 163
2 166
2 171
2 175
2 179
2 184
2 186
2 203
2 210
2 212
2 214
2 218
2 219
3 0
3 4
3 5
3 7
3 16
3 19
3 20
3 31
3 33
3 36
3 38
3 54
3 56
3 62
3 63
3 69
3 72
3 79
3 87
3 91
3 97
3 100
3 103
3 113
3 114
3 131
3 139
3 157
3 161
3 163
3 165
3 188
3 195
3 202
3 206
3 207
3 209
3 210
3 216
4 0
4 5
4 11
4 22
4 23
4 34
4 44
4 50
4 59
4 80
4 90
4 98
4 105
4 107
4 114
4 124
4 125
4 128
4 133
4 134
4 139
4 142
4 146
4 160
4 163
4 164
4 174
4 182
4 184
4 187
4 188
4 214
4 216
5 2
5 12
5 24
5 29
5 36
5 38
5 39
5 50
5 64
5 70
5 72
5 86
5 89
5 100
5 101
5 104
5 106
5 116
5 119
5 122
5 126
5 129
5 135
5 142
5 145
5 146
5 159
5 163
5 170
5 175
5 178
5 180
5 201
5 207
5 218
6 0
6 3
6 9
6 13
6 20
6 21
6 24
6 34
6 47
6 53
6 55
6 60
6 68
6 80
6 81
6 83
6 92
6 94
6 98
6 99
6 102
6 109
6 110
6 111
6 116
6 118
6 124
6 125
6 133
6 137
6 145
6 153
6 159
6 171
6 175
6 176
6 180
6 181
6 189
6 193
6 196
6 198
6 201
7 4
7 5
7 9
7 12
7 16
7 23
7 24
7 40
7 45
7 51
7 58
7 62
7 63
7 66
7 72
7 75
7 80
7 88
7 91
7 110
7 117
7 118
7 119
7 129
7 133
7 138
7 140
7 141
7 150
7 154
7 157
7 171
7 182
7 185
7 194
7 211
7 214
8 2
8 9
8 10
8 23
8 24
8 29
8 35
8 39
8 46
8 47
8 53
8 56
8 61
8 67
8 74
8 76
8 78
8 83
8 84
8 87
8 89
8 90
8 91
8 92
8 94
8 101
8 102
8 112
8 113
8 124
8 127
8 130
8 136
8 143
8 150
8 156
8 168
8 169
8 172
8 174
8 176
8 180
8 182
8 183
8 188
8 191
8 195
8 198
8 199
8 204
8 207
8 218
9 1
9 7
9 8
9 14
9 15
9 16
9 26
9 37
9 38
9 43
9 46
9 56
9 58
9 61
9 71
9 79
9 86
9 88
9 91
9 94
9 101
9 107
9 114
9 118
9 129
9 130
9 133
9 137
9 140
9 153
9 156
9 158
9 159
9 160
9 161
9 164
9 171
9 173
9 175
9 179
9 185
9 187
9 190
9 192
9 201
9 204
9 216
10 12
10 13
10 15
10 28
10 30
10 34
10 38
10 56
10 73
10 80
10 86
10 88
10 99
10 106
10 113
10 115
10 131
10 136
10 138
10 149
10 151
10 154
10 156
10 159
10 168
10 177
10 178
10 179
10 185
10 186
10 192
10 194
10 195
10 203
10 205
10 209
10 214
11 1
11 2
11 4
11 8
11 18
11 36
11 47
11 51
11 55
11 56
11 57
11 61
11 68
11 70
11 74
11 83
11 88
11 93
11 97
11 99
11 106
11 111
11 112
11 120
11 122
11 130
11 147
11 149
11 150
11 154
11 156
11 159
11 164
11 165
11 172
11 175
11 178
11 179
11 183
11 189
11 191
11 193
11 197
11 201
11 203
11 206
11 207
11 214
12 3
12 4
12 9
12 19
12 20
12 30
12 39
12 40
12 50
12 54
12 55
12 60
12 61
12 70
12 89
12 96
12 102
12 104
12 109
12 114
12 117
12 120
12 125
12 129
12 136
12 137
12 144
12 145
12 146
12 148
12 159
12 160
12 165
12 169
12 174
12 185
12 187
12 194
12 201
12 202
12 204
12 205
12 207
12 208
12 211
13 4
13 9
13 17
13 18
13 23
13 24
13 27
13 28
13 34
13 39
13 45
13 51
13 62
13 64
13 65
13 73
13 79
13 81
13 83
13 86
13 94
13 95
13 100
13 101
13 109
13 112
13 113
13 116
13 138
13 139
13 144
13 152
13 166
13 171
13 187
13 188
13 195
13 196
13 205
13 209
13 212
13 215
13 217
13 218
14 3
14 7
14 12
14 15
14 17
14 19
14 21
14 27
14 29
14 38
14 41
14 42
14 50
14 51
14 53
14 58
14 65
14 70
14 79
14 87
14 95
14 102
14 112
14 115
14 116
14 117
14 118
14 119
14 123
14 142
14 151
14 158
14 160
14 163
14 166
14 169
14 174
14 176
14 179
14 180
14 187
14 193
14 198
14 199
14 200
14 205
14 213
15 1
15 5
15 10
15 17
15 31
15 42
15 52
15 55
15 57
15 59
15 60
15 68
15 81
15 83
15 84
15 87
15 89
15 90
15 99
15 102
15 103
15 104
15 107
15 112
15 113
15 116
15 119
15 124
15 131
15 133
15 135
15 140
15 143
15 144
15 150
15 152
15 162
15 169
15 176
15 179
15 181
15 183
15 187
15 193
15 211
15 214
15 217
16 3
16 5
16 9
16 10
16 22
16 23
16 27
16 36
16 39
16 40
16 46
16 59
16 60
16 70
16 73
16 92
16 93
16 100
16 102
16 120
16 123
16 128
16 131
16 134
16 138
16 139
16 150
16 151
16 152
16 153
16 154
16 162
16 170
16 177
16 179
16 183
16 185
16 200
16 202
17 5
17 10
17 33
17 37
17 52
17 53
17 54
17 56
17 57
17 58
17 72
17 78
17 83
17 86
17 91
17 94
17 95
17 99
17 100
17 102
17 104
17 106
17 107
17 109
17 121
17 123
17 129
17 134
17 146
17 152
17 166
17 174
17 180
17 181
17 197
17 198
17 208
17 209
17 216
17 218
18 8
18 12
18 19
18 34
18 36
18 39
18 44
18 50
18 51
18 55
18 57
18 58
18 70
18 73
18 74
18 76
18 77
18 80
18 83
18 86
18 87
18 89
18 96
18 101
18 108
18 117
18 119
18 121
18 122
18 123
18 125
18 127
18 141
18 145
18 153
18 156
18 163
18 164
18 165
18 167
18 169
18 171
18 173
18 174
18 185
18 191
18 192
18 193
18 199
18 200
18 202
18 205
18 208
18 209
18 213
18 219
19 8
19 23
19 30
19 31
19 37
19 45
19 50
19 62
19 67
19 69
19 72
19 81
19 85
19 86
19 89
19 91
19 92
19 96
19 97
19 98
19 99
19 105
19 107
19 111
19 114
19 118
19 126
19 131
19 133
19 135
19 143
19 148
19 150
19 153
19 154
19 155
19 172
19 175
19 177
19 178
19 180
19 182
19 192
19 194
19 195
19 196
19 198
19 200
19 204
19 219
20 0
20 3
20 9
20 14
20 19
20 29
20 38
20 40
20 42
20 43
20 44
20 46
20 47
20 53
20 61
20 66
20 73
20 79
20 89
20 92
20 98
20 105
20 106
20 108
20 110
20 112
20 118
20 121
20 128
20 129
20 132
20 133
20 135
20 138
20 141
20 152
20 160
20 162
20 164
20 169
20 173
20 174
20 180
20 182
20 186
20 198
20 199
20 210
20 217
21 7
21 14
21 17
21 22
21 24
21 26
21 30
21 33
21 39
21 42
21 49
21 55
21 61
21 63
21 66
21 93
21 104
21 105
21 109
21 115
21 116
21 119
21 126
21 136
21 137
21 148
21 152
21 154
21 159
21 165
21 168
21 169
21 170
21 174
21 181
21 197
21 201
21 205
21 215
21 216
21 217
22 1
22 13
22 14
22 20
22 21
22 25
22 27
22 29
22 31
22 33
22 51
22 64
22 65
22 66
22 71
22 81
22 91
22 92
22 93
22 99
22 101
22 108
22 109
22 112
22 114
22 121
22 127
22 130
22 134
22 136
22 140
22 147
22 153
22 154
22 158
22 160
22 162
22 163
22 167
22 168
22 173
22 177
22 191
22 197
22 199
22 201
22 218
22 219
23 1
23 2
23 4
23 21
23 24
23 25
23 28
23 46
23 48
23 51
23 57
23 58
23 62
23 63
23 65
23 69
23 75
23 90
23 93
23 96
23 104
23 110
23 114
23 116
23 133
23 146
23 152
23 162
23 172
23 174
23 175
23 186
23 187
23 188
23 191
23 193
23 195
23 198
23 199
23 205
23 210
23 214
23 218
24 1
24 12
24 15
24 19
24 23
24 29
24 31
24 38
24 43
24 44
24 48
24 53
24 54
24 59
24 81
24 84
24 86
24 87
24 92
24 95
24 96
24 109
24 112
24 117
24 122
24 133
24 140
24 142
24 147
24 155
24 162
24 164
24 165
24 173
24 179
24 180
24 184
24 185
24 191
24 194
24 195
24 204
25 13
25 14
25 15
25 16
25 39
25 41
25 46
25 56
25 63
25 68
25 69
25 72
25 74
25 85
25 90
25 93
25 98
25 101
25 117
25 136
25 142
25 150
25 152
25 164
25 178
25 190
25 198
25 209
25 211
26 7
26 9
26 25
26 28
26 33
26 46
26 53
26 64
26 67
26 73
26 78
26 79
26 83
26 93
26 95
26 103
26 111
26 112
26 113
26 118
26 122
26 124
26 127
26 128
26 134
26 138
26 157
26 158
26 159
26 164
26 166
26 174
26 175
26 177
26 183
26 186
26 190
26 198
26 201
26 205
26 209
26 217
27 8
27 13
27 23
27 26
27 29
27 30
27 35
27 39
27 59
27 60
27 61
27 63
27 70
27 71
27 73
27 74
27 76
27 80
27 81
27 84
27 85
27 86
27 88
27 91
27 93
27 95
27 98
27 99
27 102
27 108
27 110
27 116
27 117
27 123
27 135
27 137
27 141
27 146
27 147
27 150
27 151
27 152
27 153
27 156
27 160
27 186
27 187
27 191
27 196
27 198
27 199
27 201
27 208
27 219
28 10
28 26
28 30
28 37
28 38
28 40
28 43
28 44
28 50
28 71
28 75
28 78
28 79
28 82
28 86
28 88
28 89
28 103
28 111
28 115
28 118
28 123
28 138
28 139
28 142
28 147
28 149
28 154
28 158
28 159
28 163
28 166
28 168
28 170
28 171
28 204
28 208
28 210
29 0
29 1
29 3
29 8
29 13
29 17
29 21
29 27
29 28
29 31
29 35
29 42
29 43
29 44
29 47
29 53
29 56
29 68
29 72
29 80
29 96
29 104
29 106
29 111
29 112
29 117
29 132
29 134
29 139
29 142
29 144
29 147
29 148
29 151
29 152
29 157
29 170
29 171
29 176
29 182
29 184
29 192
29 194
29 206
29 212
29 214
29 215
29 219
30 9
30 12
30 24
30 25
30 40
30 43
30 45
30 47
30 49
30 54
30 60
30 68
30 69
30 72
30 73
30 76
30 80
30 84
30 86
30 93
30 94
30 100
30 101
30 107
30 109
30 111
30 113
30 114
30 115
30 116
30 123
30 125
30 132
30 133
30 138
30 143
30 146
30 154
30 159
30 162
30 166
30 167
30 180
30 181
30 194
30 196
30 201
30 206
30 207
30 211
31 5
31 10
31 11
31 28
31 32
31 39
31 40
31 42
31 43
31 47
31 48
31 53
31 62
31 63
31 69
31 75
31 76
31 81
31 83
31 89
31 94
31 103
31 114
31 118
31 122
31 129
31 132
31 134
31 135
31 137
31 140
31 141
31 143
31 155
31 162
31 167
31 169
31 172
31 174
31 178
31 180
31 181
31 182
31 185
31 187
31 193
31 208
31 218
32 10
32 14
32 15
32 27
32 30
32 33
32 34
32 35
32 43
32 46
32 47
32 52
32 54
32 58
32 66
32 70
32 76
32 79
32 80
32 83
32 85
32 100
32 109
32 110
32 117
32 120
32 132
32 135
32 136
32 158
32 163
32 177
32 187
32 189
32 192
32 193
32 194
32 196
32 197
32 206
32 212
33 7
33 12
33 29
33 34
33 39
33 46
33 48
33 50
33 58
33 64
33 67
33 75
33 87
33 89
33 91
33 99
33 106
33 107
33 119
33 122
33 131
33 133
33 138
33 144
33 153
33 160
33 166
33 167
33 170
33 174
33 175
33 176
33 178
33 179
33 183
33 197
33 206
33 210
33 213
33 215
34 3
34 7
34 14
34 27
34 33
34 39
34 41
34 44
34 48
34 51
34 66
34 73
34 76
34 77
34 83
34 84
34 86
34 98
34 103
34 106
34 112
34 113
34 118
34 127
34 128
34 131
34 132
34 141
34 145
34 147
34 159
34 163
34 172
34 175
34 182
34 183
34 184
34 190
34 193
34 195
34 196
34 210
34 212
35 0
35 2
35 4
35 15
35 27
35 37
35 40
35 49
35 50
35 52
35 58
35 64
35 67
35 68
35 79
35 82
35 85
35 90
35 91
35 92
35 97
35 98
35 100
35 101
35 104
35 111
35 112
35 115
35 122
35 124
35 139
35 148
35 156
35 164
35 171
35 181
35 184
35 189
35 194
35 201
35 202
35 204
35 205
35 206
35 207
36 15
36 18
36 22
36 27
36 31
36 37
36 38
36 53
36 59
36 63
36 66
36 81
36 85
36 86
36 97
36 101
36 110
36 119
36 121
36 122
36 124
36 127
36 128
36 135
36 136
36 145
36 148
36 150
36 152
36 154
36 162
36 163
36 165
36 171
36 172
36 176
36 183
36 185
36 188
36 190
36 192
36 198
36 199
36 202
36 205
36 215
36 217
37 2
37 15
37 19
37 34
37 43
37 45
37 54
37 64
37 67
37 68
37 74
37 76
37 79
37 83
37 89
37 92
37 101
37 105
37 107
37 108
37 114
37 120
37 121
37 129
37 132
37 133
37 144
37 146
37 148
37 155
37 161
37 162
37 165
37 169
37 171
37 175
37 176
37 177
37 181
37 184
37 188
37 189
37 196
37 201
37 208
37 214
38 3
38 7
38 9
38 12
38 35
38 49
38 52
38 55
38 57
38 79
38 80
38 81
38 84
38 85
38 96
38 103
38 116
38 122
38 126
38 129
38 132
38 138
38 139
38 145
38 147
38 152
38 153
38 167
38 174
38 178
38 179
38 181
38 183
38 191
38 193
38 199
38 216
39 2
39 5
39 10
39 11
39 13
39 14
39 24
39 26
39 30
39 35
39 37
39 38
39 40
39 44
39 45
39 58
39 63
39 64
39 68
39 71
39 72
39 76
39 77
39 79
39 83
39 84
39 87
39 92
39 99
39 105
39 108
39 111
39 113
39 114
39 116
39 119
39 146
39 148
39 150
39 163
39 164
39 169
39 177
39 189
39 191
39 192
39 193
39 199
39 207
39 212
39 217
40 2
40 6
40 8
40 20
40 25
40 28
40 30
40 44
40 48
40 53
40 56
40 63
40 73
40 83
40 87
40 89
40 95
40 112
40 114
40 116
40 118
40 124
40 125
40 128
40 134
40 135
40 138
40 140
40 144
40 146
40 150
40 153
40 155
40 160
40 163
40 164
40 166
40 168
40 172
40 175
40 176
40 182
40 186
40 195
40 200
40 208
40 213
40 214
40 217
41 5
41 8
41 19
41 20
41 21
41 27
41 33
41 37
41 39
41 46
41 47
41 48
41 50
41 53
41 54
41 66
41 69
41 74
41 76
41 80
41 81
41 82
41 83
41 84
41 85
41 87
41 95
41 107
41 109
41 114
41 118
41 123
41 124
41 126
41 131
41 145
41 151
41 155
41 159
41 163
41 165
41 173
41 174
41 176
41 183
41 184
41 196
41 207
42 6
42 7
42 16
42 21
42 24
42 25
42 26
42 35
42 36
42 38
42 43
42 49
42 53
42 56
42 62
42 64
42 71
42 82
42 88
42 90
42 101
42 102
42 115
42 119
42 123
42 128
42 131
42 139
42 144
42 147
42 148
42 154
42 158
42 167
42 169
42 179
42 184
42 189
42 194
42 195
42 199
42 207
42 209
42 210
42 212
42 213
42 215
43 1
43 2
43 3
43 14
43 19
43 30
43 39
43 41
43 46
43 48
43 68
43 78
43 80
43 82
43 84
43 90
43 94
43 102
43 113
43 114
43 117
43 120
43 136
43 138
43 144
43 148
43 155
43 169
43 171
43 172
43 173
43 177
43 179
43 180
43 184
43 198
43 207
43 215
44 0
44 10
44 21
44 41
44 43
44 45
44 46
44 48
44 52
44 62
44 63
44 66
44 67
44 69
44 85
44 86
44 109
44 112
44 114
44 116
44 120
44 125
44 130
44 134
44 136
44 137
44 138
44 147
44 155
44 156
44 158
44 167
44 173
44 182
44 185
44 186
44 189
44 197
44 206
44 207
44 212
44 213
44 216
44 218
45 5
45 9
45 17
45 20
45 27
45 28
45 31
45 33
45 40
45 50
45 55
45 57
45 60
45 62
45 69
45 70
45 74
45 75
45 77
45 80
45 86
45 93
45 97
45 98
45 104
45 107
45 110
45 114
45 116
45 121
45 124
45 125
45 131
45 134
45 140
45 145
45 147
45 151
45 152
45 154
45 159
45 163
45 172
45 175
45 177
45 184
45 195
45 198
45 199
45 200
45 202
45 214
45 218
46 3
46 5
46 6
46 9
46 11
46 18
46 20
46 21
46 25
46 27
46 28
46 30
46 31
46 32
46 48
46 55
46 62
46 69
46 71
46 76
46 84
46 95
46 102
46 106
46 119
46 122
46 131
46 136
46 138
46 142
46 146
46 148
46 150
46 151
46 155
46 156
46 160
46 170
46 178
46 186
46 187
46 192
46 199
46 201
46 205
46 207
46 210
46 214
47 3
47 4
47 6
47 7
47 15
47 27
47 30
47 34
47 35
47 39
47 44
47 51
47 53
47 62
47 63
47 67
47 84
47 86
47 89
47 93
47 103
47 112
47 118
47 123
47 125
47 136
47 137
47 144
47 154
47 158
47 163
47 164
47 170
47 175
47 182
47 184
47 189
47 190
47 192
47 194
47 200
47 204
47 214
47 219
48 2
48 6
48 10
48 16
48 20
48 23
48 27
48 31
48 35
48 37
48 40
48 42
48 43
48 45
48 52
48 61
48 65
48 67
48 69
48 70
48 76
48 79
48 80
48 81
48 83
48 84
48 104
48 107
48 109
48 114
48 117
48 126
48 129
48 137
48 141
48 147
48 160
48 168
48 172
48 177
48 182
48 186
48 188
48 191
48 196
48 198
48 199
48 200
48 201
48 216
49 6
49 7
49 22
49 25
49 28
49 35
49 59
49 70
49 78
49 79
49 84
49 88
49 109
49 110
49 113
49 115
49 124
49 126
49 127
49 131
49 143
49 156
49 161
49 162
49 166
49 178
49 188
49 195
49 200
49 205
49 209
49 210
49 211
49 216
49 218
50 2
50 3
50 4
50 6
50 7
50 16
50 18
50 20
50 25
50 28
50 40
50 47
50 49
50 51
50 64
50 72
50 83
50 88
50 95
50 97
50 101
50 103
50 107
50 110
50 118
50 121
50 123
50 126
50 129
50 142
50 145
50 146
50 148
50 154
50 156
50 163
50 169
50 170
50 174
50 183
50 187
50 193
50 195
50 211
50 213
50 214
50 217
51 2
51 8
51 18
51 19
51 21
51 22
51 23
51 24
51 30
51 32
51 35
51 36
51 38
51 39
51 41
51 44
51 46
51 48
51 50
51 57
51 59
51 64
51 65
51 72
51 73
51 74
51 80
51 84
51 86
51 87
51 97
51 99
51 108
51 110
51 111
51 127
51 131
51 135
51 136
51 140
51 142
51 152
51 154
51 159
51 174
51 175
51 181
51 185
51 189
51 198
51 203
51 204
51 209
51 212
51 213
51 215
51 216
52 24
52 27
52 29
52 37
52 41
52 42
52 43
52 54
52 55
52 62
52 75
52 85
52 90
52 92
52 94
52 95
52 101
52 114
52 116
52 122
52 133
52 135
52 138
52 144
52 153
52 154
52 158
52 162
52 167
52 169
52 174
52 176
52 183
52 185
52 186
52 187
52 191
52 199
52 203
52 215
52 217
52 219
53 1
53 3
53 11
53 21
53 25
53 26
53 33
53 41
53 54
53 56
53 62
53 81
53 95
53 102
53 104
53 112
53 119
53 122
53 131
53 132
53 142
53 145
53 153
53 156
53 158
53 159
53 162
53 163
53 164
53 165
53 170
53 171
53 175
53 177
53 179
53 180
53 184
53 193
53 195
53 204
53 212
54 2
54 3
54 11
54 12
54 13
54 22
54 26
54 27
54 49
54 50
54 62
54 63
54 67
54 68
54 72
54 80
54 86
54 93
54 101
54 102
54 111
54 119
54 131
54 135
54 145
54 147
54 153
54 155
54 158
54 164
54 165
54 167
54 170
54 172
54 179
54 180
54 182
54 186
54 207
54 212
54 213
54 218
55 0
55 1
55 4
55 14
55 18
55 22
55 27
55 32
55 60
55 72
55 89
55 113
55 120
55 122
55 125
55 131
55 132
55 133
55 153
55 155
55 156
55 166
55 167
55 172
55 174
55 175
55 180
55 181
55 187
55 190
55 193
55 195
55 202
55 214
55 217
56 3
56 12
56 17
56 25
56 26
56 31
56 39
56 44
56 59
56 60
56 67
56 75
56 79
56 84
56 86
56 88
56 95
56 96
56 100
56 102
56 104
56 106
56 114
56 115
56 123
56 138
56 144
56 146
56 149
56 150
56 152
56 158
56 159
56 160
56 168
56 170
56 173
56 174
56 177
56 178
56 188
56 189
56 193
56 201
56 204
56 205
56 212
57 3
57 5
57 7
57 17
57 21
57 23
57 25
57 31
57 32
57 33
57 55
57 62
57 68
57 70
57 72
57 84
57 87
57 88
57 91
57 94
57 106
57 108
57 111
57 114
57 115
57 121
57 122
57 124
57 125
57 131
57 143
57 145
57 149
57 151
57 154
57 156
57 162
57 172
57 175
57 180
57 182
57 186
57 201
57 209
57 212
57 213
58 0
58 3
58 6
58 9
58 16
58 20
58 36
58 37
58 38
58 41
58 42
58 45
58 46
58 50
58 53
58 60
58 66
58 68
58 74
58 81
58 83
58 85
58 88
58 90
58 92
58 96
58 97
58 102
58 112
58 119
58 120
58 122
58 127
58 131
58 132
58 134
58 140
58 148
58 156
58 163
58 166
58 168
58 180
58 182
58 186
58 193
58 198
58 210
58 212
58 213
59 7
59 8
59 28
59 32
59 34
59 36
59 44
59 50
59 58
59 61
59 64
59 71
59 83
59 86
59 96
59 98
59 101
59 102
59 103
59 104
59 106
59 107
59 110
59 118
59 119
59 121
59 126
59 127
59 128
59 154
59 158
59 163
59 166
59 168
59 171
59 176
59 177
59 178
59 179
59 188
59 200
59 202
59 203
59 209
59 219
60 1
60 10
60 14
60 17
60 22
60 24
60 28
60 36
60 42
60 46
60 48
60 67
60 70
60 83
60 90
60 92
60 101
60 106
60 109
60 110
60 111
60 124
60 125
60 142
60 144
60 145
60 147
60 160
60 167
60 170
60 181
60 184
60 192
60 200
60 208
60 214
61 0
61 2
61 4
61 8
61 11
61 28
61 33
61 35
61 37
61 44
61 60
61 71
61 72
61 75
61 77
61 81
61 86
61 95
61 96
61 97
61 100
61 108
61 109
61 115
61 117
61 118
61 130
61 137
61 156
61 160
61 172
61 173
61 177
61 178
61 184
61 191
61 201
61 215
61 216
62 23
62 26
62 34
62 46
62 47
62 58
62 60
62 65
62 68
62 71
62 73
62 75
62 79
62 82
62 88
62 89
62 92
62 101
62 106
62 111
62 118
62 123
62 135
62 138
62 147
62 158
62 160
62 161
62 172
62 183
62 192
62 194
62 216
63 7
63 9
63 11
63 12
63 15
63 26
63 27
63 30
63 33
63 39
63 40
63 45
63 47
63 53
63 54
63 57
63 59
63 74
63 79
63 90
63 110
63 111
63 115
63 122
63 136
63 139
63 158
63 161
63 174
63 180
63 182
63 183
63 186
63 191
63 193
63 203
63 209
63 211
63 217
64 6
64 11
64 18
64 19
64 33
64 34
64 35
64 37
64 51
64 57
64 60
64 69
64 70
64 78
64 89
64 90
64 107
64 111
64 115
64 120
64 122
64 135
64 140
64 141
64 149
64 156
64 158
64 159
64 166
64 168
64 169
64 173
64 174
64 178
64 182
64 184
64 197
64 199
64 202
64 209
64 214
65 4
65 8
65 15
65 19
65 27
65 33
65 34
65 36
65 38
65 39
65 47
65 50
65 57
65 71
65 74
65 78
65 84
65 85
65 93
65 95
65 98
65 108
65 117
65 122
65 139
65 140
65 141
65 142
65 154
65 165
65 168
65 180
65 182
65 185
65 193
65 208
65 211
65 215
65 217
66 1
66 3
66 6
66 29
66 39
66 40
66 46
66 48
66 49
66 51
66 52
66 58
66 65
66 70
66 73
66 75
66 79
66 80
66 81
66 87
66 90
66 92
66 93
66 97
66 100
66 101
66 107
66 110
66 117
66 121
66 125
66 127
66 130
66 132
66 135
66 140
66 156
66 157
66 160
66 164
66 165
66 166
66 169
66 175
66 183
66 184
66 185
66 192
66 199
66 205
66 214
67 10
67 21
67 29
67 31
67 34
67 37
67 40
67 41
67 42
67 45
67 55
67 73
67 74
67 82
67 97
67 99
67 109
67 114
67 115
67 116
67 119
67 123
67 125
67 126
67 150
67 151
67 152
67 158
67 161
67 164
67 166
67 167
67 185
67 191
67 192
67 198
67 200
67 201
67 203
67 204
67 210
68 13
68 15
68 20
68 26
68 32
68 33
68 39
68 42
68 47
68 58
68 60
68 70
68 72
68 77
68 82
68 88
68 93
68 94
68 114
68 117
68 119
68 124
68 125
68 132
68 136
68 139
68 143
68 145
68 146
68 149
68 156
68 157
68 160
68 162
68 164
68 167
68 175
68 180
68 183
68 188
68 213
68 214
69 22
69 27
69 38
69 39
69 41
69 43
69 46
69 47
69 48
69 50
69 52
69 54
69 60
69 63
69 66
69 74
69 78
69 86
69 92
69 98
69 110
69 112
69 114
69 121
69 125
69 133
69 135
69 137
69 138
69 139
69 144
69 153
69 168
69 169
69 175
69 180
69 184
69 188
69 193
69 194
69 197
69 209
69 211
69 212
69 217
70 3
70 4
70 6
70 17
70 20
70 21
70 23
70 31
70 36
70 42
70 49
70 52
70 53
70 56
70 58
70 61
70 63
70 64
70 65
70 71
70 76
70 84
70 88
70 89
70 91
70 96
70 99
70 100
70 101
70 106
70 109
70 116
70 121
70 127
70 128
70 134
70 136
70 138
70 144
70 145
70 151
70 154
70 160
70 163
70 173
70 177
70 180
70 188
70 193
70 194
70 201
70 218
71 0
71 6
71 19
71 22
71 23
71 26
71 31
71 32
71 36
71 41
71 49
71 59
71 64
71 78
71 81
71 106
71 108
71 109
71 117
71 118
71 121
71 126
71 136
71 137
71 146
71 149
71 154
71 157
71 160
71 165
71 167
71 168
71 172
71 174
71 178
71 180
71 181
71 195
71 198
71 210
71 215
71 217
72 5
72 8
72 10
72 23
72 24
72 26
72 27
72 29
72 34
72 35
72 44
72 45
72 50
72 60
72 64
72 65
72 66
72 84
72 88
72 89
72 95
72 97
72 103
72 108
72 110
72 112
72 116
72 117
72 119
72 121
72 124
72 128
72 135
72 151
72 163
72 164
72 175
72 184
72 187
72 188
72 190
72 191
72 193
72 203
72 218
73 0
73 1
73 7
73 9
73 11
73 18
73 19
73 24
73 32
73 34
73 37
73 38
73 43
73 44
73 48
73 50
73 53
73 61
73 66
73 68
73 75
73 84
73 86
73 88
73 101
73 103
73 107
73 108
73 118
73 120
73 124
73 130
73 138
73 145
73 148
73 156
73 170
73 179
73 186
73 189
73 190
73 193
73 203
73 206
73 210
73 214
74 0
74 9
74 11
74 12
74 13
74 14
74 23
74 25
74 30
74 32
74 36
74 37
74 50
74 56
74 57
74 78
74 82
74 86
74 89
74 97
74 99
74 101
74 118
74 120
74 128
74 132
74 134
74 137
74 141
74 147
74 148
74 152
74 156
74 158
74 165
74 174
74 178
74 179
74 180
74 184
74 186
74 198
74 199
74 204
74 206
74 209
74 212
74 213
74 216
75 2
75 5
75 7
75 10
75 16
75 18
75 21
75 25
75 31
75 35
75 41
75 44
75 45
75 50
75 52
75 57
75 58
75 62
75 63
75 66
75 67
75 72
75 73
75 85
75 86
75 87
75 89
75 90
75 95
75 99
75 102
75 107
75 113
75 117
75 133
75 134
75 137
75 138
75 139
75 140
75 147
75 148
75 150
75 161
75 165
75 174
75 176
75 177
75 184
75 189
75 193
75 210
76 0
76 3
76 6
76 21
76 22
76 28
76 30
76 31
76 33
76 34
76 42
76 49
76 59
76 61
76 64
76 72
76 80
76 87
76 113
76 115
76 116
76 120
76 128
76 131
76 133
76 135
76 137
76 139
76 151
76 153
76 156
76 158
76 159
76 169
76 173
76 178
76 188
76 190
76 196
76 204
76 208
76 209
76 210
77 3
77 4
77 10
77 11
77 17
77 18
77 22
77 23
77 26
77 30
77 34
77 51
77 54
77 61
77 68
77 73
77 74
77 75
77 76
77 79
77 81
77 86
77 88
77 112
77 118
77 119
77 124
77 127
77 133
77 134
77 139
77 146
77 155
77 159
77 176
77 182
77 185
77 190
77 195
77 197
77 198
77 202
77 213
77 219
78 10
78 18
78 21
78 25
78 32
78 39
78 44
78 45
78 46
78 49
78 52
78 55
78 60
78 64
78 67
78 68
78 75
78 77
78 79
78 85
78 88
78 94
78 95
78 100
78 105
78 109
78 112
78 114
78 125
78 126
78 129
78 132
78 134
78 138
78 144
78 158
78 160
78 162
78 165
78 166
78 167
78 169
78 171
78 175
78 178
78 179
78 191
78 192
78 193
78 204
78 212
79 3
79 9
79 22
79 38
79 47
79 52
79 55
79 57
79 62
79 63
79 65
79 67
79 68
79 77
79 78
79 80
79 86
79 87
79 90
79 95
79 106
79 113
79 114
79 115
79 116
79 117
79 125
79 130
79 132
79 134
79 138
79 139
79 143
79 151
79 152
79 153
79 154
79 158
79 159
79 172
79 176
79 187
79 189
79 190
79 195
79 197
79 200
79 209
79 210
79 212
79 215
79 219
80 0
80 4
80 6
80 13
80 19
80 20
80 21
80 25
80 27
80 30
80 31
80 43
80 53
80 55
80 58
80 68
80 70
80 76
80 77
80 83
80 90
80 94
80 97
80 98
80 103
80 106
80 107
80 113
80 114
80 126
80 127
80 134
80 144
80 147
80 149
80 153
80 154
80 155
80 158
80 159
80 162
80 164
80 166
80 169
80 176
80 178
80 180
80 185
80 187
80 194
80 195
80 196
80 197
80 198
80 200
80 207
80 213
81 0
81 2
81 13
81 20
81 21
81 25
81 27
81 28
81 34
81 40
81 41
81 62
81 68
81 72
81 77
81 82
81 85
81 90
81 95
81 99
81 102
81 108
81 117
81 120
81 121
81 123
81 124
81 125
81 131
81 132
81 133
81 138
81 142
81 145
81 146
81 150
81 151
81 153
81 159
81 162
81 166
81 169
81 170
81 173
81 182
81 191
81 198
81 199
81 203
81 207
81 210
82 4
82 5
82 9
82 11
82 13
82 15
82 19
82 26
82 32
82 33
82 34
82 36
82 44
82 52
82 54
82 58
82 63
82 65
82 71
82 72
82 73
82 85
82 88
82 90
82 92
82 96
82 98
82 99
82 101
82 104
82 109
82 118
82 122
82 133
82 135
82 139
82 140
82 153
82 154
82 157
82 158
82 160
82 161
82 170
82 171
82 176
82 185
82 188
82 192
82 196
82 200
82 209
82 212
82 213
83 23
83 27
83 29
83 35
83 38
83 51
83 63
83 74
83 88
83 95
83 102
83 104
83 106
83 107
83 115
83 117
83 118
83 128
83 148
83 152
83 154
83 156
83 171
83 180
83 181
83 187
83 193
83 194
83 195
83 200
83 204
83 208
83 209
83 212
84 2
84 7
84 9
84 11
84 16
84 20
84 31
84 33
84 36
84 39
84 41
84 46
84 49
84 56
84 70
84 76
84 87
84 92
84 97
84 103
84 107
84 116
84 121
84 127
84 130
84 139
84 149
84 156
84 161
84 173
84 193
84 194
84 195
84 197
84 205
84 210
85 5
85 13
85 15
85 16
85 20
85 21
85 23
85 24
85 26
85 27
85 35
85 40
85 41
85 44
85 51
85 53
85 54
85 56
85 64
85 70
85 71
85 76
85 77
85 101
85 102
85 105
85 108
85 109
85 110
85 113
85 114
85 115
85 135
85 139
85 181
85 187
85 191
85 193
85 217
86 0
86 12
86 20
86 24
86 44
86 46
86 49
86 51
86 53
86 60
86 64
86 69
86 76
86 80
86 83
86 91
86 94
86 96
86 101
86 102
86 117
86 118
86 119
86 121
86 137
86 152
86 167
86 179
86 181
86 183
86 202
86 204
86 210
87 0
87 7
87 15
87 24
87 27
87 36
87 38
87 42
87 48
87 49
87 51
87 61
87 70
87 78
87 81
87 85
87 89
87 90
87 98
87 102
87 108
87 111
87 113
87 116
87 121
87 122
87 123
87 125
87 134
87 137
87 146
87 147
87 150
87 167
87 170
87 173
87 175
87 178
87 180
87 183
87 187
87 192
87 194
87 196
87 205
87 206
87 207
87 209
87 211
87 214
87 216
88 2
88 7
88 12
88 15
88 21
88 23
88 25
88 27
88 29
88 38
88 39
88 41
88 50
88 70
88 83
88 84
88 89
88 97
88 100
88 104
88 113
88 115
88 117
88 129
88 131
88 136
88 138
88 140
88 142
88 143
88 154
88 176
88 191
88 195
88 197
88 203
88 209
88 210
88 211
88 213
88 216
89 1
89 4
89 7
89 13
89 16
89 20
89 22
89 23
89 28
89 32
89 49
89 59
89 62
89 63
89 74
89 79
89 80
89 86
89 88
89 90
89 95
89 96
89 97
89 99
89 104
89 107
89 114
89 120
89 122
89 129
89 140
89 147
89 148
89 154
89 156
89 167
89 178
89 183
89 185
89 187
89 190
89 194
89 201
89 217
89 219
90 1
90 2
90 3
90 4
90 21
90 22
90 43
90 48
90 50
90 59
90 62
90 73
90 74
90 76
90 78
90 95
90 102
90 111
90 113
90 114
90 117
90 124
90 125
90 128
90 131
90 138
90 151
90 153
90 159
90 163
90 167
90 169
90 172
90 173
90 176
90 190
90 195
90 200
91 4
91 5
91 9
91 10
91 15
91 24
91 26
91 34
91 37
91 39
91 43
91 46
91 56
91 62
91 64
91 76
91 80
91 82
91 108
91 110
91 115
91 124
91 128
91 129
91 134
91 140
91 141
91 142
91 143
91 146
91 148
91 161
91 164
91 166
91 174
91 178
91 182
91 184
91 187
91 188
91 189
91 193
91 204
91 208
91 209
91 210
91 217
91 218
92 1
92 5
92 11
92 19
92 22
92 24
92 28
92 29
92 31
92 38
92 40
92 55
92 59
92 65
92 70
92 75
92 79
92 95
92 102
92 104
92 111
92 115
92 120
92 121
92 130
92 131
92 132
92 133
92 134
92 138
92 141
92 142
92 143
92 148
92 153
92 155
92 159
92 161
92 165
92 168
92 169
92 170
92 172
92 175
92 176
92 179
92 188
92 197
92 199
92 208
92 211
92 214
92 219
93 5
93 6
93 7
93 8
93 10
93 15
93 19
93 25
93 32
93 39
93 45
93 59
93 61
93 70
93 74
93 84
93 86
93 99
93 104
93 108
93 109
93 112
93 113
93 114
93 122
93 124
93 129
93 132
93 140
93 141
93 142
93 147
93 153
93 157
93 163
93 164
93 178
93 183
93 189
93 191
93 199
93 203
93 205
93 213
93 218
93 219
94 6
94 14
94 19
94 24
94 26
94 46
94 47
94 59
94 64
94 65
94 72
94 73
94 74
94 87
94 88
94 104
94 105
94 111
94 130
94 147
94 155
94 165
94 172
94 178
94 187
94 188
94 192
94 196
94 197
94 199
94 200
94 202
94 209
94 211
94 215
95 2
95 5
95 14
95 32
95 35
95 41
95 42
95 52
95 53
95 74
95 77
95 83
95 86
95 90
95 91
95 93
95 94
95 104
95 105
95 113
95 116
95 117
95 118
95 121
95 126
95 136
95 148
95 149
95 153
95 155
95 164
95 167
95 168
95 171
95 176
95 182
95 194
95 199
95 201
95 204
95 214
96 0
96 3
96 6
96 9
96 14
96 16
96 17
96 20
96 22
96 30
96 36
96 37
96 53
96 58
96 61
96 64
96 66
96 71
96 72
96 85
96 88
96 101
96 102
96 107
96 115
96 118
96 131
96 136
96 146
96 154
96 156
96 159
96 162
96 163
96 165
96 171
96 182
96 188
96 191
96 195
96 196
96 197
96 203
96 207
96 208
96 212
96 219
97 9
97 11
97 12
97 16
97 20
97 28
97 29
97 33
97 34
97 35
97 38
97 59
97 63
97 65
97 69
97 71
97 72
97 76
97 83
97 84
97 105
97 106
97 124
97 126
97 127
97 130
97 140
97 142
97 145
97 146
97 148
97 150
97 157
97 158
97 159
97 167
97 174
97 175
97 178
97 181
97 188
97 198
97 200
97 203
97 215
97 219
98 0
98 4
98 5
98 24
98 29
98 32
98 39
98 50
98 51
98 53
98 56
98 58
98 60
98 71
98 78
98 91
98 92
98 103
98 110
98 116
98 117
98 128
98 136
98 137
98 138
98 140
98 145
98 149
98 150
98 159
98 160
98 161
98 165
98 168
98 176
98 190
98 197
98 204
98 215
98 216
99 5
99 6
99 12
99 31
99 32
99 37
99 41
99 42
99 55
99 61
99 64
99 65
99 74
99 76
99 78
99 86
99 90
99 95
99 102
99 104
99 105
99 108
99 109
99 114
99 118
99 127
99 138
99 148
99 149
99 154
99 155
99 162
99 164
99 169
99 170
99 175
99 177
99 178
99 181
99 182
99 185
99 186
99 190
99 196
99 198
99 200
99 205
99 210
99 216
99 217
100 17
100 22
100 29
100 36
100 42
100 43
100 44
100 45
100 47
100 48
100 50
100 52
100 54
100 61
100 67
100 71
100 72
100 82
100 86
100 101
100 103
100 107
100 110
100 120
100 124
100 134
100 141
100 146
100 147
100 152
100 161
100 166
100 169
100 177
100 178
100 181
100 185
100 187
100 193
100 195
100 196
100 197
100 207
100 212
101 0
101 14
101 16
101 18
101 20
101 22
101 24
101 32
101 34
101 49
101 50
101 52
101 61
101 64
101 67
101 68
101 73
101 76
101 79
101 80
101 87
101 89
101 90
101 100
101 108
101 109
101 120
101 122
101 127
101 133
101 137
101 139
101 155
101 156
101 160
101 166
101 169
101 171
101 172
101 175
101 178
101 180
101 188
101 192
101 194
101 199
101 206
101 208
102 0
102 3
102 6
102 20
102 28
102 38
102 39
102 44
102 48
102 50
102 51
102 52
102 56
102 66
102 68
102 71
102 75
102 77
102 80
102 84
102 93
102 97
102 98
102 101
102 105
102 107
102 116
102 122
102 123
102 134
102 135
102 139
102 140
102 145
102 148
102 149
102 150
102 152
102 156
102 163
102 170
102 172
102 181
102 189
102 190
102 198
102 205
102 207
103 11
103 12
103 17
103 19
103 20
103 29
103 33
103 45
103 46
103 60
103 61
103 67
103 69
103 72
103 82
103 85
103 87
103 94
103 101
103 104
103 109
103 111
103 118
103 120
103 135
103 148
103 153
103 154
103 158
103 165
103 166
103 167
103 169
103 174
103 175
103 180
103 181
103 189
103 197
103 200
103 207
103 209
103 212
103 214
104 13
104 14
104 16
104 22
104 30
104 33
104 40
104 46
104 48
104 50
104 61
104 64
104 66
104 74
104 81
104 82
104 85
104 88
104 93
104 97
104 98
104 114
104 147
104 151
104 154
104 164
104 172
104 174
104 176
104 181
104 182
104 184
104 185
104 192
104 194
104 195
104 210
104 212
104 213
104 218
105 10
105 12
105 13
105 17
105 19
105 31
105 35
105 44
105 47
105 49
105 52
105 53
105 59
105 71
105 74
105 77
105 87
105 92
105 96
105 97
105 100
105 101
105 102
105 104
105 112
105 114
105 119
105 130
105 131
105 152
105 155
105 161
105 171
105 176
105 178
105 198
105 199
105 200
105 208
105 218
106 0
106 1
106 4
106 44
106 45
106 60
106 61
106 62
106 67
106 68
106 69
106 70
106 84
106 85
106 86
106 92
106 95
106 99
106 100
106 107
106 114
106 121
106 122
106 126
106 130
106 134
106 140
106 150
106 151
106 152
106 171
106 177
106 183
106 185
106 198
106 199
106 203
106 204
106 210
106 214
106 217
107 0
107 2
107 14
107 20
107 23
107 26
107 35
107 37
107 40
107 51
107 54
107 59
107 69
107 75
107 82
107 83
107 84
107 85
107 87
107 94
107 108
107 110
107 112
107 113
107 120
107 121
107 122
107 127
107 139
107 140
107 144
107 148
107 156
107 158
107 171
107 175
107 181
107 182
107 183
107 185
107 186
107 189
107 192
107 197
107 198
107 201
107 207
107 210
108 6
108 11
108 13
108 18
108 20
108 26
108 33
108 39
108 43
108 52
108 55
108 60
108 62
108 64
108 65
108 72
108 73
108 74
108 75
108 77
108 93
108 100
108 102
108 103
108 117
108 120
108 128
108 133
108 134
108 135
108 136
108 148
108 151
108 154
108 156
108 165
108 174
108 178
108 182
108 205
108 207
108 208
108 215
108 218
108 219
109 7
109 8
109 12
109 13
109 18
109 26
109 28
109 29
109 32
109 36
109 42
109 44
109 46
109 47
109 50
109 58
109 65
109 69
109 73
109 77
109 78
109 91
109 94
109 95
109 98
109 102
109 108
109 122
109 124
109 127
109 128
109 130
109 135
109 136
109 143
109 145
109 150
109 162
109 166
109 171
109 188
109 196
109 197
109 205
109 211
109 212
110 0
110 6
110 11
110 14
110 16
110 21
110 22
110 33
110 42
110 44
110 48
110 49
110 50
110 54
110 61
110 66
110 68
110 71
110 74
110 80
110 83
110 87
110 92
110 96
110 106
110 116
110 120
110 130
110 131
110 132
110 135
110 141
110 142
110 143
110 153
110 158
110 160
110 162
110 184
110 188
110 191
110 195
110 203
110 207
110 213
110 214
110 218
111 1
111 6
111 7
111 10
111 15
111 19
111 25
111 28
111 31
111 44
111 50
111 51
111 52
111 59
111 67
111 68
111 71
111 78
111 79
111 82
111 89
111 102
111 106
111 113
111 123
111 124
111 129
111 132
111 138
111 140
111 142
111 144
111 150
111 162
111 167
111 187
111 188
111 189
111 193
111 196
111 198
111 199
111 203
111 209
111 214
111 216
111 218
112 3
112 24
112 37
112 44
112 48
112 52
112 53
112 57
112 59
112 64
112 67
112 69
112 73
112 87
112 107
112 115
112 120
112 121
112 138
112 143
112 146
112 149
112 153
112 157
112 160
112 161
112 171
112 189
112 190
112 192
112 194
112 196
112 200
112 202
112 203
112 205
112 211
112 212
113 0
113 1
113 6
113 12
113 21
113 22
113 26
113 34
113 35
113 45
113 50
113 55
113 60
113 63
113 74
113 81
113 84
113 96
113 107
113 108
113 109
113 115
113 130
113 148
113 159
113 160
113 162
113 169
113 178
113 183
113 187
113 189
113 190
113 193
113 195
113 196
113 203
113 207
113 209
113 217
114 3
114 4
114 6
114 22
114 23
114 26
114 33
114 37
114 43
114 48
114 53
114 78
114 90
114 99
114 105
114 106
114 115
114 122
114 130
114 131
114 135
114 141
114 142
114 145
114 156
114 158
114 168
114 171
114 172
114 174
114 179
114 189
114 194
114 204
114 207
114 215
115 3
115 4
115 12
115 13
115 21
115 28
115 30
115 35
115 46
115 62
115 70
115 74
115 80
115 83
115 85
115 99
115 101
115 108
115 113
115 114
115 124
115 129
115 131
115 137
115 138
115 139
115 141
115 175
115 180
115 181
115 184
115 188
115 190
115 194
115 201
115 206
115 208
115 209
115 210
115 213
115 214
115 216
116 9
116 24
116 27
116 39
116 43
116 45
116 50
116 54
116 56
116 58
116 62
116 73
116 75
116 77
116 83
116 87
116 89
116 93
116 95
116 111
116 117
116 118
116 125
116 127
116 132
116 139
116 141
116 143
116 144
116 146
116 148
116 150
116 158
116 159
116 162
116 165
116 168
116 177
116 183
116 188
116 195
116 206
116 219
117 3
117 4
117 8
117 11
117 16
117 17
117 27
117 28
117 29
117 41
117 42
117 64
117 65
117 69
117 70
117 75
117 79
117 84
117 87
117 91
117 97
117 116
117 119
117 125
117 132
117 140
117 141
117 144
117 145
117 147
117 148
117 150
117 151
117 153
117 159
117 168
117 176
117 178
117 194
117 196
117 197
117 204
117 208
117 213
117 219
118 3
118 12
118 14
118 15
118 18
118 20
118 21
118 25
118 28
118 34
118 38
118 43
118 45
118 53
118 57
118 60
118 62
118 70
118 71
118 86
118 88
118 90
118 95
118 96
118 102
118 105
118 106
118 113
118 120
118 121
118 124
118 139
118 147
118 150
118 151
118 156
118 158
118 159
118 162
118 163
118 166
118 167
118 174
118 181
118 190
118 195
118 206
118 215
118 217
118 219
119 0
119 21
119 28
119 32
119 33
119 38
119 41
119 46
119 47
119 50
119 53
119 57
119 65
119 75
119 85
119 90
119 93
119 106
119 112
119 114
119 115
119 121
119 130
119 136
119 141
119 146
119 152
119 162
119 163
119 174
119 180
119 184
119 186
119 195
119 202
119 208
119 209
120 1
120 8
120 10
120 16
120 22
120 33
120 35
120 38
120 46
120 49
120 50
120 56
120 59
120 66
120 70
120 72
120 87
120 88
120 89
120 106
120 108
120 109
120 112
120 114
120 119
120 124
120 131
120 134
120 143
120 151
120 154
120 156
120 157
120 162
120 169
120 171
120 172
120 175
120 179
120 182
120 184
120 186
120 192
120 201
120 205
120 217
121 0
121 2
121 4
121 11
121 12
121 18
121 19
121 23
121 30
121 32
121 33
121 36
121 43
121 44
121 50
121 51
121 60
121 65
121 68
121 70
121 78
121 96
121 97
121 104
121 112
121 122
121 126
121 140
121 141
121 145
121 170
121 175
121 178
121 180
121 190
121 194
121 196
121 200
121 204
121 211
121 213
121 218
122 1
122 7
122 16
122 19
122 23
122 24
122 34
122 36
122 41
122 50
122 58
122 64
122 68
122 69
122 72
122 73
122 83
122 87
122 89
122 93
122 94
122 96
122 97
122 99
122 103
122 104
122 111
122 112
122 117
122 119
122 120
122 125
122 127
122 140
122 141
122 157
122 161
122 167
122 171
122 178
122 182
122 188
122 189
122 190
122 193
122 204
122 209
122 211
122 213
122 214
123 4
123 34
123 41
123 42
123 43
123 46
123 49
123 53
123 68
123 69
123 70
123 78
123 79
123 83
123 89
123 90
123 91
123 95
123 100
123 102
123 103
123 108
123 110
123 118
123 121
123 122
123 124
123 127
123 139
123 145
123 151
123 152
123 156
123 157
123 158
123 159
123 162
123 163
123 172
123 173
123 178
123 184
123 186
123 194
123 196
123 198
123 200
123 205
123 207
123 218
124 0
124 6
124 13
124 14
124 21
124 22
124 23
124 28
124 29
124 32
124 35
124 38
124 39
124 43
124 47
124 48
124 51
124 53
124 54
124 60
124 64
124 77
124 80
124 85
124 87
124 88
124 94
124 95
124 99
124 111
124 113
124 117
124 122
124 125
124 130
124 131
124 132
124 135
124 141
124 153
124 160
124 166
124 167
124 173
124 174
124 185
124 187
124 192
124 194
124 195
124 201
124 204
124 206
124 207
124 219
125 1
125 2
125 4
125 23
125 25
125 29
125 31
125 33
125 34
125 39
125 45
125 46
125 49
125 68
125 69
125 73
125 87
125 89
125 102
125 103
125 108
125 120
125 121
125 122
125 127
125 131
125 134
125 144
125 146
125 148
125 153
125 161
125 168
125 172
125 177
125 179
125 197
125 205
125 215
125 219
126 0
126 1
126 11
126 28
126 32
126 37
126 40
126 43
126 44
126 45
126 48
126 50
126 51
126 54
126 63
126 73
126 75
126 78
126 83
126 109
126 113
126 114
126 119
126 127
126 128
126 136
126 142
126 144
126 149
126 155
126 163
126 166
126 171
126 172
126 175
126 176
126 185
126 216
127 1
127 2
127 10
127 16
127 22
127 23
127 25
127 27
127 37
127 39
127 40
127 41
127 44
127 52
127 55
127 57
127 59
127 70
127 77
127 82
127 87
127 95
127 100
127 101
127 106
127 109
127 110
127 112
127 119
127 122
127 126
127 130
127 137
127 145
127 149
127 150
127 161
127 162
127 167
127 171
127 173
127 177
127 178
127 192
127 193
127 200
127 204
127 215
128 2
128 5
128 7
128 17
128 18
128 37
128 49
128 53
128 56
128 59
128 72
128 82
128 85
128 92
128 97
128 109
128 120
128 129
128 131
128 146
128 157
128 159
128 160
128 164
128 165
128 169
128 174
128 188
128 193
128 194
128 195
128 198
128 214
128 218
129 0
129 2
129 3
129 11
129 13
129 17
129 20
129 22
129 37
129 44
129 51
129 53
129 55
129 60
129 68
129 70
129 74
129 78
129 87
129 90
129 91
129 94
129 99
129 103
129 105
129 106
129 107
129 110
129 116
129 119
129 132
129 134
129 136
129 143
129 148
129 159
129 162
129 163
129 168
129 171
129 174
129 175
129 178
129 181
129 186
129 187
129 194
129 199
129 200
129 202
129 205
129 215
130 2
130 9
130 16
130 22
130 34
130 39
130 41
130 49
130 60
130 62
130 65
130 75
130 79
130 90
130 98
130 100
130 107
130 109
130 110
130 111
130 113
130 119
130 120
130 128
130 133
130 138
130 143
130 146
130 149
130 150
130 152
130 155
130 156
130 176
130 183
130 184
130 192
130 198
130 199
130 200
130 203
130 210
130 217
131 15
131 25
131 31
131 32
131 40
131 51
131 54
131 63
131 64
131 76
131 77
131 80
131 94
131 101
131 105
131 109
131 110
131 117
131 121
131 125
131 128
131 137
131 138
131 143
131 147
131 158
131 164
131 171
131 174
131 182
131 183
131 188
131 191
131 203
131 210
131 214
132 0
132 5
132 7
132 11
132 23
132 30
132 34
132 35
132 43
132 47
132 48
132 49
132 57
132 62
132 65
132 67
132 68
132 70
132 73
132 76
132 78
132 80
132 81
132 91
132 97
132 100
132 107
132 119
132 120
132 128
132 130
132 134
132 135
132 140
132 145
132 146
132 152
132 156
132 159
132 171
132 184
132 198
132 204
132 205
132 207
132 213
132 216
133 9
133 23
133 25
133 31
133 36
133 48
133 50
133 56
133 59
133 71
133 72
133 73
133 74
133 75
133 94
133 99
133 104
133 106
133 110
133 111
133 117
133 118
133 124
133 144
133 163
133 165
133 167
133 169
133 172
133 178
133 181
133 190
133 193
133 197
133 199
133 200
133 201
133 205
133 209
133 218
134 0
134 1
134 7
134 21
134 22
134 23
134 25
134 29
134 35
134 37
134 38
134 44
134 53
134 58
134 59
134 61
134 67
134 71
134 84
134 91
134 92
134 96
134 97
134 101
134 104
134 106
134 108
134 110
134 113
134 114
134 116
134 121
134 122
134 125
134 139
134 149
134 152
134 168
134 172
134 176
134 178
134 188
134 194
134 195
134 209
134 210
135 6
135 12
135 16
135 31
135 44
135 47
135 48
135 49
135 54
135 80
135 83
135 84
135 89
135 96
135 103
135 104
135 112
135 113
135 116
135 119
135 121
135 131
135 138
135 140
135 141
135 143
135 147
135 159
135 162
135 165
135 168
135 182
135 183
135 198
135 199
135 202
135 203
135 204
135 207
135 208
135 210
135 218
136 5
136 6
136 13
136 14
136 15
136 21
136 22
136 26
136 27
136 31
136 34
136 36
136 51
136 52
136 69
136 77
136 80
136 82
136 83
136 87
136 94
136 96
136 97
136 98
136 107
136 109
136 120
136 123
136 127
136 133
136 141
136 148
136 151
136 154
136 155
136 163
136 167
136 173
136 176
136 179
136 180
136 181
136 186
136 198
136 203
136 205
136 208
136 212
137 0
137 13
137 14
137 15
137 18
137 20
137 26
137 27
137 31
137 34
137 47
137 50
137 56
137 60
137 64
137 68
137 74
137 86
137 88
137 96
137 100
137 108
137 117
137 118
137 125
137 134
137 138
137 142
137 144
137 147
137 152
137 159
137 163
137 172
137 175
137 177
137 178
137 189
137 196
137 198
137 202
137 204
137 206
137 212
137 217
137 218
137 219
138 4
138 6
138 14
138 19
138 20
138 21
138 25
138 38
138 42
138 59
138 71
138 73
138 74
138 80
138 87
138 88
138 95
138 96
138 101
138 117
138 123
138 137
138 148
138 149
138 154
138 166
138 170
138 181
138 188
138 189
138 201
138 205
138 207
138 208
138 218
139 6
139 13
139 18
139 19
139 24
139 28
139 29
139 30
139 36
139 37
139 39
139 44
139 49
139 51
139 54
139 59
139 69
139 70
139 106
139 111
139 112
139 119
139 126
139 135
139 144
139 157
139 160
139 162
139 164
139 166
139 167
139 178
139 180
139 181
139 193
139 196
139 197
139 202
139 207
139 209
139 217
139 218
139 219
140 0
140 6
140 10
140 14
140 22
140 26
140 34
140 35
140 37
140 39
140 46
140 49
140 60
140 66
140 67
140 73
140 77
140 81
140 97
140 114
140 124
140 125
140 134
140 137
140 138
140 151
140 160
140 163
140 165
140 174
140 178
140 181
140 190
140 191
140 195
140 197
140 199
140 201
140 203
140 210
140 213
140 216
140 218
140 219
141 18
141 22
141 26
141 38
141 39
141 48
141 55
141 57
141 59
141 60
141 81
141 87
141 94
141 101
141 105
141 109
141 114
141 122
141 125
141 132
141 133
141 136
141 152
141 163
141 167
141 168
141 171
141 173
141 177
141 179
141 184
141 187
141 191
141 194
141 200
141 202
141 203
141 208
141 214
141 217
142 2
142 3
142 9
142 11
142 14
142 20
142 33
142 37
142 39
142 56
142 64
142 71
142 74
142 90
142 97
142 99
142 102
142 104
142 108
142 120
142 126
142 132
142 135
142 136
142 138
142 141
142 146
142 158
142 159
142 160
142 172
142 178
142 181
142 188
142 191
142 197
142 201
142 205
142 209
142 215
142 219
143 3
143 5
143 14
143 15
143 16
143 19
143 20
143 24
143 27
143 35
143 38
143 44
143 49
143 50
143 57
143 72
143 75
143 93
143 98
143 111
143 114
143 121
143 133
143 134
143 135
143 137
143 157
143 158
143 160
143 164
143 172
143 175
143 177
143 178
143 180
143 181
143 183
143 187
143 193
143 194
143 205
144 2
144 7
144 8
144 22
144 34
144 55
144 57
144 66
144 69
144 71
144 76
144 81
144 82
144 83
144 88
144 90
144 95
144 96
144 99
144 104
144 108
144 110
144 118
144 119
144 152
144 153
144 157
144 165
144 176
144 180
144 181
144 196
144 200
144 201
144 204
144 208
144 211
144 213
144 217
144 218
145 1
145 7
145 9
145 10
145 11
145 14
145 38
145 39
145 44
145 45
145 49
145 61
145 63
145 68
145 75
145 79
145 84
145 85
145 88
145 94
145 97
145 102
145 104
145 112
145 114
145 117
145 125
145 127
145 136
145 139
145 153
145 154
145 156
145 164
145 168
145 170
145 172
145 175
145 176
145 184
145 188
145 190
145 191
145 192
145 197
145 201
145 205
145 209
145 211
145 214
145 215
146 2
146 16
146 21
146 22
146 26
146 28
146 36
146 39
146 43
146 46
146 52
146 54
146 55
146 62
146 63
146 65
146 66
146 69
146 76
146 77
146 78
146 110
146 121
146 128
146 131
146 140
146 141
146 151
146 152
146 154
146 155
146 159
146 164
146 175
146 180
146 187
146 188
146 190
146 191
146 199
146 205
146 213
146 216
147 7
147 15
147 18
147 28
147 29
147 32
147 33
147 35
147 38
147 42
147 49
147 53
147 54
147 57
147 63
147 64
147 75
147 78
147 88
147 89
147 92
147 93
147 100
147 105
147 107
147 109
147 113
147 117
147 125
147 127
147 130
147 140
147 141
147 142
147 150
147 152
147 153
147 156
147 160
147 162
147 163
147 168
147 170
147 174
147 175
147 176
147 177
147 179
147 181
147 182
147 188
147 189
147 191
147 197
147 200
147 201
147 202
147 216
147 218
148 4
148 8
148 9
148 10
148 12
148 18
148 24
148 43
148 45
148 49
148 51
148 61
148 75
148 80
148 85
148 89
148 93
148 95
148 100
148 103
148 107
148 120
148 125
148 131
148 137
148 138
148 142
148 147
148 177
148 180
148 182
148 187
148 201
148 214
148 217
149 2
149 16
149 17
149 28
149 32
149 41
149 50
149 52
149 62
149 76
149 78
149 81
149 85
149 90
149 93
149 102
149 105
149 110
149 112
149 114
149 120
149 130
149 132
149 134
149 135
149 144
149 150
149 158
149 168
149 181
149 182
149 185
149 186
149 195
149 196
149 204
149 210
150 9
150 13
150 15
150 35
150 36
150 40
150 43
150 46
150 49
150 52
150 58
150 70
150 72
150 75
150 78
150 82
150 84
150 92
150 101
150 107
150 116
150 117
150 118
150 123
150 125
150 126
150 132
150 133
150 134
150 135
150 136
150 140
150 141
150 146
150 149
150 155
150 157
150 163
150 166
150 169
150 174
150 177
150 197
150 198
150 202
150 203
150 209
150 216
151 2
151 6
151 13
151 29
151 32
151 34
151 37
151 39
151 47
151 50
151 59
151 65
151 68
151 70
151 75
151 78
151 99
151 101
151 109
151 114
151 116
151 121
151 133
151 134
151 139
151 142
151 145
151 163
151 169
151 170
151 180
151 181
151 185
151 206
151 214
151 215
152 5
152 7
152 15
152 22
152 25
152 33
152 43
152 49
152 53
152 56
152 59
152 66
152 67
152 71
152 78
152 79
152 93
152 105
152 108
152 113
152 127
152 132
152 136
152 139
152 144
152 151
152 155
152 157
152 161
152 162
152 165
152 167
152 172
152 173
152 183
152 190
152 198
152 213
152 214
153 10
153 13
153 25
153 26
153 29
153 32
153 33
153 36
153 47
153 50
153 51
153 53
153 54
153 64
153 67
153 73
153 77
153 81
153 82
153 87
153 90
153 93
153 96
153 100
153 112
153 118
153 134
153 137
153 148
153 151
153 158
153 160
153 165
153 173
153 174
153 175
153 179
153 190
153 195
153 196
153 200
153 206
153 207
153 209
153 216
153 217
154 2
154 5
154 12
154 20
154 33
154 34
154 39
154 40
154 41
154 45
154 46
154 49
154 51
154 52
154 55
154 56
154 59
154 60
154 61
154 62
154 70
154 73
154 93
154 94
154 95
154 99
154 100
154 105
154 115
154 116
154 118
154 147
154 150
154 155
154 159
154 162
154 166
154 168
154 175
154 179
154 182
154 194
154 197
154 203
154 205
154 206
154 209
154 211
154 212
154 216
155 3
155 16
155 18
155 20
155 23
155 41
155 43
155 65
155 74
155 85
155 87
155 90
155 97
155 100
155 105
155 111
155 114
155 115
155 130
155 135
155 137
155 140
155 143
155 162
155 163
155 168
155 170
155 186
155 196
155 203
155 206
155 207
155 208
155 210
155 215
156 1
156 3
156 9
156 14
156 20
156 26
156 30
156 34
156 43
156 52
156 71
156 84
156 87
156 89
156 94
156 95
156 103
156 106
156 111
156 116
156 118
156 120
156 126
156 134
156 141
156 144
156 151
156 162
156 165
156 166
156 167
156 171
156 182
156 196
156 203
156 205
156 208
156 209
156 216
157 11
157 14
157 18
157 20
157 22
157 23
157 27
157 36
157 37
157 43
157 45
157 48
157 55
157 57
157 63
157 70
157 75
157 77
157 78
157 88
157 90
157 100
157 108
157 118
157 120
157 124
157 131
157 144
157 145
157 146
157 151
157 158
157 162
157 166
157 177
157 182
157 187
157 197
157 199
157 211
158 4
158 8
158 11
158 12
158 30
158 33
158 40
158 43
158 47
158 48
158 49
158 50
158 52
158 55
158 57
158 58
158 69
158 71
158 72
158 75
158 76
158 77
158 82
158 83
158 85
158 91
158 95
158 97
158 100
158 106
158 108
158 109
158 110
158 115
158 120
158 122
158 123
158 131
158 133
158 134
158 161
158 166
158 174
158 176
158 184
158 186
158 199
158 200
158 201
158 202
158 206
158 213
159 0
159 2
159 10
159 13
159 22
159 23
159 45
159 69
159 72
159 86
159 97
159 103
159 108
159 120
159 122
159 125
159 129
159 134
159 145
159 149
159 155
159 156
159 160
159 161
159 166
159 188
159 196
159 202
159 206
159 212
160 1
160 4
160 8
160 12
160 15
160 23
160 36
160 41
160 42
160 51
160 52
160 66
160 73
160 85
160 92
160 100
160 101
160 110
160 113
160 125
160 126
160 128
160 138
160 139
160 140
160 151
160 153
160 159
160 163
160 165
160 178
160 181
160 198
160 199
160 206
160 209
160 219
161 3
161 9
161 12
161 17
161 19
161 23
161 34
161 36
161 43
161 44
161 47
161 52
161 56
161 59
161 60
161 75
161 87
161 108
161 110
161 111
161 113
161 120
161 124
161 125
161 129
161 134
161 136
161 143
161 151
161 168
161 174
161 175
161 183
161 198
161 214
161 215
161 217
161 219
162 12
162 13
162 23
162 34
162 38
162 39
162 44
162 47
162 48
162 56
162 59
162 60
162 63
162 65
162 66
162 69
162 72
162 77
162 82
162 87
162 108
162 110
162 111
162 115
162 118
162 130
162 133
162 138
162 140
162 142
162 143
162 151
162 157
162 168
162 170
162 181
162 185
162 187
162 190
162 192
162 198
162 200
162 209
162 211
163 3
163 9
163 15
163 17
163 23
163 27
163 28
163 36
163 38
163 42
163 46
163 47
163 53
163 56
163 58
163 64
163 71
163 76
163 84
163 85
163 88
163 93
163 95
163 97
163 102
163 106
163 111
163 114
163 128
163 133
163 134
163 135
163 147
163 158
163 172
163 176
163 177
163 182
163 184
163 191
163 196
163 197
163 209
163 210
163 211
163 215
163 216
163 217
163 218
164 6
164 7
164 9
164 19
164 22
164 23
164 31
164 40
164 44
164 60
164 79
164 83
164 85
164 105
164 107
164 111
164 120
164 128
164 131
164 142
164 144
164 148
164 150
164 172
164 173
164 176
164 179
164 180
164 182
164 183
164 195
164 197
164 202
164 214
165 5
165 18
165 24
165 25
165 29
165 35
165 37
165 41
165 48
165 52
165 53
165 55
165 61
165 65
165 66
165 76
165 81
165 85
165 88
165 90
165 91
165 95
165 100
165 102
165 105
165 109
165 111
165 118
165 119
165 123
165 130
165 136
165 141
165 142
165 145
165 150
165 152
165 153
165 164
165 166
165 168
165 170
165 174
165 176
165 183
165 191
165 193
165 194
165 204
165 207
165 209
165 210
166 0
166 17
166 20
166 21
166 24
166 44
166 55
166 59
166 62
166 64
166 66
166 69
166 74
166 77
166 87
166 88
166 96
166 102
166 111
166 112
166 113
166 115
166 117
166 126
166 137
166 149
166 151
166 152
166 159
166 174
166 177
166 179
166 183
166 197
166 204
166 211
167 0
167 4
167 5
167 7
167 8
167 12
167 16
167 17
167 20
167 23
167 26
167 30
167 48
167 52
167 71
167 74
167 76
167 77
167 81
167 83
167 86
167 87
167 97
167 99
167 100
167 104
167 105
167 106
167 107
167 108
167 109
167 113
167 128
167 129
167 136
167 137
167 138
167 142
167 154
167 155
167 158
167 161
167 164
167 172
167 190
167 207
167 208
167 211
167 213
167 218
168 3
168 15
168 19
168 29
168 34
168 35
168 42
168 43
168 45
168 46
168 51
168 53
168 57
168 66
168 67
168 69
168 75
168 76
168 81
168 90
168 122
168 133
168 135
168 139
168 146
168 150
168 152
168 154
168 159
168 170
168 180
168 187
168 192
168 195
168 196
168 202
168 205
168 208
168 211
168 212
169 3
169 10
169 14
169 15
169 22
169 25
169 27
169 29
169 30
169 44
169 50
169 56
169 57
169 72
169 73
169 77
169 78
169 79
169 87
169 93
169 96
169 100
169 105
169 118
169 127
169 131
169 133
169 136
169 141
169 143
169 144
169 145
169 155
169 167
169 176
169 182
169 190
169 199
169 201
169 202
169 217
170 1
170 4
170 6
170 8
170 18
170 27
170 29
170 39
170 45
170 51
170 53
170 54
170 57
170 60
170 86
170 88
170 90
170 92
170 93
170 95
170 99
170 100
170 106
170 116
170 117
170 122
170 142
170 160
170 161
170 169
170 174
170 181
170 184
170 190
170 193
170 196
170 207
170 211
170 213
170 215
170 216
171 2
171 6
171 8
171 11
171 13
171 32
171 35
171 36
171 37
171 39
171 49
171 51
171 55
171 63
171 65
171 71
171 76
171 97
171 104
171 113
171 114
171 116
171 120
171 124
171 128
171 139
171 146
171 155
171 162
171 170
171 178
171 187
171 194
171 196
171 199
171 207
171 211
171 214
172 1
172 4
172 8
172 11
172 21
172 22
172 35
172 41
172 43
172 48
172 49
172 55
172 57
172 59
172 61
172 68
172 91
172 97
172 100
172 118
172 121
172 123
172 130
172 135
172 145
172 148
172 150
172 156
172 158
172 159
172 175
172 179
172 181
172 189
172 192
172 202
172 208
172 211
172 212
172 215
173 7
173 10
173 11
173 13
173 19
173 22
173 29
173 45
173 47
173 50
173 60
173 61
173 64
173 66
173 72
173 75
173 88
173 95
173 99
173 106
173 113
173 119
173 120
173 136
173 137
173 143
173 148
173 150
173 160
173 161
173 162
173 163
173 165
173 170
173 171
173 175
173 176
173 177
173 178
173 179
173 184
173 191
173 194
173 200
173 201
173 203
173 210
173 211
173 213
173 215
173 218
173 219
174 6
174 9
174 11
174 22
174 29
174 33
174 36
174 37
174 38
174 43
174 48
174 49
174 54
174 57
174 65
174 71
174 78
174 81
174 84
174 93
174 104
174 106
174 108
174 111
174 115
174 120
174 121
174 130
174 149
174 162
174 163
174 166
174 168
174 171
174 181
174 191
174 192
174 194
174 206
174 209
174 210
174 218
175 6
175 13
175 21
175 23
175 29
175 30
175 41
175 44
175 48
175 59
175 60
175 64
175 79
175 84
175 88
175 91
175 98
175 104
175 108
175 109
175 118
175 121
175 122
175 123
175 129
175 131
175 134
175 137
175 141
175 143
175 151
175 152
175 159
175 160
175 164
175 168
175 172
175 174
175 178
175 182
175 188
175 196
175 197
175 198
175 201
175 208
175 212
175 215
175 218
175 219
176 0
176 5
176 8
176 18
176 21
176 23
176 25
176 28
176 31
176 32
176 34
176 39
176 41
176 43
176 45
176 47
176 60
176 63
176 85
176 102
176 111
176 115
176 118
176 119
176 124
176 125
176 145
176 149
176 150
176 152
176 153
176 154
176 155
176 159
176 160
176 166
176 169
176 171
176 174
176 175
176 179
176 183
176 185
176 193
176 196
176 197
176 198
176 204
176 207
176 212
177 0
177 1
177 6
177 23
177 26
177 29
177 30
177 35
177 41
177 56
177 63
177 64
177 65
177 72
177 75
177 79
177 83
177 87
177 90
177 96
177 99
177 107
177 112
177 116
177 118
177 119
177 121
177 122
177 124
177 126
177 135
177 137
177 143
177 144
177 145
177 152
177 154
177 157
177 160
177 167
177 173
177 176
177 178
177 181
177 191
177 194
177 207
177 210
177 211
177 216
177 217
178 2
178 4
178 10
178 16
178 19
178 21
178 43
178 47
178 54
178 55
178 62
178 65
178 76
178 78
178 79
178 86
178 87
178 94
178 99
178 101
178 102
178 103
178 106
178 107
178 109
178 124
178 125
178 127
178 131
178 144
178 147
178 154
178 156
178 165
178 171
178 177
178 184
178 191
178 193
178 194
178 195
178 199
178 200
178 202
178 211
178 214
178 216
178 218
179 10
179 18
179 20
179 21
179 22
179 23
179 32
179 33
179 36
179 40
179 43
179 45
179 52
179 55
179 57
179 60
179 64
179 66
179 69
179 75
179 90
179 99
179 105
179 107
179 113
179 119
179 123
179 128
179 134
179 138
179 139
179 141
179 142
179 143
179 146
179 152
179 154
179 161
179 168
179 170
179 188
179 190
179 193
179 199
179 200
179 206
179 207
179 215
179 216
180 0
180 6
180 8
180 15
180 20
180 23
180 24
180 36
180 48
180 51
180 58
180 61
180 67
180 70
180 73
180 76
180 77
180 98
180 100
180 103
180 104
180 106
180 107
180 108
180 120
180 121
180 122
180 123
180 124
180 132
180 133
180 134
180 135
180 139
180 143
180 149
180 158
180 162
180 163
180 174
180 182
180 186
180 188
180 190
180 197
180 204
180 207
180 208
180 210
181 4
181 7
181 10
181 14
181 15
181 31
181 34
181 35
181 45
181 53
181 54
181 72
181 78
181 86
181 87
181 88
181 91
181 96
181 115
181 132
181 135
181 147
181 153
181 160
181 163
181 165
181 176
181 183
181 185
181 186
181 196
181 200
181 207
181 208
181 212
181 215
181 216
182 16
182 18
182 19
182 23
182 25
182 26
182 28
182 31
182 34
182 49
182 51
182 63
182 66
182 71
182 75
182 88
182 90
182 99
182 106
182 111
182 118
182 119
182 121
182 124
182 130
182 132
182 139
182 146
182 149
182 152
182 153
182 155
182 161
182 162
182 172
182 175
182 184
182 185
182 191
182 194
182 202
182 205
182 208
182 210
182 214
182 217
183 2
183 8
183 23
183 24
183 31
183 32
183 38
183 47
183 48
183 53
183 62
183 63
183 65
183 69
183 75
183 85
183 105
183 106
183 117
183 132
183 134
183 135
183 136
183 137
183 139
183 140
183 146
183 147
183 148
183 149
183 153
183 154
183 157
183 177
183 186
183 188
183 189
183 190
183 196
183 197
183 205
183 206
183 208
183 211
183 218
183 219
184 6
184 7
184 9
184 25
184 26
184 27
184 31
184 34
184 53
184 55
184 65
184 66
184 78
184 80
184 86
184 88
184 108
184 111
184 114
184 115
184 117
184 121
184 125
184 126
184 138
184 146
184 149
184 154
184 163
184 167
184 169
184 181
184 187
184 200
184 202
184 204
184 209
184 210
185 0
185 2
185 3
185 4
185 5
185 9
185 10
185 15
185 26
185 32
185 53
185 56
185 60
185 62
185 65
185 70
185 72
185 74
185 75
185 79
185 85
185 111
185 112
185 113
185 118
185 120
185 124
185 127
185 130
185 137
185 143
185 147
185 153
185 159
185 160
185 162
185 171
185 179
185 183
185 194
185 195
185 198
185 200
185 204
185 209
185 211
185 219
186 0
186 1
186 2
186 3
186 9
186 17
186 32
186 36
186 38
186 41
186 42
186 46
186 53
186 56
186 59
186 60
186 71
186 74
186 76
186 80
186 82
186 88
186 95
186 97
186 99
186 100
186 101
186 103
186 107
186 112
186 137
186 140
186 150
186 152
186 164
186 171
186 179
186 184
186 190
186 191
186 193
186 194
186 198
186 200
186 201
186 213
186 216
186 219
187 20
187 21
187 22
187 25
187 34
187 36
187 40
187 41
187 47
187 53
187 68
187 80
187 84
187 92
187 93
187 106
187 109
187 111
187 120
187 124
187 125
187 128
187 130
187 134
187 136
187 145
187 148
187 155
187 157
187 164
187 176
187 191
187 194
187 210
187 219
188 0
188 6
188 7
188 8
188 11
188 15
188 19
188 21
188 28
188 30
188 35
188 37
188 44
188 46
188 49
188 51
188 53
188 57
188 61
188 68
188 76
188 85
188 87
188 88
188 90
188 92
188 93
188 94
188 97
188 100
188 107
188 114
188 115
188 120
188 136
188 138
188 148
188 152
188 165
188 168
188 176
188 177
188 178
188 184
188 195
188 202
188 208
188 210
188 211
188 217
189 2
189 6
189 14
189 18
189 20
189 22
189 31
189 36
189 37
189 39
189 42
189 43
189 48
189 52
189 54
189 55
189 60
189 78
189 83
189 87
189 88
189 90
189 91
189 95
189 103
189 109
189 113
189 117
189 124
189 129
189 131
189 135
189 136
189 148
189 149
189 150
189 151
189 155
189 156
189 160
189 170
189 172
189 174
189 186
189 187
189 197
189 203
189 206
189 217
190 1
190 5
190 9
190 11
190 12
190 14
190 15
190 19
190 29
190 34
190 42
190 45
190 52
190 59
190 60
190 61
190 62
190 66
190 67
190 69
190 70
190 71
190 75
190 78
190 79
190 83
190 88
190 89
190 91
190 92
190 96
190 98
190 102
190 107
190 108
190 114
190 123
190 126
190 131
190 138
190 139
190 147
190 150
190 154
190 162
190 165
190 170
190 182
190 189
190 193
190 212
190 213
190 214
190 218
191 2
191 19
191 29
191 38
191 39
191 41
191 46
191 48
191 59
191 66
191 70
191 77
191 78
191 82
191 87
191 92
191 94
191 96
191 100
191 103
191 112
191 115
191 117
191 119
191 126
191 130
191 132
191 134
191 138
191 142
191 146
191 149
191 152
191 157
191 158
191 175
191 179
191 190
191 209
191 218
191 219
192 3
192 13
192 16
192 18
192 19
192 20
192 25
192 27
192 30
192 33
192 34
192 40
192 42
192 44
192 54
192 66
192 67
192 71
192 75
192 89
192 95
192 96
192 102
192 110
192 116
192 120
192 123
192 124
192 125
192 132
192 134
192 139
192 153
192 158
192 162
192 163
192 165
192 166
192 167
192 169
192 177
192 180
192 199
192 207
192 209
193 11
193 13
193 16
193 18
193 21
193 30
193 37
193 38
193 41
193 42
193 43
193 44
193 49
193 63
193 65
193 72
193 80
193 84
193 85
193 87
193 95
193 108
193 109
193 110
193 114
193 117
193 120
193 122
193 124
193 125
193 135
193 139
193 147
193 148
193 150
193 153
193 166
193 173
193 181
193 183
193 206
194 1
194 18
194 32
194 33
194 36
194 37
194 38
194 39
194 41
194 47
194 52
194 53
194 56
194 60
194 61
194 73
194 82
194 96
194 103
194 126
194 133
194 140
194 141
194 143
194 145
194 146
194 153
194 161
194 162
194 165
194 167
194 171
194 173
194 180
194 181
194 183
194 193
194 209
194 217
195 3
195 6
195 9
195 20
195 34
195 43
195 59
195 60
195 61
195 62
195 64
195 67
195 69
195 70
195 72
195 73
195 79
195 80
195 90
195 107
195 109
195 112
195 113
195 119
195 123
195 132
195 133
195 135
195 137
195 151
195 156
195 157
195 160
195 165
195 166
195 179
195 180
195 181
195 185
195 186
195 213
195 217
196 0
196 2
196 3
196 8
196 13
196 46
196 48
196 51
196 52
196 53
196 54
196 66
196 68
196 71
196 72
196 73
196 75
196 82
196 83
196 88
196 96
196 101
196 102
196 106
196 110
196 123
196 125
196 130
196 138
196 140
196 142
196 148
196 155
196 156
196 158
196 166
196 174
196 187
196 189
196 193
196 194
196 195
196 200
196 202
196 206
196 216
197 2
197 5
197 7
197 9
197 12
197 13
197 17
197 35
197 36
197 39
197 43
197 45
197 49
197 55
197 66
197 70
197 73
197 75
197 76
197 80
197 83
197 91
197 97
197 98
197 101
197 111
197 114
197 122
197 127
197 129
197 133
197 136
197 138
197 145
197 153
197 157
197 158
197 160
197 163
197 164
197 165
197 170
197 172
197 174
197 175
197 184
197 198
197 201
197 202
197 209
197 210
197 211
197 217
197 219
198 6
198 10
198 20
198 24
198 25
198 26
198 28
198 32
198 40
198 44
198 49
198 51
198 56
198 57
198 59
198 63
198 66
198 71
198 82
198 86
198 107
198 111
198 122
198 129
198 131
198 141
198 143
198 145
198 149
198 153
198 157
198 158
198 160
198 167
198 174
198 179
198 184
198 189
198 193
198 194
198 207
198 209
198 212
198 213
198 219
199 0
199 1
199 3
199 5
199 6
199 10
199 13
199 14
199 16
199 28
199 32
199 34
199 37
199 41
199 44
199 50
199 51
199 56
199 58
199 65
199 68
199 72
199 74
199 78
199 90
199 96
199 99
199 102
199 105
199 109
199 113
199 116
199 121
199 125
199 134
199 135
199 137
199 142
199 160
199 161
199 163
199 164
199 171
199 173
199 176
199 181
199 186
199 189
199 190
199 193
199 198
199 200
199 203
199 206
199 210
200 5
200 6
200 12
200 13
200 16
200 25
200 34
200 51
200 56
200 58
200 61
200 68
200 74
200 83
200 93
200 107
200 110
200 114
200 116
200 119
200 121
200 125
200 128
200 136
200 137
200 138
200 139
200 142
200 143
200 144
200 146
200 157
200 159
200 160
200 161
200 211
200 213
200 214
200 217
201 5
201 7
201 10
201 20
201 21
201 46
201 52
201 58
201 65
201 67
201 72
201 73
201 81
201 87
201 96
201 101
201 108
201 110
201 114
201 118
201 119
201 120
201 124
201 130
201 139
201 140
201 141
201 142
201 143
201 151
201 153
201 155
201 158
201 163
201 164
201 168
201 183
201 186
201 188
201 197
201 212
201 213
201 214
201 218
202 9
202 11
202 13
202 14
202 15
202 23
202 25
202 28
202 30
202 31
202 35
202 37
202 43
202 54
202 57
202 62
202 64
202 81
202 92
202 102
202 103
202 106
202 108
202 109
202 116
202 117
202 125
202 134
202 145
202 150
202 154
202 156
202 168
202 170
202 172
202 173
202 175
202 178
202 182
202 216
203 10
203 11
203 13
203 21
203 24
203 35
203 44
203 47
203 49
203 60
203 65
203 68
203 70
203 71
203 95
203 109
203 110
203 116
203 126
203 128
203 131
203 134
203 145
203 146
203 149
203 153
203 157
203 159
203 164
203 170
203 171
203 173
203 175
203 176
203 181
203 182
203 183
203 185
203 191
203 193
203 199
203 205
203 213
203 214
204 1
204 10
204 11
204 15
204 19
204 29
204 36
204 41
204 43
204 45
204 46
204 49
204 60
204 65
204 72
204 77
204 78
204 80
204 85
204 90
204 92
204 94
204 96
204 101
204 103
204 111
204 118
204 119
204 120
204 127
204 129
204 131
204 133
204 141
204 142
204 143
204 146
204 155
204 170
204 172
204 176
204 177
204 179
204 181
204 190
204 194
204 197
204 210
204 217
204 218
205 8
205 9
205 16
205 21
205 25
205 26
205 27
205 32
205 44
205 54
205 56
205 59
205 60
205 62
205 65
205 70
205 79
205 89
205 101
205 105
205 114
205 117
205 121
205 122
205 125
205 126
205 128
205 130
205 135
205 136
205 139
205 142
205 149
205 151
205 154
205 158
205 162
205 166
205 169
205 173
205 175
205 181
205 187
205 190
205 194
205 198
205 200
205 211
205 213
206 1
206 2
206 7
206 9
206 10
206 12
206 18
206 19
206 26
206 33
206 37
206 38
206 39
206 43
206 44
206 50
206 51
206 55
206 71
206 73
206 76
206 77
206 79
206 80
206 85
206 87
206 89
206 98
206 112
206 126
206 128
206 129
206 131
206 137
206 138
206 145
206 148
206 150
206 152
206 157
206 162
206 163
206 166
206 167
206 170
206 172
206 180
206 182
206 183
206 188
206 191
206 192
206 196
206 199
206 201
206 211
206 216
207 1
207 16
207 24
207 33
207 36
207 38
207 49
207 53
207 55
207 58
207 62
207 67
207 71
207 77
207 80
207 91
207 100
207 116
207 118
207 124
207 130
207 132
207 140
207 143
207 145
207 153
207 168
207 180
207 184
207 185
207 192
207 193
207 194
207 195
207 202
207 212
207 214
207 218
208 1
208 10
208 11
208 16
208 17
208 20
208 24
208 26
208 36
208 43
208 45
208 48
208 52
208 54
208 59
208 66
208 68
208 75
208 78
208 84
208 94
208 95
208 102
208 107
208 108
208 111
208 120
208 121
208 123
208 125
208 130
208 131
208 136
208 142
208 146
208 148
208 151
208 152
208 155
208 158
208 167
208 168
208 169
208 171
208 174
208 176
208 191
208 193
208 197
208 206
209 0
209 3
209 5
209 10
209 21
209 26
209 30
209 48
209 51
209 53
209 55
209 64
209 67
209 68
209 73
209 82
209 86
209 89
209 101
209 102
209 107
209 118
209 122
209 125
209 126
209 129
209 130
209 131
209 136
209 146
209 152
209 154
209 158
209 161
209 164
209 181
209 186
209 189
209 190
209 191
209 192
209 194
209 195
209 207
209 214
209 217
210 3
210 8
210 18
210 29
210 30
210 35
210 36
210 37
210 39
210 52
210 61
210 63
210 71
210 76
210 77
210 87
210 89
210 92
210 93
210 95
210 103
210 104
210 105
210 106
210 115
210 119
210 127
210 128
210 130
210 132
210 136
210 141
210 142
210 160
210 164
210 166
210 167
210 177
210 183
210 192
210 195
210 205
210 215
211 4
211 12
211 13
211 18
211 26
211 32
211 35
211 38
211 39
211 47
211 49
211 55
211 57
211 62
211 66
211 71
211 79
211 83
211 85
211 89
211 98
211 100
211 103
211 122
211 139
211 141
211 142
211 157
211 162
211 164
211 167
211 169
211 173
211 174
211 176
211 185
211 189
211 195
211 206
211 208
211 217
212 3
212 11
212 26
212 57
212 60
212 63
212 74
212 77
212 80
212 85
212 86
212 96
212 97
212 102
212 105
212 110
212 113
212 116
212 123
212 124
212 127
212 131
212 132
212 136
212 140
212 142
212 150
212 154
212 158
212 170
212 181
212 182
212 187
212 191
212 193
212 196
212 197
212 199
212 201
212 202
212 207
212 215
212 216
212 218
213 1
213 4
213 9
213 10
213 22
213 38
213 40
213 41
213 48
213 61
213 67
213 77
213 98
213 99
213 103
213 104
213 105
213 106
213 108
213 112
213 113
213 123
213 129
213 134
213 139
213 141
213 147
213 148
213 149
213 152
213 153
213 160
213 161
213 163
213 172
213 174
213 176
213 178
213 187
213 199
213 202
213 203
213 204
213 208
213 214
213 217
214 39
214 42
214 43
214 60
214 70
214 76
214 78
214 80
214 85
214 114
214 117
214 121
214 123
214 124
214 137
214 139
214 140
214 144
214 146
214 148
214 156
214 161
214 164
214 173
214 178
214 180
214 181
214 187
214 191
214 196
214 202
214 203
214 204
214 209
214 218
215 2
215 6
215 7
215 9
215 29
215 32
215 34
215 37
215 45
215 58
215 59
215 61
215 69
215 71
215 78
215 81
215 100
215 106
215 116
215 117
215 119
215 124
215 125
215 132
215 140
215 141
215 142
215 143
215 155
215 169
215 170
215 171
215 176
215 178
215 181
215 187
215 188
215 191
215 199
215 201
215 207
215 218
216 1
216 10
216 31
216 36
216 52
216 61
216 62
216 66
216 72
216 74
216 79
216 82
216 97
216 100
216 101
216 104
216 119
216 139
216 142
216 144
216 145
216 151
216 171
216 177
216 181
216 183
216 193
216 198
216 199
216 219
217 2
217 9
217 14
217 16
217 18
217 19
217 27
217 39
217 45
217 51
217 59
217 62
217 63
217 69
217 73
217 76
217 92
217 93
217 95
217 99
217 105
217 106
217 110
217 118
217 124
217 125
217 137
217 151
217 152
217 161
217 165
217 168
217 173
217 174
217 182
217 186
217 199
217 202
217 203
217 204
217 210
217 213
217 215
217 219
218 8
218 26
218 31
218 33
218 42
218 52
218 54
218 55
218 57
218 62
218 74
218 79
218 81
218 82
218 84
218 87
218 91
218 94
218 105
218 116
218 121
218 125
218 126
218 134
218 143
218 153
218 164
218 166
218 173
218 174
218 189
218 199
218 202
218 209
218 215
218 217
219 7
219 8
219 10
219 11
219 14
219 15
219 20
219 22
219 41
219 43
219 45
219 63
219 74
219 80
219 94
219 95
219 97
219 101
219 105
219 109
219 112
219 117
219 118
219 119
219 127
219 141
219 148
219 149
219 169
219 170
219 173
219 174
219 178
219 183
219 184
219 190
219 200
219 202
219 206
219 209
219 212
