40
0 3
0 5
0 6
0 14
0 19
0 20
0 21
0 23
0 28
0 37
1 2
1 7
1 10
1 15
1 20
1 31
1 34
1 39
2 4
2 5
2 10
2 17
2 19
2 20
2 22
2 29
2 38
3 1
3 14
3 15
3 17
3 24
3 30
3 34
4 0
4 6
4 9
4 10
4 14
4 15
4 16
4 17
4 21
4 23
4 25
4 28
5 2
5 8
5 12
5 13
5 14
5 19
5 20
5 21
5 29
5 33
6 3
6 4
6 13
6 19
6 24
6 26
6 38
7 10
7 14
7 15
7 16
7 28
7 29
7 38
8 3
8 4
8 10
8 11
8 12
8 22
8 29
8 30
8 31
8 38
9 4
9 12
9 19
9 23
9 34
9 37
10 14
10 16
10 28
10 30
10 34
10 38
11 4
11 6
11 9
11 14
11 18
11 26
11 29
11 31
12 0
12 1
12 6
12 9
12 17
12 18
12 24
12 28
12 29
12 30
12 32
12 33
13 5
13 7
13 8
13 11
13 12
13 21
13 28
14 9
14 22
14 26
14 27
14 29
14 32
14 37
15 4
15 12
15 19
15 31
15 32
15 37
15 38
16 0
16 6
16 13
16 22
16 24
16 25
16 26
16 29
16 38
17 6
17 9
17 12
17 21
17 32
18 4
18 5
18 6
18 8
18 11
18 15
18 17
18 21
18 26
18 27
18 30
19 6
19 7
19 21
19 22
19 37
20 0
20 8
20 15
20 18
20 19
20 24
20 27
20 29
20 32
20 34
21 0
21 6
21 11
21 12
21 20
21 24
21 29
21 33
21 35
21 38
22 1
22 2
22 8
22 10
22 12
22 14
22 16
22 17
22 20
22 25
22 37
22 38
23 3
23 20
23 31
23 33
23 39
24 1
24 8
24 20
24 22
25 2
25 14
25 15
25 16
25 21
25 37
25 38
26 0
26 7
26 9
26 12
26 13
26 17
26 18
26 27
26 34
26 36
26 39
27 0
27 4
27 11
27 17
27 21
27 23
27 35
27 37
28 1
28 3
28 8
28 11
28 13
28 30
29 11
29 17
29 32
29 33
30 5
30 7
30 10
30 11
30 24
31 0
31 3
31 8
31 11
31 15
31 27
31 29
31 33
32 3
32 11
32 12
32 16
32 18
32 22
32 24
32 25
32 28
32 30
33 7
33 13
33 14
33 21
33 26
33 31
33 39
34 1
34 9
34 15
34 19
34 24
34 31
35 7
35 10
35 16
35 17
35 20
35 26
35 30
35 37
35 39
36 5
36 9
36 17
36 21
36 23
37 3
37 7
37 8
37 11
37 12
37 18
37 19
37 26
37 33
37 36
38 13
38 14
38 15
38 27
38 30
38 35
38 39
39 6
39 13
39 19
39 20
39 23
39 28
