145
0 4
0 10
0 11
0 22
0 31
0 35
0 43
0 54
0 71
0 74
0 75
0 83
0 86
0 100
0 102
0 113
0 124
0 128
0 132
0 133
0 138
0 142
1 3
1 4
1 5
1 7
1 9
1 12
1 15
1 20
1 31
1 33
1 35
1 36
1 38
1 40
1 41
1 47
1 48
1 55
1 58
1 63
1 65
1 70
1 75
1 76
1 77
1 87
1 95
1 101
1 107
1 114
1 119
1 123
1 126
1 127
1 130
1 131
1 132
1 133
1 140
1 142
2 0
2 3
2 5
2 11
2 16
2 20
2 24
2 35
2 60
2 61
2 66
2 73
2 78
2 79
2 87
2 90
2 95
2 96
2 97
2 101
2 108
2 113
2 114
2 119
2 120
2 121
2 126
2 130
2 141
2 144
3 0
3 4
3 6
3 21
3 30
3 39
3 44
3 45
3 51
3 53
3 60
3 61
3 64
3 70
3 73
3 75
3 76
3 81
3 96
3 97
3 113
3 114
3 117
3 120
3 124
3 131
3 134
4 6
4 9
4 14
4 16
4 17
4 20
4 21
4 23
4 30
4 31
4 33
4 34
4 37
4 41
4 50
4 53
4 59
4 68
4 72
4 75
4 79
4 86
4 91
4 101
4 107
4 128
4 129
4 133
4 138
5 2
5 3
5 4
5 8
5 11
5 16
5 17
5 20
5 26
5 36
5 37
5 40
5 47
5 58
5 69
5 75
5 77
5 81
5 83
5 84
5 86
5 90
5 95
5 98
5 104
5 108
5 112
5 121
5 124
5 125
5 132
5 135
5 139
5 141
5 142
5 143
5 144
6 7
6 12
6 29
6 36
6 40
6 49
6 51
6 53
6 73
6 74
6 75
6 81
6 89
6 90
6 102
6 107
6 111
6 114
6 115
6 123
6 129
6 131
6 135
6 140
7 8
7 9
7 10
7 11
7 17
7 20
7 21
7 26
7 32
7 36
7 42
7 45
7 51
7 57
7 59
7 60
7 61
7 67
7 72
7 79
7 85
7 87
7 90
7 91
7 92
7 94
7 96
7 97
7 104
7 107
7 109
7 111
7 112
7 123
7 131
7 134
7 140
7 142
7 143
7 144
8 2
8 10
8 23
8 25
8 26
8 30
8 34
8 50
8 54
8 68
8 71
8 73
8 75
8 76
8 80
8 88
8 109
8 114
8 127
8 140
9 0
9 2
9 3
9 5
9 11
9 20
9 36
9 40
9 42
9 53
9 55
9 61
9 71
9 72
9 84
9 85
9 93
9 95
9 99
9 109
9 111
9 115
9 120
9 124
9 127
9 130
9 133
9 136
9 138
9 142
9 144
10 7
10 19
10 22
10 23
10 24
10 29
10 33
10 35
10 43
10 45
10 53
10 56
10 60
10 63
10 66
10 67
10 70
10 72
10 76
10 80
10 87
10 88
10 92
10 102
10 104
10 105
10 111
10 114
10 122
10 130
10 139
10 142
10 143
11 9
11 20
11 27
11 28
11 39
11 41
11 48
11 54
11 83
11 84
11 90
11 92
11 96
11 97
11 115
11 119
11 120
11 129
11 135
11 138
12 16
12 21
12 22
12 25
12 32
12 38
12 44
12 48
12 50
12 51
12 61
12 63
12 65
12 68
12 70
12 72
12 73
12 81
12 94
12 95
12 100
12 107
12 117
12 118
12 126
12 133
12 136
12 139
13 1
13 6
13 7
13 21
13 28
13 29
13 33
13 35
13 36
13 42
13 45
13 50
13 59
13 66
13 67
13 69
13 70
13 71
13 75
13 79
13 88
13 90
13 99
13 100
13 103
13 106
13 110
13 115
13 130
13 134
13 137
14 5
14 12
14 32
14 36
14 40
14 42
14 47
14 53
14 58
14 63
14 68
14 69
14 70
14 74
14 92
14 93
14 111
14 127
14 129
14 134
14 141
15 8
15 9
15 13
15 16
15 17
15 18
15 21
15 22
15 29
15 31
15 41
15 54
15 55
15 65
15 67
15 69
15 71
15 73
15 75
15 76
15 82
15 92
15 98
15 100
15 104
15 107
15 108
15 112
15 114
15 119
15 120
15 122
15 132
15 134
15 137
15 144
16 2
16 9
16 13
16 19
16 21
16 23
16 24
16 27
16 28
16 47
16 52
16 63
16 84
16 85
16 106
16 131
16 134
16 137
16 138
16 142
17 16
17 26
17 32
17 35
17 45
17 48
17 49
17 55
17 71
17 73
17 75
17 79
17 82
17 90
17 94
17 95
17 101
17 103
17 105
17 109
17 111
17 115
17 116
17 118
17 119
17 121
17 123
18 4
18 14
18 22
18 27
18 28
18 29
18 53
18 55
18 59
18 80
18 83
18 85
18 87
18 90
18 98
18 100
18 105
18 109
18 113
18 124
18 133
18 139
18 141
18 143
19 3
19 6
19 11
19 12
19 20
19 34
19 42
19 45
19 50
19 56
19 60
19 65
19 67
19 72
19 80
19 87
19 89
19 100
19 108
19 111
19 116
19 121
19 122
19 123
19 125
19 129
20 3
20 4
20 7
20 8
20 18
20 19
20 26
20 30
20 31
20 38
20 43
20 50
20 53
20 60
20 65
20 71
20 73
20 74
20 87
20 90
20 97
20 99
20 102
20 110
20 111
20 116
20 119
20 122
20 123
20 124
20 131
20 133
20 134
20 135
20 139
20 140
20 143
21 0
21 5
21 14
21 19
21 39
21 40
21 52
21 60
21 61
21 62
21 69
21 79
21 81
21 91
21 92
21 98
21 99
21 105
21 115
21 118
21 125
21 131
21 132
21 135
21 136
22 6
22 14
22 29
22 35
22 42
22 44
22 46
22 48
22 57
22 60
22 62
22 65
22 72
22 74
22 87
22 94
22 95
22 96
22 104
22 105
22 107
22 118
22 121
22 122
22 135
22 139
22 141
23 1
23 2
23 3
23 5
23 11
23 12
23 24
23 33
23 35
23 46
23 47
23 56
23 60
23 61
23 78
23 79
23 80
23 82
23 98
23 99
23 105
23 109
23 113
23 117
23 118
23 123
23 125
23 133
23 137
23 139
23 143
24 4
24 7
24 9
24 10
24 11
24 13
24 14
24 16
24 35
24 42
24 48
24 50
24 52
24 53
24 61
24 69
24 72
24 79
24 91
24 93
24 104
24 105
24 106
24 118
24 131
24 133
24 144
25 2
25 28
25 33
25 35
25 36
25 41
25 42
25 50
25 54
25 62
25 74
25 82
25 95
25 98
25 100
25 101
25 103
25 116
25 117
25 119
25 120
25 122
25 124
25 136
25 142
25 143
26 6
26 20
26 24
26 48
26 49
26 53
26 54
26 66
26 67
26 70
26 73
26 75
26 78
26 87
26 97
26 106
26 114
26 115
26 118
26 119
26 127
26 131
26 138
26 141
27 4
27 11
27 13
27 16
27 19
27 32
27 57
27 58
27 62
27 65
27 66
27 68
27 71
27 76
27 78
27 80
27 84
27 86
27 94
27 96
27 98
27 107
27 113
27 114
27 117
27 123
27 124
27 125
27 126
27 131
27 136
27 143
28 0
28 3
28 6
28 10
28 16
28 19
28 20
28 23
28 32
28 34
28 36
28 40
28 47
28 49
28 50
28 52
28 57
28 67
28 68
28 75
28 79
28 85
28 90
28 93
28 94
28 100
28 104
28 105
28 108
28 109
28 111
28 113
28 114
28 120
28 121
28 127
28 128
28 137
28 141
28 143
29 5
29 12
29 19
29 21
29 30
29 36
29 43
29 44
29 51
29 54
29 58
29 62
29 63
29 64
29 65
29 69
29 74
29 79
29 80
29 82
29 83
29 84
29 87
29 89
29 95
29 102
29 105
29 107
29 119
29 125
29 128
29 130
29 132
29 135
30 1
30 27
30 35
30 38
30 42
30 44
30 53
30 62
30 66
30 68
30 72
30 83
30 84
30 85
30 100
30 103
30 104
30 111
30 119
30 124
30 125
30 126
30 129
30 131
30 134
30 137
30 138
30 143
30 144
31 1
31 3
31 6
31 10
31 18
31 23
31 26
31 29
31 30
31 34
31 44
31 53
31 58
31 62
31 63
31 68
31 77
31 78
31 80
31 84
31 88
31 89
31 91
31 92
31 93
31 99
31 102
31 103
31 105
31 113
31 115
31 125
31 126
31 128
31 137
32 5
32 21
32 29
32 33
32 35
32 55
32 63
32 65
32 74
32 77
32 83
32 86
32 88
32 97
32 101
32 103
32 106
32 109
32 111
32 113
32 117
32 118
32 120
32 121
32 124
32 125
32 126
32 129
32 133
32 139
32 140
33 1
33 2
33 6
33 12
33 16
33 20
33 24
33 43
33 50
33 58
33 60
33 66
33 76
33 78
33 82
33 83
33 88
33 89
33 90
33 92
33 96
33 99
33 101
33 104
33 109
33 115
33 116
33 118
33 129
33 130
33 135
33 136
33 140
33 141
34 1
34 9
34 14
34 21
34 28
34 43
34 46
34 48
34 50
34 53
34 58
34 61
34 66
34 68
34 70
34 76
34 102
34 106
34 109
34 114
34 117
34 119
34 120
34 127
34 129
34 137
34 139
35 22
35 27
35 42
35 50
35 54
35 56
35 57
35 60
35 62
35 80
35 81
35 88
35 90
35 91
35 97
35 98
35 103
35 108
35 111
35 112
35 126
35 128
35 129
35 139
36 4
36 6
36 10
36 13
36 26
36 31
36 39
36 49
36 54
36 56
36 57
36 62
36 71
36 72
36 77
36 80
36 86
36 94
36 95
36 104
36 105
36 110
36 114
36 117
36 124
36 132
36 133
36 134
36 135
36 138
36 141
37 1
37 5
37 11
37 14
37 17
37 24
37 30
37 32
37 33
37 36
37 43
37 44
37 54
37 59
37 60
37 66
37 70
37 72
37 74
37 82
37 84
37 89
37 90
37 94
37 102
37 103
37 106
37 114
37 121
37 125
37 131
37 133
37 134
37 136
37 139
38 6
38 8
38 15
38 23
38 35
38 36
38 37
38 61
38 62
38 64
38 65
38 74
38 81
38 83
38 91
38 95
38 103
38 104
38 105
38 109
38 110
38 117
38 118
38 121
38 127
38 131
38 132
38 140
38 142
39 3
39 4
39 8
39 11
39 25
39 27
39 41
39 43
39 44
39 45
39 48
39 53
39 54
39 58
39 64
39 69
39 70
39 79
39 84
39 87
39 96
39 97
39 98
39 99
39 114
39 121
39 132
39 143
40 0
40 2
40 5
40 11
40 23
40 28
40 36
40 45
40 46
40 48
40 49
40 52
40 65
40 70
40 73
40 83
40 99
40 102
40 103
40 105
40 109
40 117
40 118
40 138
41 2
41 3
41 6
41 7
41 19
41 34
41 38
41 50
41 51
41 55
41 57
41 64
41 65
41 67
41 72
41 74
41 76
41 77
41 86
41 90
41 92
41 95
41 101
41 110
41 111
41 119
41 120
41 125
41 127
41 134
41 140
42 8
42 10
42 13
42 32
42 34
42 41
42 44
42 52
42 59
42 63
42 71
42 73
42 78
42 85
42 89
42 90
42 91
42 96
42 105
42 106
42 116
42 118
42 125
42 133
42 141
43 4
43 6
43 7
43 10
43 13
43 22
43 30
43 32
43 34
43 36
43 42
43 50
43 52
43 57
43 58
43 62
43 71
43 74
43 90
43 93
43 94
43 101
43 102
43 104
43 108
43 114
43 119
43 122
44 1
44 6
44 13
44 16
44 17
44 19
44 21
44 24
44 25
44 28
44 32
44 33
44 39
44 40
44 47
44 49
44 51
44 61
44 62
44 63
44 69
44 72
44 73
44 79
44 80
44 86
44 89
44 90
44 95
44 96
44 106
44 107
44 110
44 114
44 116
44 122
44 126
44 129
44 137
45 0
45 1
45 17
45 18
45 22
45 24
45 25
45 27
45 30
45 31
45 34
45 40
45 46
45 52
45 55
45 63
45 66
45 69
45 71
45 74
45 83
45 87
45 95
45 96
45 97
45 102
45 106
45 113
45 120
45 121
45 124
45 129
45 130
45 132
45 136
45 138
46 0
46 8
46 13
46 24
46 25
46 29
46 30
46 32
46 36
46 37
46 43
46 44
46 45
46 52
46 57
46 59
46 65
46 67
46 78
46 79
46 81
46 83
46 86
46 90
46 93
46 96
46 97
46 102
46 109
46 123
46 131
46 134
46 137
47 4
47 13
47 19
47 22
47 28
47 45
47 48
47 59
47 71
47 72
47 79
47 82
47 88
47 90
47 99
47 102
47 105
47 109
47 111
47 116
47 124
47 125
47 127
47 131
47 142
48 9
48 13
48 15
48 16
48 23
48 31
48 36
48 39
48 45
48 46
48 47
48 52
48 56
48 61
48 64
48 68
48 70
48 73
48 77
48 81
48 82
48 86
48 87
48 93
48 97
48 110
48 114
48 115
48 128
48 130
48 134
48 139
48 141
49 4
49 6
49 7
49 11
49 16
49 19
49 20
49 29
49 40
49 42
49 45
49 71
49 72
49 74
49 76
49 79
49 81
49 94
49 95
49 101
49 103
49 113
49 116
49 122
49 129
49 139
49 143
50 10
50 13
50 17
50 18
50 24
50 27
50 31
50 39
50 41
50 43
50 47
50 49
50 51
50 53
50 54
50 56
50 59
50 63
50 64
50 68
50 75
50 76
50 86
50 101
50 102
50 107
50 115
50 120
50 121
50 127
50 135
50 138
51 2
51 5
51 7
51 21
51 26
51 27
51 29
51 32
51 37
51 42
51 44
51 48
51 50
51 56
51 57
51 59
51 60
51 62
51 63
51 65
51 66
51 67
51 68
51 70
51 72
51 78
51 81
51 83
51 91
51 94
51 95
51 104
51 114
51 115
51 119
51 124
51 125
51 130
52 1
52 5
52 6
52 7
52 11
52 30
52 34
52 37
52 38
52 41
52 47
52 56
52 61
52 69
52 79
52 80
52 81
52 85
52 88
52 90
52 91
52 95
52 96
52 98
52 99
52 108
52 112
52 120
52 122
52 124
52 125
52 130
52 131
52 135
52 142
53 7
53 17
53 26
53 28
53 30
53 40
53 49
53 52
53 58
53 59
53 67
53 75
53 83
53 84
53 87
53 97
53 105
53 128
53 133
53 140
54 4
54 5
54 10
54 18
54 38
54 45
54 57
54 65
54 68
54 74
54 78
54 83
54 87
54 102
54 103
54 106
54 107
54 108
54 118
54 120
54 122
54 130
54 132
54 139
54 140
54 144
55 4
55 7
55 8
55 12
55 22
55 27
55 39
55 40
55 50
55 52
55 54
55 60
55 64
55 70
55 72
55 73
55 74
55 80
55 85
55 94
55 109
55 120
55 132
55 141
55 143
56 6
56 7
56 28
56 33
56 34
56 37
56 40
56 46
56 48
56 51
56 58
56 61
56 62
56 71
56 80
56 93
56 94
56 103
56 115
56 119
56 128
56 137
56 141
57 0
57 1
57 3
57 4
57 8
57 9
57 10
57 16
57 19
57 22
57 24
57 26
57 34
57 35
57 36
57 37
57 39
57 44
57 47
57 51
57 58
57 64
57 65
57 67
57 71
57 74
57 76
57 79
57 85
57 87
57 103
57 108
57 121
57 123
57 124
57 128
57 129
57 131
57 133
57 144
58 1
58 4
58 5
58 6
58 12
58 20
58 23
58 30
58 31
58 32
58 43
58 44
58 52
58 60
58 62
58 64
58 67
58 73
58 77
58 79
58 87
58 93
58 97
58 109
58 130
59 3
59 8
59 25
59 26
59 29
59 52
59 56
59 60
59 61
59 72
59 73
59 77
59 79
59 81
59 86
59 87
59 91
59 94
59 101
59 102
59 109
59 114
59 115
59 116
59 121
59 130
59 135
59 138
59 142
60 1
60 3
60 5
60 12
60 16
60 22
60 23
60 28
60 30
60 32
60 43
60 46
60 57
60 59
60 69
60 73
60 78
60 81
60 83
60 86
60 89
60 98
60 102
60 106
60 107
60 109
60 126
60 130
60 137
61 1
61 2
61 4
61 10
61 12
61 23
61 25
61 36
61 37
61 44
61 45
61 49
61 50
61 57
61 68
61 75
61 77
61 82
61 89
61 92
61 99
61 108
61 116
61 127
61 136
61 143
62 3
62 4
62 10
62 11
62 12
62 18
62 23
62 27
62 29
62 37
62 51
62 56
62 58
62 59
62 61
62 70
62 72
62 74
62 76
62 80
62 84
62 88
62 93
62 96
62 98
62 103
62 104
62 105
62 108
62 116
62 117
62 127
62 142
63 9
63 12
63 16
63 20
63 21
63 22
63 23
63 28
63 30
63 35
63 39
63 40
63 43
63 44
63 49
63 57
63 70
63 71
63 72
63 82
63 87
63 94
63 96
63 102
63 103
63 111
63 114
63 118
63 124
63 129
63 131
63 136
63 137
63 139
63 144
64 8
64 12
64 17
64 18
64 26
64 30
64 36
64 37
64 48
64 52
64 57
64 61
64 69
64 74
64 76
64 80
64 83
64 85
64 87
64 88
64 95
64 97
64 98
64 101
64 102
64 104
64 107
64 127
64 134
65 6
65 11
65 17
65 20
65 32
65 38
65 43
65 44
65 45
65 48
65 52
65 61
65 68
65 69
65 71
65 73
65 77
65 85
65 97
65 99
65 105
65 115
65 119
65 121
65 130
65 142
66 5
66 11
66 21
66 25
66 26
66 35
66 36
66 52
66 55
66 56
66 58
66 62
66 69
66 72
66 75
66 77
66 79
66 87
66 93
66 94
66 97
66 102
66 107
66 109
66 123
66 127
66 136
66 138
66 139
66 140
67 4
67 24
67 25
67 28
67 32
67 34
67 42
67 52
67 53
67 57
67 61
67 63
67 64
67 65
67 72
67 76
67 79
67 81
67 82
67 95
67 101
67 103
67 104
67 113
67 117
67 120
67 130
67 134
67 141
67 143
68 9
68 13
68 15
68 25
68 30
68 37
68 41
68 52
68 53
68 63
68 73
68 75
68 78
68 84
68 87
68 91
68 92
68 97
68 99
68 103
68 105
68 115
68 118
68 121
68 122
68 125
68 128
68 129
68 134
68 140
68 142
69 3
69 9
69 10
69 18
69 22
69 27
69 29
69 30
69 36
69 38
69 40
69 44
69 45
69 48
69 54
69 56
69 62
69 67
69 95
69 102
69 111
69 116
69 118
69 119
69 121
69 122
69 138
70 8
70 11
70 13
70 17
70 21
70 24
70 26
70 28
70 31
70 34
70 52
70 59
70 61
70 66
70 78
70 89
70 96
70 97
70 108
70 117
70 118
70 120
70 123
70 126
70 144
71 2
71 12
71 20
71 21
71 23
71 27
71 47
71 48
71 52
71 56
71 60
71 61
71 76
71 79
71 80
71 81
71 90
71 98
71 100
71 101
71 104
71 112
71 121
71 124
71 133
71 137
71 139
71 143
71 144
72 1
72 4
72 14
72 15
72 19
72 22
72 25
72 33
72 40
72 42
72 45
72 47
72 48
72 52
72 54
72 56
72 61
72 66
72 76
72 78
72 81
72 83
72 84
72 87
72 91
72 101
72 108
72 115
72 117
72 120
72 126
72 130
72 133
72 142
72 144
73 2
73 5
73 7
73 11
73 14
73 19
73 22
73 33
73 34
73 40
73 45
73 49
73 54
73 59
73 71
73 78
73 92
73 95
73 97
73 99
73 108
73 112
73 115
73 117
73 118
73 128
73 130
73 133
74 0
74 1
74 8
74 18
74 23
74 29
74 33
74 35
74 42
74 46
74 52
74 60
74 69
74 78
74 82
74 99
74 100
74 120
74 124
74 127
74 132
74 135
74 139
74 140
74 143
75 6
75 10
75 12
75 16
75 20
75 22
75 24
75 26
75 31
75 33
75 34
75 35
75 36
75 39
75 46
75 52
75 57
75 70
75 79
75 81
75 95
75 97
75 99
75 100
75 103
75 108
75 109
75 112
75 124
75 127
75 133
75 135
75 137
76 3
76 8
76 17
76 19
76 27
76 34
76 40
76 42
76 48
76 58
76 59
76 61
76 69
76 70
76 80
76 81
76 84
76 87
76 93
76 99
76 100
76 102
76 123
76 124
76 125
76 126
76 130
76 131
76 138
76 144
77 2
77 11
77 16
77 19
77 25
77 28
77 59
77 64
77 67
77 72
77 89
77 91
77 98
77 106
77 107
77 110
77 113
77 114
77 115
77 117
77 122
77 129
77 132
77 142
77 144
78 0
78 4
78 6
78 10
78 17
78 19
78 20
78 23
78 29
78 31
78 33
78 34
78 35
78 39
78 41
78 57
78 67
78 81
78 85
78 100
78 104
78 105
78 108
78 111
78 113
78 118
78 119
78 121
78 129
78 138
78 144
79 1
79 2
79 6
79 7
79 19
79 25
79 27
79 32
79 34
79 37
79 38
79 44
79 47
79 49
79 55
79 57
79 58
79 67
79 70
79 71
79 72
79 74
79 84
79 88
79 89
79 91
79 94
79 100
79 102
79 104
79 107
79 108
79 116
79 118
79 124
79 127
79 128
79 140
80 2
80 5
80 7
80 11
80 24
80 33
80 35
80 42
80 47
80 48
80 49
80 51
80 54
80 55
80 62
80 65
80 77
80 78
80 90
80 105
80 106
80 110
80 118
80 122
80 123
80 127
80 133
80 136
80 139
80 140
81 0
81 4
81 15
81 16
81 19
81 30
81 38
81 39
81 58
81 61
81 63
81 65
81 68
81 76
81 84
81 85
81 91
81 103
81 104
81 111
81 113
81 115
81 118
81 130
81 134
81 138
82 2
82 7
82 14
82 18
82 21
82 22
82 25
82 33
82 35
82 37
82 38
82 39
82 42
82 43
82 49
82 54
82 58
82 61
82 64
82 72
82 76
82 79
82 84
82 98
82 104
82 105
82 107
82 114
82 117
82 119
82 122
82 137
83 1
83 2
83 7
83 9
83 12
83 15
83 16
83 30
83 32
83 33
83 35
83 36
83 43
83 46
83 47
83 51
83 55
83 56
83 58
83 67
83 68
83 72
83 74
83 75
83 76
83 89
83 98
83 99
83 100
83 104
83 115
83 117
83 120
83 130
83 131
83 132
83 140
84 0
84 2
84 3
84 4
84 11
84 13
84 14
84 19
84 24
84 29
84 34
84 38
84 50
84 53
84 55
84 56
84 63
84 64
84 67
84 68
84 72
84 76
84 83
84 94
84 98
84 102
84 109
84 111
84 114
84 118
84 128
84 135
84 136
84 137
84 142
85 14
85 26
85 34
85 45
85 51
85 57
85 62
85 68
85 70
85 73
85 82
85 88
85 89
85 94
85 103
85 108
85 111
85 116
85 118
85 120
85 126
85 143
85 144
86 0
86 9
86 16
86 22
86 30
86 32
86 34
86 36
86 38
86 43
86 49
86 50
86 53
86 55
86 65
86 75
86 85
86 89
86 97
86 99
86 100
86 101
86 103
86 105
86 106
86 115
86 117
86 122
86 136
86 137
86 139
86 141
86 143
87 0
87 2
87 4
87 14
87 18
87 19
87 20
87 25
87 31
87 35
87 36
87 46
87 48
87 51
87 57
87 59
87 61
87 66
87 70
87 75
87 76
87 80
87 81
87 97
87 107
87 111
87 112
87 121
87 123
87 124
87 143
87 144
88 15
88 16
88 24
88 25
88 27
88 32
88 40
88 46
88 53
88 60
88 61
88 64
88 69
88 73
88 75
88 79
88 82
88 87
88 89
88 92
88 97
88 105
88 116
88 127
88 130
88 144
89 1
89 20
89 29
89 35
89 40
89 59
89 62
89 65
89 79
89 88
89 91
89 93
89 96
89 98
89 103
89 104
89 106
89 108
89 112
89 113
89 115
89 116
89 121
89 130
89 133
89 134
89 135
89 141
89 144
90 6
90 9
90 42
90 48
90 51
90 53
90 54
90 56
90 64
90 68
90 72
90 76
90 77
90 85
90 93
90 99
90 105
90 108
90 117
90 120
90 123
90 126
90 128
90 131
90 132
90 134
90 142
91 2
91 5
91 15
91 21
91 23
91 30
91 31
91 49
91 51
91 52
91 53
91 54
91 66
91 72
91 87
91 90
91 101
91 102
91 104
91 115
91 117
91 118
91 120
91 128
91 142
91 143
92 1
92 7
92 11
92 15
92 25
92 28
92 31
92 41
92 42
92 48
92 58
92 60
92 64
92 82
92 85
92 95
92 98
92 102
92 109
92 112
92 120
92 124
92 136
92 138
92 144
93 0
93 1
93 14
93 19
93 22
93 38
93 39
93 41
93 43
93 45
93 46
93 50
93 57
93 58
93 65
93 68
93 73
93 74
93 85
93 86
93 90
93 94
93 95
93 96
93 101
93 105
93 107
93 115
93 122
93 125
93 132
93 137
93 139
93 141
94 5
94 7
94 15
94 16
94 20
94 21
94 28
94 33
94 40
94 41
94 42
94 50
94 53
94 71
94 77
94 84
94 88
94 96
94 99
94 102
94 103
94 108
94 112
94 113
94 120
94 121
94 134
94 144
95 7
95 9
95 20
95 25
95 28
95 30
95 34
95 35
95 37
95 58
95 59
95 70
95 71
95 73
95 79
95 80
95 90
95 98
95 104
95 117
95 118
95 119
95 130
95 136
95 138
95 141
96 0
96 1
96 4
96 13
96 16
96 26
96 28
96 29
96 31
96 35
96 43
96 50
96 51
96 52
96 54
96 61
96 63
96 64
96 73
96 81
96 82
96 90
96 94
96 98
96 101
96 106
96 116
96 117
96 119
96 128
96 137
96 142
97 4
97 7
97 8
97 11
97 16
97 19
97 32
97 40
97 42
97 47
97 49
97 50
97 53
97 58
97 66
97 71
97 78
97 85
97 87
97 88
97 104
97 109
97 113
97 121
97 126
97 127
97 128
97 130
97 134
97 136
98 2
98 3
98 4
98 13
98 15
98 26
98 29
98 33
98 42
98 45
98 48
98 53
98 57
98 69
98 89
98 92
98 106
98 107
98 111
98 115
98 128
98 129
98 139
99 1
99 12
99 25
99 34
99 35
99 36
99 37
99 40
99 41
99 42
99 47
99 49
99 60
99 61
99 64
99 66
99 78
99 82
99 90
99 97
99 106
99 107
99 111
99 113
99 118
99 119
99 120
99 122
99 123
99 125
99 135
99 137
100 5
100 7
100 9
100 16
100 20
100 27
100 30
100 33
100 34
100 39
100 41
100 42
100 44
100 45
100 56
100 60
100 64
100 66
100 67
100 69
100 76
100 79
100 81
100 85
100 90
100 105
100 107
100 110
100 114
100 116
100 117
100 120
100 122
100 126
100 135
100 136
100 144
101 16
101 19
101 25
101 32
101 42
101 43
101 46
101 51
101 56
101 64
101 65
101 74
101 80
101 95
101 99
101 104
101 106
101 109
101 111
101 123
101 127
101 138
101 143
102 0
102 11
102 15
102 17
102 23
102 26
102 27
102 34
102 38
102 56
102 67
102 70
102 76
102 78
102 83
102 84
102 90
102 94
102 98
102 104
102 107
102 110
102 124
102 125
102 130
103 5
103 6
103 10
103 11
103 12
103 13
103 16
103 21
103 23
103 24
103 33
103 47
103 58
103 61
103 70
103 71
103 73
103 74
103 78
103 81
103 83
103 85
103 93
103 97
103 101
103 102
103 117
103 121
103 132
103 135
103 142
104 1
104 2
104 6
104 8
104 9
104 12
104 13
104 15
104 20
104 26
104 53
104 54
104 75
104 76
104 82
104 89
104 91
104 111
104 120
104 123
104 127
104 128
104 134
104 143
105 1
105 4
105 5
105 6
105 10
105 11
105 15
105 17
105 20
105 21
105 22
105 30
105 32
105 34
105 35
105 38
105 44
105 48
105 49
105 52
105 64
105 66
105 67
105 74
105 86
105 95
105 103
105 112
105 115
105 119
105 120
105 123
105 127
106 1
106 3
106 13
106 17
106 24
106 27
106 28
106 32
106 45
106 51
106 56
106 66
106 70
106 71
106 72
106 86
106 93
106 97
106 105
106 107
106 113
106 115
106 119
106 129
106 130
106 131
106 138
106 139
106 140
106 143
107 8
107 11
107 23
107 25
107 30
107 34
107 36
107 38
107 45
107 54
107 64
107 74
107 81
107 82
107 94
107 100
107 104
107 115
107 125
107 134
107 135
107 140
107 141
107 142
107 143
108 3
108 5
108 9
108 10
108 11
108 16
108 17
108 18
108 23
108 24
108 25
108 30
108 34
108 39
108 43
108 61
108 63
108 66
108 69
108 70
108 74
108 75
108 76
108 82
108 85
108 86
108 92
108 102
108 105
108 107
108 120
108 128
108 132
108 134
108 135
108 137
109 3
109 14
109 16
109 23
109 24
109 33
109 35
109 38
109 41
109 43
109 50
109 60
109 63
109 74
109 77
109 81
109 83
109 84
109 94
109 98
109 99
109 102
109 113
109 124
109 127
109 136
109 143
110 6
110 10
110 27
110 28
110 36
110 42
110 44
110 48
110 49
110 55
110 57
110 59
110 61
110 65
110 69
110 91
110 95
110 96
110 97
110 99
110 100
110 101
110 106
110 112
110 118
110 122
110 130
110 136
111 10
111 16
111 17
111 18
111 20
111 22
111 25
111 27
111 30
111 31
111 35
111 38
111 39
111 44
111 45
111 46
111 48
111 50
111 58
111 61
111 64
111 79
111 80
111 81
111 92
111 93
111 94
111 99
111 109
111 116
111 117
111 118
111 120
111 129
111 130
111 136
111 141
111 144
112 6
112 8
112 12
112 18
112 19
112 20
112 21
112 28
112 35
112 47
112 50
112 59
112 69
112 70
112 80
112 87
112 88
112 89
112 96
112 99
112 102
112 103
112 109
112 111
112 116
112 120
112 121
112 124
112 128
112 129
112 130
112 135
112 141
113 3
113 19
113 21
113 23
113 25
113 26
113 32
113 43
113 47
113 62
113 65
113 66
113 67
113 69
113 71
113 72
113 74
113 79
113 82
113 90
113 96
113 98
113 99
113 118
113 123
113 133
113 135
114 0
114 5
114 6
114 7
114 23
114 25
114 30
114 33
114 46
114 51
114 54
114 60
114 84
114 88
114 90
114 95
114 97
114 104
114 111
114 115
114 121
114 130
114 132
114 141
115 12
115 13
115 19
115 20
115 25
115 35
115 41
115 50
115 55
115 56
115 59
115 67
115 69
115 70
115 73
115 76
115 80
115 92
115 97
115 99
115 103
115 108
115 119
115 121
115 125
115 126
115 133
115 137
116 5
116 11
116 26
116 31
116 35
116 39
116 44
116 52
116 58
116 65
116 68
116 69
116 72
116 76
116 77
116 79
116 86
116 90
116 92
116 93
116 96
116 105
116 107
116 108
116 109
116 110
116 113
116 120
116 121
116 129
116 130
116 132
116 142
116 143
117 2
117 5
117 8
117 19
117 23
117 24
117 28
117 36
117 37
117 40
117 48
117 53
117 54
117 62
117 64
117 68
117 72
117 91
117 99
117 109
117 110
117 113
117 114
117 115
117 127
117 129
117 136
117 143
117 144
118 0
118 6
118 7
118 13
118 28
118 29
118 32
118 35
118 41
118 47
118 48
118 49
118 52
118 61
118 75
118 77
118 78
118 81
118 99
118 100
118 103
118 108
118 111
118 113
118 115
118 122
118 126
118 130
118 132
118 137
118 139
118 142
119 5
119 7
119 16
119 24
119 25
119 31
119 32
119 33
119 36
119 38
119 40
119 44
119 49
119 50
119 53
119 60
119 68
119 71
119 84
119 88
119 91
119 104
119 108
119 110
119 117
119 120
119 135
119 137
119 138
120 0
120 1
120 2
120 6
120 15
120 16
120 24
120 34
120 36
120 37
120 51
120 56
120 64
120 65
120 81
120 85
120 86
120 90
120 91
120 92
120 96
120 101
120 103
120 105
120 106
120 108
120 112
120 116
120 118
120 119
120 139
120 142
121 22
121 24
121 28
121 33
121 34
121 35
121 37
121 40
121 41
121 42
121 43
121 48
121 52
121 56
121 57
121 58
121 62
121 63
121 69
121 72
121 77
121 84
121 88
121 89
121 104
121 106
121 113
121 119
121 132
121 135
122 4
122 17
122 18
122 26
122 30
122 32
122 35
122 40
122 53
122 71
122 77
122 84
122 85
122 89
122 91
122 92
122 97
122 100
122 104
122 105
122 120
122 121
122 129
122 134
123 21
123 26
123 30
123 31
123 35
123 39
123 43
123 46
123 48
123 51
123 54
123 63
123 66
123 67
123 69
123 71
123 73
123 74
123 90
123 91
123 100
123 102
123 103
123 105
123 106
123 117
123 128
124 0
124 11
124 12
124 15
124 16
124 17
124 27
124 35
124 38
124 42
124 44
124 48
124 50
124 55
124 59
124 61
124 62
124 77
124 80
124 81
124 84
124 87
124 88
124 100
124 101
124 113
124 117
124 120
124 127
124 134
124 135
124 136
124 144
125 1
125 4
125 6
125 8
125 16
125 17
125 34
125 36
125 37
125 39
125 43
125 47
125 54
125 55
125 56
125 61
125 63
125 65
125 70
125 75
125 82
125 83
125 86
125 91
125 92
125 94
125 102
125 105
125 108
125 112
125 114
125 121
125 131
125 132
125 134
125 135
125 137
125 139
126 5
126 6
126 8
126 9
126 21
126 26
126 41
126 48
126 52
126 54
126 56
126 58
126 67
126 71
126 72
126 74
126 82
126 89
126 96
126 97
126 102
126 105
126 112
126 130
126 135
126 136
126 137
126 141
127 2
127 6
127 8
127 13
127 26
127 33
127 38
127 39
127 41
127 43
127 44
127 53
127 54
127 61
127 70
127 76
127 78
127 79
127 88
127 104
127 106
127 111
127 114
127 131
127 134
127 138
127 139
127 143
128 0
128 2
128 9
128 17
128 22
128 27
128 30
128 38
128 41
128 43
128 44
128 45
128 53
128 58
128 69
128 73
128 77
128 82
128 84
128 85
128 86
128 87
128 91
128 97
128 99
128 103
128 104
128 106
128 109
128 115
128 117
128 119
128 120
128 124
128 129
128 136
128 139
128 141
129 2
129 7
129 13
129 14
129 17
129 20
129 30
129 32
129 34
129 35
129 40
129 42
129 43
129 51
129 53
129 59
129 62
129 65
129 70
129 71
129 74
129 75
129 93
129 103
129 112
129 116
129 117
129 128
130 3
130 5
130 6
130 13
130 15
130 19
130 21
130 26
130 29
130 31
130 42
130 52
130 53
130 68
130 81
130 83
130 84
130 88
130 100
130 101
130 104
130 123
130 125
130 127
131 1
131 2
131 12
131 13
131 14
131 17
131 22
131 23
131 25
131 28
131 34
131 40
131 43
131 45
131 48
131 54
131 57
131 61
131 66
131 73
131 77
131 84
131 88
131 91
131 107
131 109
131 119
131 136
131 139
131 142
131 143
132 2
132 6
132 9
132 27
132 36
132 47
132 52
132 66
132 68
132 69
132 81
132 83
132 92
132 94
132 95
132 101
132 103
132 108
132 114
132 120
132 121
132 122
132 126
132 127
132 131
132 133
132 139
132 141
132 144
133 4
133 6
133 11
133 19
133 20
133 22
133 23
133 27
133 36
133 41
133 45
133 56
133 62
133 64
133 65
133 73
133 74
133 76
133 77
133 88
133 89
133 92
133 95
133 97
133 108
133 109
133 110
133 111
133 113
133 119
133 123
133 129
133 130
133 138
133 139
133 141
134 12
134 19
134 23
134 34
134 36
134 49
134 54
134 56
134 58
134 69
134 78
134 81
134 108
134 110
134 111
134 113
134 135
134 143
135 5
135 8
135 10
135 12
135 19
135 23
135 26
135 29
135 33
135 41
135 52
135 53
135 58
135 60
135 67
135 78
135 85
135 86
135 88
135 92
135 96
135 102
135 109
135 113
135 125
135 126
135 128
135 132
135 140
135 143
136 4
136 6
136 9
136 21
136 32
136 35
136 41
136 60
136 61
136 75
136 78
136 82
136 94
136 95
136 97
136 102
136 103
136 105
136 111
136 115
136 120
136 121
136 141
137 0
137 6
137 9
137 24
137 25
137 27
137 31
137 41
137 45
137 48
137 49
137 54
137 67
137 69
137 70
137 75
137 76
137 77
137 82
137 85
137 90
137 91
137 96
137 100
137 103
137 115
137 116
137 117
137 123
137 127
137 135
137 138
137 143
138 2
138 4
138 6
138 8
138 10
138 12
138 15
138 19
138 20
138 22
138 23
138 29
138 44
138 49
138 55
138 57
138 65
138 76
138 81
138 102
138 103
138 105
138 107
138 109
138 125
138 136
138 140
138 141
139 2
139 10
139 18
139 21
139 26
139 31
139 35
139 36
139 41
139 50
139 58
139 59
139 70
139 74
139 82
139 89
139 99
139 107
139 110
139 119
139 120
139 141
140 0
140 13
140 14
140 20
140 21
140 30
140 31
140 38
140 41
140 47
140 49
140 53
140 55
140 67
140 72
140 87
140 91
140 97
140 100
140 104
140 120
140 135
141 0
141 19
141 31
141 41
141 52
141 53
141 60
141 74
141 88
141 93
141 97
141 104
141 105
141 132
141 139
141 142
141 144
142 0
142 2
142 6
142 14
142 20
142 21
142 50
142 52
142 58
142 60
142 67
142 68
142 69
142 70
142 72
142 75
142 80
142 81
142 83
142 87
142 97
142 98
142 100
142 103
142 104
142 110
142 112
142 116
142 117
142 118
142 127
142 133
142 138
142 143
143 4
143 10
143 13
143 17
143 28
143 32
143 39
143 43
143 50
143 55
143 60
143 61
143 65
143 66
143 78
143 83
143 86
143 91
143 92
143 93
143 95
143 102
143 105
143 108
143 109
143 111
143 120
143 124
143 137
143 139
143 140
144 6
144 15
144 21
144 23
144 25
144 31
144 35
144 58
144 61
144 62
144 63
144 65
144 67
144 71
144 74
144 75
144 80
144 82
144 83
144 86
144 88
144 90
144 93
144 95
144 96
144 98
144 104
144 106
144 112
144 115
144 119
144 127
144 130
144 132
144 141
