185
0 13
0 14
0 26
0 27
0 31
0 35
0 41
0 42
0 46
0 47
0 49
0 52
0 59
0 74
0 81
0 84
0 87
0 88
0 95
0 99
0 100
0 102
0 104
0 112
0 133
0 135
0 142
0 157
0 168
0 169
0 179
0 184
1 5
1 15
1 17
1 19
1 20
1 24
1 35
1 39
1 42
1 45
1 50
1 53
1 58
1 64
1 68
1 75
1 78
1 79
1 80
1 81
1 87
1 88
1 95
1 101
1 104
1 105
1 117
1 125
1 126
1 128
1 129
1 131
1 132
1 138
1 141
1 145
1 160
1 169
1 175
1 176
1 178
1 183
2 4
2 10
2 25
2 28
2 31
2 32
2 40
2 47
2 49
2 61
2 72
2 73
2 78
2 83
2 86
2 89
2 92
2 94
2 97
2 105
2 110
2 111
2 120
2 122
2 127
2 140
2 146
2 147
2 148
2 152
2 161
2 162
2 172
2 173
2 175
2 177
3 1
3 2
3 6
3 7
3 10
3 11
3 13
3 16
3 20
3 24
3 29
3 39
3 40
3 41
3 44
3 45
3 52
3 54
3 55
3 57
3 58
3 61
3 64
3 65
3 66
3 69
3 72
3 73
3 100
3 102
3 103
3 105
3 108
3 111
3 113
3 120
3 123
3 124
3 140
3 142
3 159
3 162
3 163
3 178
3 184
4 1
4 18
4 21
4 26
4 32
4 33
4 37
4 40
4 46
4 52
4 61
4 63
4 67
4 73
4 79
4 87
4 88
4 94
4 95
4 103
4 110
4 113
4 119
4 120
4 122
4 126
4 131
4 133
4 136
4 139
4 149
4 150
4 152
4 156
4 163
4 171
4 175
4 176
5 6
5 9
5 14
5 15
5 17
5 25
5 35
5 46
5 48
5 51
5 52
5 56
5 59
5 62
5 69
5 70
5 73
5 76
5 89
5 90
5 91
5 95
5 99
5 104
5 110
5 120
5 123
5 130
5 131
5 137
5 141
5 146
5 149
5 152
5 169
5 171
5 176
5 180
5 183
6 0
6 5
6 14
6 16
6 24
6 25
6 26
6 32
6 38
6 43
6 47
6 52
6 73
6 78
6 82
6 83
6 87
6 89
6 94
6 106
6 121
6 122
6 128
6 129
6 130
6 133
6 136
6 140
6 142
6 144
6 146
6 151
6 153
6 162
6 164
6 166
6 171
6 183
7 0
7 5
7 10
7 11
7 18
7 20
7 26
7 28
7 32
7 36
7 37
7 40
7 44
7 54
7 57
7 72
7 77
7 84
7 92
7 97
7 99
7 101
7 108
7 110
7 113
7 116
7 120
7 123
7 129
7 130
7 131
7 133
7 138
7 142
7 145
7 146
7 153
7 156
7 157
7 163
7 166
7 168
7 174
7 183
8 0
8 14
8 18
8 25
8 30
8 33
8 35
8 40
8 41
8 54
8 60
8 65
8 66
8 73
8 75
8 76
8 83
8 84
8 96
8 101
8 109
8 110
8 112
8 116
8 121
8 122
8 137
8 140
8 144
8 146
8 150
8 165
8 172
8 180
8 183
9 0
9 3
9 4
9 6
9 14
9 18
9 20
9 23
9 32
9 42
9 47
9 55
9 56
9 62
9 64
9 68
9 69
9 72
9 90
9 91
9 95
9 97
9 105
9 108
9 109
9 111
9 113
9 115
9 122
9 133
9 146
9 153
9 162
9 164
9 180
10 0
10 2
10 3
10 7
10 11
10 17
10 22
10 24
10 29
10 31
10 38
10 41
10 42
10 48
10 52
10 54
10 62
10 71
10 72
10 79
10 82
10 83
10 88
10 91
10 92
10 95
10 97
10 100
10 107
10 108
10 116
10 132
10 134
10 149
10 151
10 156
10 161
10 167
10 168
10 169
11 13
11 15
11 18
11 19
11 28
11 29
11 33
11 47
11 50
11 51
11 53
11 54
11 56
11 68
11 80
11 85
11 89
11 93
11 96
11 106
11 107
11 108
11 110
11 123
11 125
11 136
11 144
11 149
11 156
11 160
11 165
11 172
12 2
12 3
12 6
12 14
12 21
12 33
12 38
12 39
12 40
12 44
12 46
12 52
12 54
12 64
12 72
12 73
12 74
12 77
12 87
12 90
12 96
12 109
12 112
12 126
12 127
12 134
12 138
12 139
12 140
12 141
12 145
12 155
12 160
12 169
12 175
12 177
12 181
12 184
13 5
13 20
13 23
13 30
13 37
13 38
13 39
13 42
13 45
13 50
13 58
13 66
13 67
13 69
13 72
13 75
13 80
13 92
13 95
13 98
13 100
13 107
13 111
13 112
13 119
13 121
13 129
13 133
13 137
13 138
13 141
13 143
13 149
13 152
13 156
13 168
13 171
13 180
13 181
14 4
14 6
14 8
14 15
14 19
14 23
14 30
14 37
14 45
14 52
14 54
14 60
14 65
14 69
14 74
14 79
14 88
14 92
14 105
14 111
14 113
14 116
14 121
14 123
14 136
14 156
14 157
14 160
14 168
14 169
14 175
14 176
15 4
15 22
15 23
15 25
15 28
15 30
15 43
15 44
15 47
15 56
15 59
15 65
15 69
15 84
15 88
15 89
15 91
15 92
15 103
15 110
15 113
15 114
15 118
15 124
15 132
15 138
15 144
15 150
15 182
15 184
16 2
16 6
16 19
16 20
16 22
16 29
16 30
16 36
16 41
16 46
16 49
16 53
16 55
16 56
16 58
16 64
16 67
16 68
16 75
16 76
16 79
16 81
16 83
16 91
16 103
16 108
16 109
16 112
16 120
16 124
16 129
16 138
16 146
16 147
16 151
16 152
16 153
16 166
16 169
16 170
16 171
16 172
16 177
16 180
17 3
17 14
17 19
17 31
17 33
17 35
17 43
17 50
17 56
17 70
17 77
17 79
17 81
17 83
17 85
17 86
17 87
17 88
17 91
17 94
17 101
17 103
17 108
17 110
17 116
17 119
17 123
17 126
17 128
17 148
17 150
17 151
17 152
17 162
17 163
17 165
17 170
17 179
17 181
18 1
18 3
18 5
18 8
18 11
18 12
18 14
18 24
18 36
18 39
18 45
18 68
18 74
18 83
18 84
18 92
18 93
18 94
18 100
18 103
18 114
18 126
18 128
18 130
18 144
18 145
18 146
18 150
18 153
18 171
18 179
19 2
19 6
19 8
19 12
19 14
19 25
19 27
19 28
19 32
19 45
19 50
19 54
19 56
19 61
19 63
19 77
19 86
19 89
19 109
19 111
19 112
19 114
19 123
19 124
19 125
19 126
19 127
19 128
19 133
19 137
19 142
19 165
19 168
19 171
19 179
19 183
20 0
20 6
20 13
20 17
20 26
20 33
20 41
20 45
20 46
20 51
20 53
20 65
20 73
20 78
20 80
20 83
20 92
20 94
20 101
20 107
20 116
20 117
20 122
20 124
20 129
20 135
20 140
20 147
20 158
20 159
20 161
20 164
20 167
20 170
20 179
20 181
20 182
20 184
21 3
21 8
21 9
21 26
21 29
21 37
21 39
21 42
21 50
21 64
21 65
21 74
21 80
21 81
21 86
21 89
21 101
21 102
21 103
21 105
21 112
21 123
21 126
21 127
21 132
21 133
21 137
21 141
21 142
21 143
21 149
21 151
21 157
21 159
21 160
21 165
21 170
21 172
21 174
21 175
21 176
21 178
21 183
21 184
22 1
22 2
22 4
22 6
22 10
22 16
22 21
22 25
22 27
22 28
22 40
22 50
22 53
22 54
22 59
22 65
22 70
22 72
22 75
22 79
22 87
22 88
22 95
22 100
22 106
22 113
22 118
22 125
22 131
22 134
22 135
22 145
22 157
22 165
22 168
22 172
22 180
23 0
23 8
23 13
23 17
23 30
23 37
23 39
23 44
23 53
23 55
23 66
23 70
23 89
23 96
23 97
23 98
23 100
23 101
23 114
23 115
23 119
23 120
23 125
23 126
23 131
23 132
23 135
23 139
23 142
23 146
23 147
23 148
23 155
23 156
23 163
23 165
23 171
23 173
23 180
23 183
24 5
24 8
24 34
24 35
24 39
24 41
24 45
24 46
24 48
24 52
24 59
24 68
24 70
24 72
24 75
24 76
24 77
24 83
24 84
24 86
24 91
24 94
24 101
24 110
24 117
24 119
24 126
24 128
24 131
24 145
24 148
24 150
24 151
24 155
24 157
24 182
25 1
25 8
25 14
25 15
25 20
25 26
25 31
25 32
25 36
25 37
25 56
25 57
25 66
25 72
25 75
25 84
25 85
25 94
25 96
25 97
25 99
25 103
25 117
25 126
25 129
25 138
25 139
25 140
25 153
25 159
25 161
25 167
25 177
25 179
26 3
26 6
26 20
26 23
26 27
26 31
26 32
26 34
26 39
26 46
26 48
26 50
26 53
26 56
26 61
26 81
26 94
26 95
26 98
26 102
26 106
26 108
26 113
26 117
26 124
26 128
26 129
26 132
26 135
26 139
26 144
26 149
26 154
26 158
26 166
26 177
26 179
26 182
26 183
27 4
27 8
27 13
27 32
27 36
27 37
27 38
27 46
27 47
27 51
27 63
27 65
27 67
27 69
27 80
27 81
27 85
27 86
27 89
27 96
27 102
27 107
27 112
27 117
27 123
27 127
27 128
27 129
27 158
27 160
27 161
27 167
27 172
27 182
28 7
28 10
28 14
28 15
28 21
28 22
28 39
28 40
28 42
28 44
28 51
28 56
28 62
28 71
28 81
28 87
28 92
28 95
28 111
28 112
28 113
28 114
28 116
28 117
28 120
28 123
28 126
28 128
28 131
28 136
28 139
28 142
28 145
28 154
28 157
28 162
28 179
28 180
29 16
29 27
29 34
29 36
29 54
29 57
29 58
29 63
29 65
29 68
29 73
29 82
29 96
29 98
29 101
29 105
29 109
29 111
29 112
29 113
29 118
29 119
29 135
29 151
29 155
29 157
29 160
29 165
29 166
29 167
29 171
29 172
29 174
29 176
29 182
30 1
30 2
30 5
30 6
30 12
30 13
30 15
30 17
30 19
30 21
30 24
30 42
30 44
30 48
30 50
30 51
30 56
30 57
30 61
30 72
30 75
30 80
30 82
30 92
30 93
30 95
30 101
30 106
30 107
30 110
30 114
30 119
30 125
30 127
30 133
30 141
30 143
30 147
30 157
30 158
30 164
30 167
30 173
30 183
31 1
31 5
31 8
31 16
31 21
31 24
31 30
31 37
31 42
31 48
31 56
31 69
31 71
31 81
31 88
31 94
31 102
31 111
31 121
31 122
31 124
31 141
31 148
31 149
31 151
31 152
31 154
31 159
31 169
31 180
31 184
32 0
32 7
32 8
32 14
32 19
32 31
32 34
32 37
32 44
32 48
32 49
32 51
32 60
32 66
32 78
32 82
32 88
32 95
32 99
32 104
32 109
32 110
32 111
32 112
32 115
32 116
32 123
32 129
32 131
32 140
32 146
32 150
32 152
32 153
32 156
32 157
32 161
32 168
32 171
32 172
32 180
32 182
33 1
33 4
33 5
33 8
33 10
33 17
33 18
33 19
33 20
33 21
33 25
33 26
33 30
33 40
33 49
33 55
33 60
33 61
33 68
33 69
33 74
33 80
33 90
33 92
33 101
33 104
33 124
33 126
33 128
33 130
33 145
33 146
33 147
33 156
33 157
33 162
33 168
33 175
33 178
33 179
33 184
34 1
34 6
34 13
34 17
34 23
34 26
34 28
34 29
34 40
34 53
34 64
34 65
34 66
34 73
34 84
34 88
34 92
34 93
34 117
34 120
34 122
34 126
34 130
34 131
34 138
34 139
34 142
34 144
34 147
34 154
34 155
34 156
34 162
34 165
34 167
34 170
34 173
34 174
34 180
34 181
35 1
35 6
35 12
35 16
35 24
35 30
35 36
35 39
35 60
35 63
35 69
35 74
35 76
35 78
35 86
35 87
35 93
35 94
35 95
35 100
35 107
35 108
35 109
35 117
35 119
35 122
35 126
35 129
35 134
35 136
35 139
35 152
35 153
35 165
35 166
35 169
35 172
35 176
35 179
36 11
36 25
36 27
36 28
36 29
36 34
36 50
36 53
36 54
36 66
36 68
36 90
36 91
36 92
36 95
36 97
36 115
36 116
36 118
36 120
36 124
36 127
36 128
36 130
36 131
36 135
36 137
36 146
36 147
36 148
36 149
36 155
36 159
36 169
36 170
36 172
37 16
37 19
37 27
37 32
37 39
37 40
37 43
37 45
37 46
37 50
37 51
37 54
37 75
37 77
37 87
37 92
37 107
37 119
37 121
37 124
37 126
37 129
37 144
37 147
37 148
37 162
37 164
37 169
37 170
37 173
37 183
38 7
38 8
38 11
38 13
38 29
38 34
38 35
38 37
38 42
38 43
38 51
38 58
38 59
38 67
38 72
38 74
38 79
38 86
38 89
38 93
38 108
38 112
38 120
38 126
38 135
38 136
38 148
38 149
38 157
38 163
38 171
38 174
38 180
39 6
39 21
39 22
39 24
39 31
39 43
39 46
39 52
39 55
39 58
39 67
39 78
39 81
39 83
39 84
39 88
39 94
39 107
39 108
39 109
39 115
39 116
39 117
39 123
39 125
39 128
39 130
39 132
39 135
39 143
39 146
39 148
39 154
39 160
39 162
39 163
39 164
39 167
39 169
40 1
40 2
40 4
40 10
40 27
40 32
40 37
40 41
40 43
40 47
40 49
40 52
40 58
40 62
40 65
40 74
40 78
40 81
40 84
40 86
40 98
40 107
40 115
40 118
40 124
40 125
40 129
40 132
40 133
40 136
40 138
40 143
40 148
40 164
40 168
40 169
40 171
40 180
40 181
41 0
41 9
41 10
41 40
41 50
41 54
41 60
41 62
41 65
41 71
41 74
41 81
41 83
41 94
41 103
41 112
41 113
41 117
41 126
41 128
41 129
41 131
41 140
41 143
41 152
41 155
41 160
41 167
41 171
41 172
41 174
41 177
41 178
41 184
42 4
42 5
42 7
42 9
42 12
42 15
42 16
42 22
42 27
42 50
42 52
42 55
42 58
42 65
42 66
42 67
42 70
42 84
42 88
42 92
42 93
42 100
42 113
42 116
42 117
42 119
42 120
42 124
42 128
42 137
42 138
42 141
42 149
42 152
42 154
42 162
42 164
42 168
42 169
42 170
42 171
42 181
43 4
43 17
43 25
43 26
43 31
43 33
43 35
43 45
43 46
43 56
43 62
43 66
43 71
43 74
43 82
43 88
43 89
43 92
43 97
43 108
43 115
43 116
43 122
43 125
43 133
43 142
43 148
43 149
43 154
43 157
43 160
43 166
43 169
43 170
43 171
43 176
43 180
43 182
44 4
44 5
44 7
44 8
44 15
44 16
44 19
44 22
44 27
44 28
44 39
44 50
44 54
44 59
44 61
44 64
44 65
44 66
44 67
44 68
44 73
44 79
44 81
44 86
44 87
44 88
44 103
44 108
44 116
44 117
44 119
44 126
44 136
44 139
44 141
44 142
44 143
44 146
44 155
44 156
44 157
44 159
44 164
44 170
44 174
44 175
44 180
45 4
45 11
45 13
45 14
45 16
45 21
45 22
45 23
45 26
45 43
45 63
45 66
45 72
45 79
45 85
45 99
45 101
45 111
45 127
45 128
45 140
45 163
45 165
45 170
45 172
45 175
45 180
46 0
46 2
46 7
46 9
46 20
46 22
46 25
46 26
46 31
46 33
46 34
46 37
46 39
46 49
46 58
46 64
46 66
46 69
46 72
46 74
46 80
46 85
46 87
46 88
46 89
46 97
46 99
46 100
46 101
46 107
46 108
46 109
46 114
46 115
46 117
46 119
46 121
46 127
46 128
46 132
46 138
46 142
46 145
46 146
46 147
46 151
46 152
46 162
46 164
46 172
46 175
46 179
47 0
47 3
47 9
47 13
47 19
47 24
47 30
47 36
47 49
47 51
47 74
47 78
47 87
47 89
47 96
47 101
47 102
47 104
47 112
47 125
47 131
47 133
47 144
47 147
47 148
47 153
47 156
47 161
47 163
47 169
47 170
48 0
48 1
48 10
48 20
48 23
48 29
48 31
48 42
48 43
48 53
48 57
48 58
48 61
48 66
48 72
48 75
48 86
48 88
48 111
48 116
48 118
48 135
48 142
48 146
48 159
48 176
48 178
48 181
48 184
49 2
49 7
49 13
49 18
49 19
49 22
49 23
49 30
49 31
49 38
49 45
49 46
49 53
49 56
49 63
49 69
49 74
49 76
49 87
49 90
49 93
49 96
49 97
49 98
49 99
49 105
49 111
49 118
49 119
49 122
49 132
49 135
49 150
49 153
49 159
49 162
49 165
49 168
49 173
49 179
50 7
50 16
50 18
50 19
50 20
50 30
50 37
50 45
50 49
50 51
50 57
50 58
50 61
50 70
50 71
50 76
50 78
50 80
50 82
50 85
50 88
50 90
50 96
50 102
50 105
50 107
50 113
50 116
50 118
50 123
50 125
50 130
50 141
50 144
50 145
50 148
50 149
50 154
50 157
50 158
50 160
50 164
50 165
50 168
50 178
50 181
51 1
51 5
51 9
51 15
51 18
51 26
51 36
51 44
51 48
51 59
51 66
51 69
51 70
51 72
51 76
51 83
51 84
51 89
51 91
51 96
51 98
51 107
51 121
51 125
51 137
51 138
51 142
51 147
51 151
51 153
51 155
51 159
51 160
51 161
51 165
51 168
51 172
51 174
51 182
52 4
52 6
52 8
52 16
52 23
52 31
52 34
52 37
52 40
52 47
52 53
52 55
52 68
52 73
52 79
52 87
52 89
52 93
52 95
52 96
52 108
52 110
52 124
52 131
52 135
52 148
52 152
52 167
52 170
52 171
52 172
52 178
52 183
53 7
53 8
53 9
53 13
53 22
53 28
53 31
53 41
53 45
53 55
53 57
53 61
53 73
53 86
53 90
53 91
53 93
53 99
53 108
53 111
53 113
53 114
53 117
53 130
53 145
53 152
53 157
53 161
53 162
53 163
53 180
53 183
54 0
54 9
54 12
54 20
54 30
54 31
54 32
54 36
54 46
54 50
54 57
54 60
54 62
54 76
54 80
54 82
54 91
54 93
54 99
54 107
54 111
54 114
54 116
54 117
54 123
54 124
54 127
54 132
54 142
54 144
54 146
54 160
54 169
54 175
55 12
55 19
55 23
55 24
55 31
55 39
55 41
55 46
55 47
55 51
55 52
55 59
55 62
55 69
55 70
55 72
55 79
55 81
55 84
55 89
55 91
55 94
55 99
55 105
55 110
55 112
55 113
55 123
55 131
55 142
55 150
55 151
55 153
55 154
55 158
55 161
55 167
55 170
55 175
55 178
55 181
56 0
56 7
56 9
56 14
56 27
56 32
56 41
56 46
56 55
56 57
56 58
56 61
56 66
56 76
56 77
56 79
56 86
56 87
56 90
56 98
56 104
56 106
56 119
56 121
56 123
56 128
56 136
56 138
56 139
56 140
56 141
56 148
56 149
56 156
56 162
56 165
56 167
56 168
56 169
56 171
56 173
56 175
56 176
56 177
56 181
57 5
57 9
57 10
57 11
57 21
57 23
57 24
57 25
57 26
57 36
57 40
57 42
57 46
57 56
57 60
57 61
57 72
57 75
57 77
57 81
57 89
57 94
57 100
57 105
57 107
57 110
57 118
57 126
57 133
57 134
57 137
57 138
57 147
57 155
57 159
57 163
57 169
57 178
57 179
57 181
58 10
58 14
58 15
58 26
58 47
58 52
58 55
58 59
58 60
58 63
58 65
58 73
58 78
58 81
58 93
58 98
58 100
58 101
58 102
58 103
58 112
58 113
58 114
58 115
58 120
58 124
58 128
58 131
58 133
58 141
58 146
58 147
58 149
58 152
58 158
58 162
58 166
58 170
58 174
58 175
58 177
59 1
59 5
59 19
59 45
59 46
59 51
59 58
59 62
59 70
59 71
59 72
59 73
59 75
59 77
59 83
59 84
59 89
59 97
59 100
59 108
59 112
59 115
59 116
59 120
59 123
59 129
59 133
59 134
59 142
59 143
59 145
59 148
59 150
59 151
59 155
59 164
59 172
59 177
59 181
60 2
60 7
60 9
60 11
60 14
60 17
60 22
60 32
60 39
60 40
60 55
60 64
60 76
60 77
60 92
60 112
60 115
60 132
60 134
60 142
60 146
60 148
60 155
60 157
60 158
60 159
60 170
60 174
60 179
60 183
61 6
61 11
61 13
61 15
61 16
61 19
61 20
61 34
61 50
61 58
61 59
61 63
61 68
61 69
61 79
61 82
61 85
61 88
61 91
61 92
61 95
61 99
61 100
61 105
61 106
61 126
61 127
61 145
61 150
61 157
61 159
61 165
61 169
61 175
61 177
61 178
61 183
62 6
62 23
62 26
62 28
62 36
62 39
62 42
62 43
62 45
62 57
62 60
62 64
62 65
62 70
62 77
62 80
62 81
62 83
62 86
62 90
62 94
62 97
62 100
62 107
62 114
62 137
62 139
62 146
62 151
62 154
62 162
62 166
62 172
62 173
62 174
62 176
62 177
62 182
63 0
63 10
63 14
63 17
63 22
63 23
63 34
63 38
63 40
63 42
63 46
63 47
63 52
63 54
63 58
63 68
63 70
63 74
63 75
63 77
63 82
63 84
63 104
63 105
63 110
63 111
63 114
63 117
63 119
63 121
63 127
63 128
63 132
63 138
63 141
63 148
63 149
63 157
63 163
63 165
63 168
63 169
63 179
63 181
63 183
64 2
64 8
64 11
64 13
64 14
64 16
64 18
64 20
64 28
64 36
64 54
64 56
64 57
64 62
64 66
64 70
64 81
64 86
64 93
64 95
64 96
64 97
64 100
64 104
64 106
64 115
64 117
64 121
64 124
64 126
64 127
64 131
64 136
64 138
64 142
64 144
64 147
64 155
64 172
64 173
64 176
64 180
64 181
65 9
65 10
65 13
65 21
65 25
65 32
65 33
65 42
65 57
65 59
65 67
65 69
65 73
65 75
65 76
65 86
65 89
65 93
65 106
65 113
65 117
65 122
65 123
65 127
65 137
65 139
65 140
65 150
65 159
65 162
65 164
65 165
65 170
65 171
65 176
65 183
66 6
66 22
66 34
66 36
66 42
66 45
66 48
66 56
66 63
66 69
66 70
66 72
66 77
66 81
66 85
66 90
66 92
66 98
66 102
66 108
66 115
66 119
66 127
66 131
66 137
66 138
66 139
66 142
66 147
66 148
66 152
66 153
66 154
66 159
66 168
66 170
66 181
66 182
66 183
67 3
67 5
67 17
67 19
67 20
67 28
67 30
67 31
67 34
67 49
67 52
67 53
67 54
67 58
67 71
67 73
67 77
67 78
67 81
67 83
67 87
67 88
67 92
67 129
67 143
67 153
67 158
67 162
67 165
67 168
67 172
67 173
67 175
67 182
68 8
68 16
68 27
68 28
68 48
68 51
68 56
68 59
68 62
68 76
68 77
68 79
68 82
68 85
68 96
68 100
68 106
68 114
68 118
68 124
68 129
68 131
68 141
68 144
68 151
68 155
68 163
68 167
69 0
69 2
69 5
69 23
69 25
69 38
69 42
69 46
69 51
69 52
69 59
69 64
69 76
69 79
69 93
69 95
69 98
69 100
69 103
69 112
69 116
69 121
69 123
69 131
69 132
69 140
69 141
69 157
69 160
69 161
69 166
69 167
69 176
69 178
70 1
70 2
70 3
70 19
70 21
70 25
70 28
70 31
70 33
70 39
70 40
70 47
70 56
70 57
70 64
70 69
70 74
70 79
70 80
70 90
70 92
70 93
70 97
70 99
70 105
70 122
70 128
70 131
70 142
70 144
70 145
70 150
70 153
70 161
70 162
70 165
70 168
70 173
70 176
70 183
71 8
71 16
71 17
71 29
71 32
71 65
71 68
71 69
71 76
71 79
71 80
71 97
71 100
71 108
71 109
71 120
71 136
71 139
71 140
71 147
71 150
71 152
71 156
71 158
71 161
71 172
71 174
71 175
71 184
72 0
72 3
72 8
72 13
72 17
72 20
72 24
72 27
72 29
72 31
72 33
72 37
72 38
72 39
72 43
72 44
72 46
72 48
72 49
72 51
72 53
72 62
72 71
72 78
72 80
72 86
72 89
72 97
72 101
72 111
72 126
72 131
72 133
72 136
72 138
72 148
72 150
72 153
72 154
72 161
72 169
72 171
72 174
72 179
73 0
73 19
73 33
73 48
73 49
73 51
73 58
73 62
73 70
73 71
73 74
73 76
73 80
73 84
73 89
73 91
73 93
73 96
73 102
73 105
73 108
73 114
73 121
73 125
73 128
73 134
73 138
73 146
73 147
73 148
73 153
73 157
73 158
73 167
73 182
73 183
74 3
74 4
74 10
74 12
74 14
74 21
74 24
74 27
74 28
74 36
74 38
74 44
74 49
74 50
74 54
74 59
74 63
74 85
74 89
74 101
74 116
74 118
74 119
74 128
74 129
74 140
74 145
74 156
74 158
74 159
74 161
74 170
74 175
74 176
74 177
74 184
75 12
75 23
75 26
75 32
75 38
75 40
75 86
75 88
75 94
75 105
75 113
75 114
75 115
75 124
75 133
75 134
75 135
75 139
75 148
75 152
75 155
75 156
75 171
75 182
75 183
76 8
76 10
76 11
76 17
76 24
76 29
76 31
76 32
76 39
76 41
76 42
76 48
76 49
76 50
76 52
76 57
76 58
76 59
76 63
76 69
76 83
76 98
76 104
76 107
76 111
76 114
76 116
76 121
76 124
76 127
76 136
76 148
76 162
76 165
76 170
76 173
77 3
77 5
77 8
77 21
77 33
77 34
77 35
77 39
77 48
77 53
77 56
77 62
77 66
77 67
77 71
77 74
77 82
77 87
77 89
77 92
77 96
77 104
77 108
77 113
77 120
77 122
77 123
77 129
77 130
77 131
77 132
77 140
77 142
77 149
77 150
77 162
77 167
77 170
77 171
77 172
77 175
77 178
77 180
77 181
77 182
78 8
78 11
78 12
78 15
78 22
78 26
78 38
78 41
78 43
78 51
78 59
78 63
78 83
78 85
78 86
78 93
78 104
78 107
78 108
78 109
78 110
78 120
78 126
78 135
78 140
78 148
78 151
78 155
78 158
78 159
78 161
78 171
78 177
78 183
79 0
79 13
79 18
79 37
79 54
79 58
79 61
79 62
79 71
79 82
79 83
79 86
79 88
79 91
79 97
79 99
79 103
79 104
79 110
79 113
79 118
79 119
79 132
79 140
79 144
79 146
79 154
79 155
79 160
79 161
79 163
79 166
79 167
79 177
79 180
79 181
79 184
80 3
80 4
80 7
80 12
80 17
80 20
80 25
80 31
80 36
80 40
80 47
80 49
80 55
80 57
80 60
80 70
80 72
80 74
80 75
80 76
80 78
80 81
80 87
80 96
80 102
80 106
80 114
80 115
80 122
80 124
80 125
80 132
80 137
80 147
80 157
80 161
80 163
80 179
80 180
80 184
81 4
81 6
81 12
81 22
81 23
81 26
81 43
81 45
81 47
81 53
81 57
81 64
81 70
81 75
81 79
81 83
81 93
81 109
81 112
81 119
81 120
81 122
81 123
81 133
81 149
81 150
81 156
81 160
81 164
81 169
81 174
81 177
82 6
82 7
82 11
82 19
82 24
82 41
82 43
82 45
82 50
82 51
82 60
82 64
82 65
82 66
82 68
82 70
82 75
82 77
82 80
82 97
82 98
82 99
82 101
82 107
82 108
82 109
82 113
82 119
82 139
82 140
82 141
82 146
82 150
82 152
82 153
82 166
82 181
82 183
82 184
83 2
83 9
83 21
83 27
83 31
83 35
83 39
83 45
83 46
83 48
83 50
83 51
83 54
83 55
83 65
83 66
83 68
83 82
83 94
83 98
83 105
83 106
83 116
83 122
83 123
83 129
83 130
83 131
83 142
83 154
83 155
83 157
83 159
83 161
83 162
83 168
83 169
83 170
83 174
83 180
83 182
84 0
84 1
84 19
84 37
84 41
84 43
84 47
84 48
84 50
84 61
84 67
84 71
84 82
84 85
84 93
84 107
84 110
84 116
84 125
84 126
84 139
84 142
84 147
84 151
84 158
84 163
84 167
84 171
84 175
84 177
84 179
84 180
84 183
85 4
85 7
85 12
85 14
85 15
85 26
85 30
85 31
85 32
85 33
85 40
85 41
85 44
85 45
85 55
85 57
85 58
85 62
85 64
85 65
85 66
85 67
85 72
85 82
85 84
85 90
85 94
85 98
85 117
85 119
85 123
85 125
85 135
85 138
85 141
85 155
85 157
85 160
85 162
85 165
85 166
85 168
85 171
85 172
85 173
85 179
86 9
86 10
86 18
86 21
86 23
86 29
86 40
86 46
86 50
86 52
86 56
86 57
86 72
86 74
86 75
86 77
86 82
86 83
86 90
86 92
86 101
86 109
86 111
86 113
86 115
86 116
86 117
86 121
86 125
86 130
86 138
86 142
86 149
86 150
86 152
86 154
86 160
86 168
86 169
86 170
86 172
86 182
87 0
87 4
87 8
87 9
87 20
87 23
87 24
87 25
87 41
87 42
87 46
87 48
87 58
87 65
87 69
87 70
87 73
87 74
87 76
87 78
87 79
87 84
87 85
87 88
87 93
87 98
87 102
87 113
87 118
87 123
87 124
87 125
87 127
87 130
87 135
87 140
87 146
87 149
87 151
87 158
87 159
87 162
87 163
87 174
87 175
88 0
88 1
88 5
88 6
88 11
88 16
88 17
88 18
88 19
88 27
88 32
88 39
88 44
88 46
88 50
88 61
88 72
88 78
88 83
88 97
88 106
88 108
88 110
88 111
88 116
88 124
88 126
88 130
88 141
88 148
88 149
88 151
88 152
88 155
88 160
88 162
88 175
88 179
88 183
89 1
89 2
89 9
89 13
89 17
89 21
89 26
89 30
89 31
89 36
89 39
89 40
89 47
89 52
89 56
89 59
89 63
89 77
89 85
89 96
89 97
89 99
89 100
89 103
89 107
89 112
89 113
89 125
89 130
89 135
89 152
89 154
89 162
89 164
89 172
89 175
89 184
90 9
90 12
90 17
90 19
90 22
90 32
90 38
90 39
90 42
90 44
90 49
90 50
90 52
90 63
90 66
90 76
90 85
90 97
90 100
90 105
90 109
90 110
90 115
90 119
90 130
90 133
90 134
90 146
90 151
90 155
90 159
90 161
90 169
90 170
91 5
91 8
91 11
91 15
91 21
91 22
91 33
91 40
91 43
91 83
91 103
91 106
91 114
91 115
91 118
91 120
91 124
91 125
91 126
91 131
91 141
91 148
91 153
91 162
91 163
91 175
91 176
92 2
92 7
92 10
92 14
92 18
92 22
92 23
92 25
92 28
92 39
92 52
92 55
92 56
92 59
92 63
92 65
92 79
92 80
92 100
92 103
92 106
92 109
92 116
92 119
92 122
92 123
92 125
92 127
92 134
92 136
92 137
92 138
92 147
92 149
92 156
92 160
92 182
92 183
92 184
93 18
93 24
93 38
93 41
93 43
93 45
93 57
93 59
93 61
93 62
93 63
93 64
93 66
93 71
93 74
93 83
93 86
93 89
93 107
93 112
93 116
93 117
93 121
93 127
93 132
93 134
93 140
93 151
93 153
93 154
93 158
93 160
93 161
93 166
93 167
93 171
93 173
93 177
93 178
93 181
93 182
93 183
94 0
94 4
94 14
94 17
94 21
94 27
94 28
94 29
94 30
94 32
94 35
94 37
94 46
94 49
94 50
94 55
94 57
94 61
94 67
94 72
94 74
94 75
94 78
94 81
94 87
94 93
94 105
94 106
94 107
94 108
94 111
94 116
94 117
94 124
94 125
94 126
94 136
94 139
94 149
94 154
94 157
94 158
94 171
94 178
94 182
94 183
95 1
95 5
95 22
95 26
95 31
95 37
95 38
95 49
95 65
95 76
95 80
95 88
95 90
95 102
95 103
95 108
95 115
95 120
95 122
95 125
95 126
95 131
95 141
95 145
95 150
95 157
95 158
95 161
95 165
95 170
95 177
95 184
96 1
96 3
96 10
96 19
96 20
96 26
96 39
96 42
96 53
96 55
96 57
96 62
96 65
96 70
96 77
96 82
96 84
96 85
96 94
96 107
96 110
96 112
96 114
96 115
96 132
96 135
96 144
96 145
96 146
96 158
96 161
96 169
96 174
96 178
96 181
96 182
97 2
97 11
97 16
97 17
97 18
97 29
97 31
97 35
97 37
97 40
97 43
97 44
97 52
97 56
97 71
97 80
97 83
97 94
97 98
97 100
97 104
97 105
97 107
97 124
97 134
97 137
97 141
97 142
97 148
97 153
97 171
97 176
97 184
98 11
98 14
98 16
98 17
98 22
98 34
98 36
98 39
98 40
98 46
98 49
98 51
98 59
98 60
98 63
98 65
98 68
98 70
98 77
98 79
98 81
98 82
98 90
98 97
98 108
98 118
98 123
98 127
98 132
98 137
98 139
98 145
98 147
98 149
98 151
98 154
98 155
98 163
98 165
98 182
99 1
99 2
99 15
99 16
99 19
99 31
99 37
99 44
99 46
99 48
99 51
99 53
99 58
99 66
99 70
99 79
99 86
99 108
99 112
99 116
99 120
99 121
99 133
99 135
99 136
99 138
99 147
99 152
99 156
99 159
99 161
99 167
99 179
99 183
100 5
100 8
100 12
100 17
100 19
100 22
100 31
100 33
100 42
100 45
100 46
100 48
100 51
100 52
100 57
100 59
100 63
100 65
100 78
100 79
100 90
100 95
100 98
100 99
100 102
100 116
100 122
100 127
100 128
100 132
100 133
100 134
100 137
100 139
100 144
100 146
100 153
100 156
100 161
100 162
100 168
100 174
100 175
100 176
101 0
101 4
101 12
101 14
101 20
101 21
101 26
101 27
101 30
101 31
101 42
101 43
101 46
101 55
101 60
101 61
101 62
101 63
101 66
101 70
101 72
101 76
101 83
101 84
101 85
101 86
101 104
101 115
101 118
101 120
101 121
101 130
101 131
101 132
101 136
101 145
101 150
101 151
101 154
101 159
101 162
101 166
101 177
101 181
102 2
102 3
102 4
102 5
102 6
102 22
102 24
102 27
102 35
102 41
102 42
102 50
102 55
102 59
102 61
102 66
102 67
102 68
102 81
102 83
102 86
102 88
102 92
102 101
102 106
102 123
102 131
102 135
102 144
102 146
102 150
102 159
102 163
102 166
102 174
102 179
102 183
103 0
103 7
103 10
103 16
103 25
103 30
103 31
103 33
103 37
103 40
103 45
103 47
103 53
103 55
103 71
103 73
103 74
103 75
103 77
103 78
103 80
103 81
103 84
103 85
103 86
103 98
103 101
103 105
103 112
103 128
103 133
103 142
103 152
103 156
103 159
103 165
103 168
103 173
103 183
104 0
104 2
104 9
104 13
104 29
104 40
104 41
104 43
104 50
104 54
104 58
104 61
104 76
104 80
104 85
104 87
104 94
104 96
104 100
104 105
104 108
104 111
104 123
104 124
104 125
104 129
104 135
104 139
104 148
104 149
104 157
104 163
104 166
104 169
104 172
104 177
104 184
105 13
105 24
105 25
105 31
105 41
105 44
105 53
105 57
105 59
105 64
105 67
105 76
105 81
105 82
105 84
105 85
105 92
105 97
105 98
105 104
105 107
105 109
105 114
105 121
105 124
105 125
105 127
105 132
105 138
105 141
105 146
105 154
105 160
105 161
105 169
105 171
105 175
105 178
105 180
105 183
105 184
106 12
106 14
106 15
106 25
106 29
106 33
106 37
106 41
106 44
106 49
106 54
106 55
106 60
106 63
106 72
106 77
106 82
106 86
106 88
106 94
106 95
106 99
106 105
106 109
106 114
106 115
106 118
106 122
106 130
106 131
106 132
106 143
106 148
106 150
106 152
106 153
106 157
106 158
106 159
106 160
106 164
107 0
107 2
107 4
107 11
107 13
107 20
107 27
107 30
107 31
107 33
107 39
107 54
107 55
107 56
107 63
107 67
107 73
107 82
107 87
107 89
107 98
107 101
107 105
107 117
107 125
107 143
107 145
107 150
107 155
107 158
107 161
107 165
107 169
107 171
107 173
107 174
107 176
108 0
108 1
108 5
108 8
108 23
108 24
108 25
108 39
108 47
108 49
108 54
108 59
108 68
108 86
108 89
108 91
108 94
108 96
108 104
108 107
108 114
108 116
108 127
108 132
108 136
108 145
108 159
108 160
108 162
108 172
108 174
108 175
108 183
109 9
109 10
109 18
109 19
109 20
109 21
109 44
109 47
109 48
109 61
109 65
109 67
109 69
109 72
109 77
109 85
109 90
109 105
109 107
109 124
109 127
109 145
109 148
109 161
109 164
109 171
109 173
109 177
110 3
110 5
110 17
110 24
110 34
110 35
110 39
110 41
110 51
110 55
110 66
110 69
110 70
110 79
110 81
110 82
110 86
110 88
110 90
110 92
110 93
110 103
110 112
110 113
110 123
110 138
110 143
110 148
110 161
110 166
110 171
110 177
110 184
111 0
111 1
111 6
111 12
111 13
111 14
111 18
111 31
111 37
111 47
111 49
111 56
111 76
111 77
111 84
111 85
111 87
111 88
111 95
111 99
111 100
111 103
111 106
111 112
111 114
111 124
111 125
111 127
111 128
111 132
111 133
111 138
111 140
111 144
111 151
111 153
111 156
111 159
111 163
111 168
111 173
111 174
111 176
111 183
112 2
112 18
112 19
112 25
112 26
112 39
112 42
112 45
112 49
112 65
112 67
112 70
112 74
112 75
112 78
112 79
112 82
112 85
112 88
112 97
112 98
112 107
112 111
112 121
112 122
112 139
112 146
112 148
112 170
112 173
112 175
112 180
113 5
113 11
113 12
113 15
113 18
113 20
113 30
113 31
113 40
113 41
113 52
113 55
113 63
113 67
113 73
113 76
113 85
113 89
113 94
113 99
113 103
113 104
113 105
113 107
113 126
113 128
113 129
113 150
113 161
113 162
113 165
113 171
114 9
114 11
114 15
114 20
114 22
114 33
114 37
114 41
114 47
114 48
114 60
114 65
114 68
114 72
114 73
114 76
114 81
114 83
114 95
114 108
114 112
114 115
114 126
114 131
114 133
114 134
114 141
114 142
114 144
114 149
114 151
114 156
114 157
114 159
114 164
114 169
114 171
114 180
114 182
114 183
115 0
115 7
115 15
115 17
115 19
115 34
115 52
115 57
115 60
115 61
115 69
115 70
115 75
115 77
115 80
115 90
115 96
115 100
115 102
115 103
115 104
115 110
115 119
115 120
115 124
115 125
115 126
115 130
115 138
115 146
115 149
115 153
115 154
115 160
115 165
115 168
115 181
115 184
116 0
116 2
116 3
116 5
116 7
116 9
116 20
116 24
116 36
116 37
116 42
116 44
116 46
116 65
116 66
116 67
116 79
116 82
116 88
116 98
116 107
116 115
116 118
116 121
116 122
116 123
116 125
116 134
116 135
116 138
116 143
116 151
116 152
116 155
116 159
116 160
116 161
116 163
116 166
116 177
116 178
116 179
116 183
117 1
117 4
117 5
117 8
117 14
117 17
117 18
117 21
117 25
117 30
117 36
117 43
117 49
117 57
117 62
117 65
117 71
117 81
117 91
117 93
117 99
117 106
117 114
117 116
117 120
117 122
117 127
117 133
117 137
117 140
117 142
117 145
117 149
117 170
117 176
117 181
118 4
118 10
118 17
118 24
118 25
118 32
118 40
118 42
118 45
118 58
118 63
118 69
118 78
118 82
118 86
118 89
118 90
118 107
118 114
118 117
118 123
118 125
118 126
118 135
118 139
118 144
118 156
118 158
118 159
118 165
118 169
118 171
118 176
118 177
118 181
119 0
119 3
119 4
119 5
119 20
119 21
119 22
119 36
119 43
119 46
119 50
119 59
119 65
119 68
119 83
119 90
119 96
119 98
119 106
119 112
119 117
119 122
119 136
119 145
119 152
119 161
119 163
119 164
119 165
119 171
119 175
119 184
120 7
120 8
120 10
120 18
120 21
120 27
120 36
120 37
120 39
120 42
120 44
120 45
120 58
120 60
120 63
120 66
120 67
120 71
120 72
120 82
120 86
120 93
120 95
120 108
120 112
120 125
120 135
120 138
120 140
120 141
120 142
120 145
120 152
120 154
120 169
120 172
120 175
120 180
120 182
121 5
121 15
121 22
121 23
121 25
121 30
121 35
121 36
121 38
121 42
121 43
121 52
121 59
121 63
121 68
121 69
121 74
121 93
121 96
121 98
121 107
121 111
121 115
121 116
121 124
121 131
121 132
121 133
121 134
121 135
121 141
121 168
121 170
121 174
121 178
121 180
121 182
122 2
122 9
122 10
122 11
122 17
122 29
122 31
122 36
122 38
122 42
122 54
122 57
122 60
122 62
122 70
122 71
122 73
122 74
122 80
122 92
122 99
122 102
122 106
122 107
122 116
122 117
122 119
122 120
122 121
122 125
122 129
122 130
122 137
122 140
122 141
122 150
122 151
122 158
122 160
122 166
122 173
122 181
123 10
123 15
123 19
123 21
123 22
123 25
123 26
123 28
123 31
123 32
123 53
123 66
123 70
123 71
123 72
123 73
123 76
123 79
123 81
123 91
123 92
123 98
123 114
123 130
123 132
123 133
123 135
123 140
123 141
123 142
123 150
123 151
123 155
123 164
123 168
123 178
123 180
123 181
124 4
124 10
124 12
124 13
124 14
124 17
124 19
124 21
124 22
124 29
124 33
124 41
124 51
124 56
124 60
124 73
124 74
124 77
124 83
124 89
124 91
124 101
124 107
124 108
124 118
124 127
124 128
124 134
124 136
124 144
124 148
124 154
124 155
124 159
124 160
124 161
124 164
124 167
124 176
124 180
124 182
124 183
125 1
125 26
125 27
125 57
125 58
125 65
125 67
125 68
125 71
125 74
125 83
125 85
125 86
125 87
125 90
125 93
125 100
125 101
125 105
125 115
125 116
125 120
125 121
125 126
125 131
125 135
125 138
125 139
125 146
125 149
125 158
125 159
125 162
125 165
125 170
125 173
125 174
125 179
126 1
126 6
126 8
126 9
126 24
126 32
126 34
126 55
126 57
126 59
126 63
126 82
126 98
126 99
126 101
126 110
126 112
126 120
126 127
126 134
126 148
126 149
126 152
126 153
126 156
126 159
126 170
126 175
126 176
126 178
126 181
126 184
127 3
127 7
127 8
127 19
127 21
127 24
127 25
127 27
127 28
127 36
127 38
127 43
127 48
127 50
127 52
127 53
127 57
127 72
127 75
127 78
127 79
127 83
127 95
127 98
127 99
127 111
127 114
127 120
127 124
127 125
127 128
127 129
127 134
127 136
127 140
127 142
127 145
127 149
127 150
127 157
127 164
127 168
127 169
127 173
127 178
127 179
127 180
128 0
128 4
128 14
128 20
128 33
128 34
128 35
128 37
128 45
128 60
128 75
128 95
128 97
128 103
128 108
128 110
128 116
128 119
128 120
128 121
128 122
128 127
128 129
128 130
128 137
128 144
128 147
128 152
128 153
128 158
128 164
128 170
128 173
129 1
129 2
129 6
129 10
129 12
129 14
129 19
129 33
129 34
129 43
129 44
129 45
129 47
129 59
129 68
129 73
129 79
129 82
129 85
129 87
129 88
129 105
129 116
129 123
129 126
129 127
129 142
129 147
129 151
129 157
129 158
129 161
129 167
129 169
129 170
129 174
129 182
130 3
130 10
130 11
130 14
130 18
130 20
130 22
130 29
130 33
130 36
130 38
130 50
130 51
130 58
130 61
130 65
130 70
130 75
130 78
130 80
130 83
130 84
130 88
130 95
130 99
130 105
130 107
130 117
130 125
130 131
130 137
130 143
130 148
130 164
130 165
130 168
130 176
130 177
130 181
131 7
131 11
131 20
131 26
131 30
131 33
131 35
131 46
131 50
131 61
131 71
131 76
131 95
131 97
131 99
131 103
131 104
131 105
131 111
131 112
131 113
131 115
131 116
131 120
131 127
131 134
131 135
131 138
131 143
131 144
131 151
131 155
131 160
131 163
131 166
131 174
132 2
132 6
132 7
132 26
132 32
132 37
132 41
132 46
132 59
132 60
132 64
132 69
132 77
132 81
132 85
132 86
132 98
132 101
132 109
132 110
132 115
132 122
132 125
132 130
132 133
132 138
132 152
132 164
132 169
132 171
132 180
132 181
132 182
133 1
133 5
133 12
133 18
133 20
133 22
133 26
133 27
133 34
133 35
133 40
133 43
133 56
133 60
133 63
133 66
133 71
133 75
133 79
133 82
133 83
133 86
133 92
133 94
133 99
133 106
133 107
133 109
133 113
133 115
133 116
133 120
133 122
133 123
133 127
133 131
133 134
133 137
133 147
133 156
133 160
133 161
133 163
133 168
133 169
133 172
133 173
133 182
134 4
134 13
134 17
134 19
134 20
134 23
134 24
134 38
134 41
134 49
134 62
134 71
134 75
134 88
134 90
134 94
134 95
134 96
134 97
134 101
134 103
134 107
134 109
134 111
134 114
134 117
134 118
134 128
134 133
134 137
134 142
134 145
134 147
134 152
134 153
134 154
134 166
134 167
134 168
134 172
134 175
134 179
134 180
134 183
135 7
135 24
135 25
135 26
135 29
135 31
135 36
135 47
135 60
135 62
135 67
135 74
135 75
135 83
135 90
135 94
135 98
135 104
135 106
135 109
135 113
135 114
135 126
135 136
135 150
135 151
135 153
135 165
135 175
135 178
135 179
135 180
136 5
136 12
136 19
136 33
136 34
136 35
136 40
136 41
136 56
136 59
136 67
136 89
136 103
136 105
136 111
136 118
136 120
136 121
136 125
136 145
136 156
136 158
136 164
136 166
136 173
136 178
136 180
136 183
137 7
137 9
137 13
137 17
137 21
137 22
137 28
137 37
137 41
137 47
137 58
137 59
137 66
137 68
137 69
137 72
137 74
137 76
137 79
137 83
137 93
137 102
137 104
137 111
137 116
137 117
137 121
137 122
137 128
137 133
137 140
137 141
137 142
137 146
137 148
137 150
137 153
137 161
137 164
137 166
137 167
137 169
137 171
137 179
137 184
138 6
138 9
138 14
138 15
138 16
138 31
138 35
138 53
138 58
138 60
138 75
138 87
138 102
138 103
138 109
138 113
138 116
138 127
138 133
138 140
138 142
138 143
138 144
138 145
138 158
138 171
138 175
139 1
139 4
139 5
139 8
139 10
139 12
139 15
139 23
139 24
139 36
139 41
139 44
139 45
139 46
139 50
139 53
139 59
139 76
139 79
139 80
139 83
139 92
139 102
139 107
139 113
139 114
139 119
139 121
139 129
139 131
139 132
139 133
139 137
139 140
139 152
139 160
139 174
139 179
140 4
140 7
140 9
140 15
140 20
140 22
140 26
140 29
140 34
140 35
140 52
140 54
140 55
140 57
140 59
140 61
140 66
140 68
140 69
140 76
140 92
140 93
140 94
140 100
140 104
140 107
140 113
140 116
140 122
140 124
140 126
140 127
140 131
140 138
140 161
140 163
140 165
140 170
140 176
140 184
141 1
141 16
141 23
141 31
141 33
141 35
141 39
141 40
141 41
141 45
141 52
141 53
141 56
141 57
141 61
141 67
141 97
141 100
141 107
141 108
141 121
141 122
141 124
141 130
141 137
141 139
141 140
141 152
141 157
141 165
141 172
141 174
142 9
142 13
142 23
142 26
142 29
142 30
142 31
142 32
142 33
142 37
142 39
142 46
142 55
142 58
142 61
142 69
142 71
142 79
142 81
142 86
142 87
142 104
142 107
142 114
142 118
142 123
142 125
142 129
142 135
142 139
142 140
142 145
142 146
142 151
142 159
142 160
142 161
142 163
142 172
142 174
142 175
142 177
143 0
143 5
143 9
143 15
143 17
143 22
143 24
143 28
143 29
143 32
143 37
143 41
143 42
143 44
143 52
143 53
143 60
143 61
143 66
143 70
143 71
143 75
143 76
143 80
143 81
143 82
143 83
143 94
143 95
143 97
143 101
143 113
143 118
143 123
143 144
143 146
143 148
143 152
143 153
143 154
143 170
143 173
143 174
143 179
143 181
144 0
144 14
144 20
144 21
144 23
144 24
144 34
144 35
144 37
144 38
144 61
144 62
144 63
144 64
144 65
144 71
144 82
144 85
144 87
144 89
144 92
144 95
144 98
144 103
144 105
144 110
144 111
144 118
144 125
144 133
144 139
144 140
144 141
144 150
144 151
144 152
144 153
145 5
145 6
145 12
145 21
145 34
145 35
145 38
145 39
145 40
145 49
145 50
145 51
145 62
145 64
145 78
145 82
145 89
145 95
145 99
145 111
145 130
145 132
145 137
145 140
145 143
145 158
145 161
145 169
145 170
145 178
145 180
146 0
146 4
146 5
146 6
146 9
146 11
146 13
146 14
146 15
146 18
146 26
146 30
146 40
146 43
146 44
146 49
146 53
146 57
146 60
146 69
146 70
146 84
146 86
146 88
146 89
146 91
146 95
146 102
146 104
146 117
146 120
146 123
146 126
146 129
146 136
146 147
146 149
146 166
146 168
146 172
146 176
146 184
147 8
147 17
147 18
147 20
147 27
147 29
147 35
147 41
147 48
147 53
147 61
147 68
147 71
147 74
147 85
147 97
147 102
147 104
147 107
147 110
147 112
147 132
147 135
147 136
147 142
147 149
147 154
147 156
147 157
147 161
147 168
147 169
147 174
147 175
148 6
148 12
148 28
148 30
148 32
148 48
148 53
148 62
148 64
148 70
148 76
148 77
148 79
148 81
148 82
148 83
148 88
148 91
148 94
148 108
148 112
148 125
148 131
148 142
148 153
148 156
148 160
148 164
148 169
148 172
148 173
148 182
148 183
149 0
149 1
149 2
149 6
149 7
149 10
149 14
149 19
149 23
149 32
149 34
149 37
149 38
149 44
149 48
149 49
149 52
149 53
149 63
149 68
149 87
149 88
149 90
149 92
149 93
149 97
149 99
149 100
149 132
149 136
149 137
149 139
149 140
149 143
149 158
149 159
149 162
149 172
149 175
149 184
150 8
150 9
150 14
150 21
150 31
150 34
150 35
150 37
150 40
150 41
150 44
150 46
150 49
150 50
150 52
150 67
150 69
150 70
150 83
150 93
150 94
150 105
150 107
150 108
150 109
150 113
150 116
150 121
150 128
150 133
150 165
150 176
150 178
150 183
151 5
151 8
151 9
151 13
151 21
151 28
151 35
151 36
151 42
151 43
151 44
151 48
151 52
151 63
151 65
151 77
151 86
151 87
151 91
151 98
151 100
151 101
151 102
151 109
151 111
151 112
151 146
151 147
151 157
151 159
151 164
151 174
151 176
151 183
152 6
152 8
152 13
152 36
152 59
152 60
152 61
152 62
152 63
152 66
152 68
152 71
152 77
152 79
152 87
152 92
152 93
152 100
152 103
152 105
152 110
152 116
152 127
152 140
152 147
152 153
152 169
152 173
152 183
153 1
153 2
153 8
153 9
153 12
153 16
153 17
153 20
153 22
153 35
153 39
153 43
153 46
153 57
153 61
153 68
153 69
153 72
153 75
153 78
153 81
153 82
153 83
153 91
153 95
153 96
153 100
153 101
153 111
153 119
153 131
153 137
153 143
153 144
153 146
153 149
153 156
153 162
153 163
153 164
153 165
153 173
153 177
153 181
154 1
154 2
154 4
154 9
154 10
154 13
154 14
154 26
154 34
154 36
154 46
154 51
154 59
154 61
154 62
154 80
154 81
154 86
154 94
154 95
154 99
154 105
154 111
154 113
154 115
154 117
154 120
154 121
154 123
154 131
154 142
154 149
154 155
154 158
154 160
154 169
154 171
154 179
154 180
155 3
155 7
155 9
155 15
155 19
155 24
155 27
155 29
155 38
155 41
155 44
155 50
155 52
155 56
155 57
155 59
155 66
155 71
155 72
155 73
155 84
155 88
155 89
155 91
155 93
155 96
155 97
155 103
155 108
155 111
155 113
155 118
155 119
155 120
155 121
155 122
155 124
155 129
155 130
155 136
155 138
155 144
155 148
155 150
155 157
155 161
155 170
155 177
156 7
156 10
156 12
156 14
156 18
156 26
156 29
156 40
156 43
156 44
156 46
156 53
156 62
156 73
156 77
156 88
156 102
156 105
156 108
156 113
156 139
156 144
156 151
156 157
156 159
156 161
156 162
156 164
156 166
156 167
156 182
157 14
157 16
157 22
157 24
157 36
157 43
157 45
157 60
157 63
157 68
157 72
157 77
157 86
157 92
157 94
157 108
157 109
157 111
157 112
157 116
157 119
157 122
157 123
157 125
157 127
157 132
157 141
157 160
157 161
157 162
157 167
157 169
157 174
157 177
157 184
158 2
158 15
158 16
158 26
158 30
158 41
158 52
158 54
158 55
158 61
158 65
158 69
158 83
158 88
158 93
158 100
158 101
158 103
158 105
158 113
158 119
158 124
158 127
158 131
158 139
158 141
158 147
158 150
158 157
158 162
158 166
158 171
159 3
159 6
159 9
159 10
159 12
159 15
159 18
159 42
159 43
159 49
159 56
159 61
159 64
159 66
159 68
159 69
159 77
159 79
159 93
159 97
159 100
159 104
159 109
159 111
159 114
159 121
159 123
159 129
159 131
159 138
159 143
159 144
159 147
159 150
159 151
159 152
159 157
159 160
159 165
159 166
159 168
159 175
159 180
159 182
160 3
160 5
160 7
160 11
160 16
160 27
160 29
160 34
160 37
160 51
160 58
160 60
160 61
160 64
160 76
160 78
160 79
160 94
160 96
160 101
160 108
160 111
160 114
160 134
160 138
160 143
160 146
160 149
160 150
160 158
160 166
160 169
160 173
160 175
161 3
161 8
161 12
161 13
161 32
161 33
161 47
161 50
161 56
161 58
161 60
161 69
161 70
161 73
161 79
161 81
161 87
161 89
161 93
161 105
161 107
161 108
161 115
161 118
161 119
161 122
161 123
161 127
161 132
161 135
161 140
161 148
161 164
161 173
161 174
161 176
161 184
162 5
162 7
162 14
162 30
162 35
162 37
162 40
162 61
162 63
162 66
162 72
162 76
162 78
162 79
162 84
162 86
162 87
162 93
162 98
162 100
162 103
162 108
162 130
162 134
162 136
162 138
162 145
162 163
162 172
162 174
162 179
162 180
162 181
162 183
163 0
163 2
163 8
163 11
163 12
163 14
163 15
163 24
163 26
163 28
163 31
163 51
163 54
163 68
163 79
163 81
163 82
163 87
163 89
163 91
163 99
163 100
163 105
163 109
163 116
163 120
163 121
163 122
163 129
163 133
163 136
163 144
163 152
163 155
163 165
163 175
163 176
164 4
164 14
164 25
164 34
164 37
164 44
164 45
164 47
164 62
164 65
164 68
164 70
164 71
164 72
164 75
164 86
164 97
164 99
164 101
164 111
164 118
164 119
164 120
164 136
164 143
164 145
164 147
164 150
164 154
164 156
164 158
164 171
164 175
164 178
164 183
165 0
165 6
165 7
165 8
165 13
165 21
165 31
165 35
165 49
165 54
165 56
165 58
165 61
165 63
165 64
165 67
165 68
165 71
165 74
165 86
165 90
165 94
165 100
165 102
165 107
165 128
165 134
165 143
165 144
165 149
165 150
165 152
165 154
165 157
165 168
165 172
165 173
166 2
166 5
166 7
166 8
166 13
166 19
166 21
166 25
166 30
166 42
166 46
166 49
166 57
166 58
166 65
166 66
166 67
166 70
166 77
166 79
166 91
166 92
166 95
166 99
166 105
166 106
166 128
166 129
166 130
166 131
166 137
166 138
166 139
166 142
166 147
166 159
166 160
166 162
166 164
166 172
166 176
166 181
167 20
167 22
167 26
167 30
167 31
167 41
167 45
167 56
167 60
167 65
167 71
167 93
167 96
167 105
167 106
167 108
167 114
167 115
167 117
167 120
167 121
167 132
167 135
167 136
167 137
167 142
167 146
167 153
167 154
167 155
167 159
167 169
167 170
167 172
167 176
167 177
167 178
167 179
167 183
168 6
168 13
168 17
168 18
168 19
168 20
168 28
168 29
168 36
168 37
168 56
168 58
168 63
168 66
168 73
168 76
168 89
168 107
168 108
168 109
168 113
168 114
168 118
168 125
168 126
168 130
168 132
168 133
168 135
168 136
168 142
168 144
168 147
168 148
168 149
168 156
168 158
168 159
168 164
168 167
168 169
168 175
168 176
168 182
169 4
169 11
169 19
169 20
169 22
169 23
169 28
169 36
169 38
169 40
169 47
169 48
169 54
169 58
169 64
169 75
169 76
169 78
169 83
169 108
169 109
169 113
169 116
169 126
169 128
169 132
169 133
169 139
169 144
169 153
169 154
169 159
169 164
169 165
169 168
169 179
169 182
170 4
170 8
170 10
170 12
170 13
170 14
170 32
170 37
170 40
170 41
170 48
170 53
170 54
170 68
170 72
170 90
170 92
170 94
170 108
170 111
170 115
170 123
170 125
170 136
170 142
170 144
170 149
170 153
170 155
170 158
170 162
170 167
170 173
170 178
171 4
171 5
171 17
171 19
171 24
171 38
171 56
171 63
171 64
171 69
171 70
171 84
171 86
171 90
171 95
171 96
171 100
171 107
171 112
171 113
171 114
171 120
171 121
171 125
171 131
171 142
171 146
171 149
171 155
171 159
171 160
171 161
171 167
171 184
172 2
172 16
172 23
172 28
172 43
172 50
172 57
172 64
172 66
172 74
172 82
172 92
172 97
172 128
172 133
172 134
172 139
172 148
172 149
172 151
172 163
172 167
172 176
172 179
173 19
173 23
173 35
173 45
173 50
173 61
173 63
173 67
173 73
173 80
173 86
173 89
173 90
173 91
173 102
173 103
173 104
173 107
173 110
173 112
173 114
173 118
173 120
173 121
173 131
173 134
173 138
173 140
173 141
173 144
173 160
173 170
173 172
173 174
173 176
173 181
173 184
174 2
174 3
174 4
174 5
174 19
174 22
174 24
174 30
174 33
174 47
174 56
174 59
174 62
174 68
174 75
174 76
174 87
174 89
174 94
174 99
174 130
174 144
174 150
174 151
174 163
174 169
174 176
174 177
174 179
174 181
174 182
175 0
175 2
175 3
175 10
175 17
175 43
175 49
175 55
175 59
175 61
175 64
175 73
175 90
175 94
175 95
175 105
175 110
175 112
175 113
175 116
175 132
175 140
175 154
175 166
175 176
175 177
175 180
176 8
176 16
176 22
176 24
176 26
176 28
176 48
176 49
176 55
176 60
176 62
176 66
176 68
176 76
176 79
176 85
176 90
176 93
176 103
176 106
176 110
176 112
176 114
176 115
176 120
176 123
176 126
176 130
176 131
176 133
176 135
176 137
176 154
176 162
176 165
176 174
176 181
177 3
177 13
177 18
177 21
177 29
177 32
177 35
177 36
177 40
177 47
177 51
177 54
177 56
177 86
177 95
177 99
177 101
177 110
177 117
177 118
177 121
177 123
177 126
177 128
177 130
177 131
177 134
177 142
177 150
177 151
177 153
177 164
177 167
177 169
177 173
177 174
177 181
177 183
178 4
178 8
178 10
178 29
178 31
178 34
178 38
178 42
178 44
178 45
178 48
178 49
178 53
178 54
178 55
178 60
178 62
178 63
178 65
178 75
178 79
178 86
178 92
178 101
178 102
178 108
178 118
178 121
178 122
178 125
178 126
178 136
178 137
178 150
178 160
178 162
178 171
178 177
178 180
179 1
179 4
179 12
179 15
179 16
179 20
179 33
179 38
179 44
179 45
179 52
179 53
179 58
179 64
179 66
179 69
179 76
179 77
179 86
179 97
179 109
179 111
179 116
179 117
179 122
179 126
179 127
179 129
179 138
179 140
179 144
179 147
179 148
179 151
179 155
179 156
179 161
179 168
179 170
179 178
180 4
180 9
180 17
180 29
180 30
180 31
180 33
180 35
180 45
180 52
180 59
180 64
180 65
180 68
180 81
180 82
180 88
180 89
180 93
180 94
180 100
180 103
180 106
180 108
180 111
180 112
180 115
180 122
180 129
180 133
180 136
180 148
180 152
180 159
180 163
181 1
181 5
181 25
181 26
181 31
181 37
181 38
181 43
181 53
181 58
181 65
181 70
181 71
181 72
181 74
181 76
181 77
181 80
181 89
181 93
181 100
181 101
181 103
181 104
181 108
181 109
181 110
181 114
181 117
181 119
181 120
181 124
181 135
181 136
181 137
181 138
181 139
181 147
181 149
181 153
181 163
181 164
181 172
181 178
181 179
181 180
182 0
182 3
182 4
182 15
182 17
182 23
182 28
182 30
182 33
182 46
182 52
182 54
182 55
182 60
182 61
182 69
182 79
182 80
182 83
182 93
182 99
182 102
182 110
182 123
182 125
182 132
182 135
182 141
182 142
182 144
182 148
182 153
182 156
182 158
182 166
182 168
182 177
182 181
183 9
183 27
183 37
183 46
183 55
183 76
183 84
183 85
183 88
183 101
183 102
183 105
183 112
183 122
183 126
183 130
183 131
183 132
183 133
183 134
183 143
183 144
183 158
183 161
183 166
183 167
183 172
183 175
183 180
184 6
184 22
184 23
184 29
184 40
184 46
184 49
184 59
184 60
184 61
184 63
184 65
184 68
184 69
184 71
184 75
184 86
184 88
184 90
184 91
184 92
184 94
184 105
184 115
184 117
184 123
184 124
184 128
184 132
184 136
184 140
184 141
184 142
184 143
184 148
184 171
184 174
184 176
184 183
