65
0 3
0 11
0 16
0 17
0 23
0 33
0 37
0 42
0 43
0 44
0 58
0 61
1 2
1 5
1 32
1 36
1 37
1 38
1 45
1 54
1 62
2 6
2 12
2 20
2 21
2 22
2 24
2 25
2 41
2 44
2 53
2 54
2 57
3 4
3 11
3 16
3 18
3 19
3 23
3 26
3 32
3 34
3 57
3 60
4 2
4 6
4 10
4 15
4 21
4 23
4 27
4 28
4 34
4 38
4 46
4 48
4 59
4 60
4 64
5 1
5 3
5 4
5 7
5 21
5 22
5 23
5 24
5 25
5 26
5 27
5 31
5 32
5 35
5 37
5 44
5 49
5 54
6 2
6 10
6 12
6 15
6 33
6 34
6 35
6 39
6 42
6 45
6 50
7 6
7 11
7 12
7 13
7 14
7 19
7 23
7 25
7 30
7 32
7 34
7 35
7 37
7 41
7 45
7 46
7 58
7 64
8 9
8 11
8 15
8 17
8 24
8 27
8 32
8 40
8 41
8 45
8 50
8 62
9 12
9 15
9 22
9 23
9 57
9 61
9 64
10 1
10 26
10 33
10 37
10 40
10 41
10 44
10 46
10 49
10 54
11 2
11 10
11 13
11 14
11 17
11 18
11 19
11 20
11 25
11 26
11 30
11 31
11 37
11 39
11 41
11 51
11 53
11 60
11 64
12 1
12 5
12 10
12 13
12 18
12 19
12 26
12 28
12 35
12 42
12 45
12 47
12 50
12 63
13 1
13 3
13 5
13 26
13 30
13 32
13 33
13 34
13 35
13 41
13 46
13 52
13 62
14 0
14 1
14 6
14 8
14 11
14 15
14 24
14 27
14 41
14 46
14 51
14 53
14 55
14 56
14 60
15 8
15 9
15 25
15 26
15 27
15 28
15 30
15 37
15 41
15 60
15 61
16 8
16 10
16 11
16 12
16 18
16 21
16 25
16 26
16 36
16 38
16 41
16 42
16 43
16 44
16 57
17 5
17 6
17 12
17 24
17 26
17 29
17 30
17 37
17 40
17 48
17 51
17 53
17 58
18 21
18 29
18 34
18 40
18 54
18 59
18 60
18 62
19 1
19 8
19 21
19 24
19 28
19 29
19 40
19 41
19 43
19 45
19 53
19 54
19 63
20 4
20 5
20 9
20 14
20 16
20 18
20 22
20 39
20 42
20 47
20 51
20 54
20 59
21 1
21 11
21 14
21 16
21 27
21 28
21 32
21 37
21 43
21 44
21 50
21 59
21 61
21 64
22 5
22 6
22 9
22 10
22 13
22 20
22 23
22 26
22 29
22 30
22 32
22 36
22 42
22 44
22 61
22 62
23 2
23 13
23 28
23 47
23 55
23 64
24 0
24 5
24 13
24 19
24 23
24 31
24 36
24 38
24 40
24 44
24 45
24 47
24 51
24 54
24 56
25 5
25 15
25 20
25 21
25 26
25 28
25 29
25 38
25 51
25 57
26 3
26 8
26 15
26 21
26 25
26 48
26 51
26 64
27 0
27 1
27 4
27 6
27 9
27 13
27 16
27 20
27 21
27 24
27 25
27 28
27 33
27 41
27 46
27 53
27 56
27 61
27 63
28 10
28 14
28 18
28 26
28 33
28 41
28 42
28 44
28 55
28 58
28 60
29 0
29 4
29 7
29 19
29 31
29 34
29 39
29 44
29 57
30 3
30 6
30 8
30 10
30 11
30 22
30 28
30 41
30 42
30 50
30 55
30 58
30 60
31 7
31 25
31 27
31 32
31 33
31 37
31 38
31 54
31 58
31 59
31 64
32 1
32 4
32 7
32 9
32 27
32 38
32 44
32 52
32 58
32 62
33 9
33 11
33 20
33 23
33 27
33 29
33 30
33 31
33 34
33 50
33 53
33 57
33 60
33 61
33 64
34 1
34 19
34 21
34 28
34 39
34 45
34 51
34 55
34 57
34 59
34 63
34 64
35 3
35 8
35 10
35 11
35 13
35 14
35 19
35 28
35 30
35 36
35 51
35 53
35 55
35 57
35 59
35 63
36 1
36 4
36 7
36 10
36 12
36 20
36 25
36 30
36 31
36 33
36 38
36 41
36 53
36 54
36 62
37 2
37 20
37 22
37 23
37 32
37 34
37 38
37 43
37 45
37 53
37 54
38 0
38 2
38 4
38 10
38 12
38 14
38 24
38 36
38 37
38 48
38 55
38 56
38 62
39 0
39 1
39 7
39 8
39 23
39 30
39 43
39 45
39 49
39 54
39 61
40 2
40 9
40 10
40 12
40 14
40 17
40 18
40 19
40 24
40 30
40 33
40 37
40 43
40 45
40 47
40 48
40 54
41 14
41 18
41 22
41 29
41 32
41 50
41 57
41 63
42 0
42 3
42 4
42 6
42 9
42 17
42 19
42 20
42 21
42 22
42 24
42 27
42 43
42 47
42 53
42 55
42 56
43 5
43 8
43 9
43 12
43 14
43 19
43 29
43 32
43 33
43 38
43 41
43 62
44 1
44 2
44 3
44 6
44 7
44 11
44 13
44 22
44 26
44 35
44 36
44 37
44 42
44 48
44 49
44 52
44 54
44 55
44 57
44 64
45 1
45 5
45 12
45 17
45 20
45 22
45 23
45 25
45 28
45 34
45 35
45 44
45 47
45 54
45 59
45 60
46 3
46 5
46 7
46 9
46 12
46 23
46 28
46 35
46 36
46 42
46 45
47 16
47 35
47 41
47 46
47 54
47 55
47 57
47 61
47 64
48 1
48 32
48 40
48 42
48 45
48 46
48 47
48 54
48 57
48 58
49 2
49 6
49 10
49 25
49 27
49 32
49 43
49 51
49 52
49 53
49 59
49 60
49 61
49 64
50 3
50 6
50 16
50 22
50 26
50 31
50 41
50 45
50 52
51 10
51 14
51 16
51 17
51 19
51 23
51 26
51 40
51 49
51 55
51 57
51 58
51 63
52 4
52 6
52 13
52 31
52 49
52 50
52 51
52 56
52 57
52 59
52 61
53 1
53 2
53 8
53 18
53 24
53 27
53 34
53 38
53 40
53 41
53 42
53 45
53 50
54 0
54 2
54 4
54 8
54 15
54 21
54 22
54 64
55 10
55 19
55 20
55 32
55 35
55 36
55 39
55 43
55 48
55 52
55 54
55 58
55 62
56 9
56 10
56 13
56 14
56 16
56 20
56 23
56 26
56 30
56 32
56 37
56 42
56 44
56 49
56 51
56 53
56 61
57 2
57 4
57 14
57 15
57 17
57 24
57 25
57 26
57 28
57 36
57 41
57 42
57 50
57 51
57 54
57 55
57 56
57 58
57 60
57 61
57 62
57 63
58 6
58 12
58 13
58 16
58 18
58 19
58 22
58 32
58 37
58 40
58 45
58 47
58 54
58 61
58 62
59 11
59 16
59 17
59 26
59 34
59 35
59 38
59 40
59 41
59 42
59 56
59 57
60 4
60 6
60 8
60 9
60 11
60 13
60 22
60 23
60 25
60 28
60 29
60 38
60 40
60 43
60 52
60 57
61 17
61 22
61 30
61 34
61 41
61 43
61 44
61 45
61 49
61 57
61 62
62 0
62 1
62 5
62 10
62 17
62 19
62 21
62 25
62 26
62 32
62 41
62 49
62 54
62 57
63 0
63 11
63 13
63 20
63 27
63 28
63 33
63 45
63 48
63 50
63 53
64 2
64 4
64 9
64 10
64 19
64 21
64 35
64 38
64 39
64 44
64 50
