150
0 2
0 4
0 6
0 8
0 19
0 31
0 34
0 39
0 40
0 44
0 45
0 47
0 48
0 58
0 61
0 68
0 75
0 82
0 83
0 87
0 88
0 94
0 96
0 97
0 109
0 110
0 120
0 129
0 132
0 147
1 0
1 2
1 4
1 8
1 9
1 10
1 20
1 23
1 28
1 32
1 33
1 37
1 38
1 41
1 43
1 47
1 54
1 57
1 60
1 66
1 72
1 77
1 78
1 92
1 93
1 97
1 98
1 100
1 104
1 107
1 112
1 113
1 119
2 0
2 13
2 15
2 17
2 19
2 20
2 26
2 28
2 41
2 43
2 44
2 45
2 46
2 48
2 53
2 54
2 55
2 57
2 61
2 64
2 68
2 77
2 86
2 89
2 92
2 100
2 101
2 106
2 120
2 121
2 126
2 135
2 141
2 144
2 146
3 5
3 9
3 14
3 16
3 18
3 25
3 27
3 33
3 35
3 41
3 43
3 44
3 47
3 48
3 54
3 56
3 60
3 62
3 74
3 78
3 96
3 103
3 109
3 114
3 119
3 131
3 132
3 133
3 137
3 143
3 146
3 148
4 5
4 7
4 9
4 11
4 18
4 19
4 22
4 25
4 34
4 37
4 45
4 49
4 53
4 56
4 58
4 66
4 74
4 86
4 99
4 100
4 111
4 121
4 126
4 138
4 141
4 142
5 7
5 10
5 16
5 24
5 27
5 29
5 35
5 36
5 42
5 43
5 44
5 52
5 63
5 65
5 66
5 69
5 72
5 78
5 91
5 92
5 96
5 116
5 129
5 137
5 140
5 142
5 148
6 3
6 5
6 22
6 29
6 30
6 36
6 43
6 49
6 57
6 59
6 64
6 68
6 69
6 80
6 81
6 82
6 83
6 86
6 89
6 92
6 94
6 95
6 98
6 102
6 108
6 115
6 117
6 127
6 128
6 132
6 140
6 141
6 148
7 4
7 5
7 15
7 21
7 26
7 27
7 40
7 46
7 49
7 51
7 52
7 64
7 71
7 79
7 83
7 85
7 89
7 94
7 96
7 99
7 100
7 102
7 103
7 113
7 119
7 129
7 131
7 139
7 146
7 148
8 2
8 4
8 21
8 27
8 37
8 50
8 53
8 57
8 73
8 75
8 80
8 87
8 92
8 94
8 96
8 99
8 101
8 102
8 112
8 116
8 122
8 124
8 129
8 137
8 138
8 139
8 142
8 149
9 4
9 8
9 12
9 20
9 22
9 23
9 24
9 30
9 32
9 33
9 34
9 38
9 41
9 44
9 46
9 61
9 62
9 63
9 64
9 70
9 80
9 84
9 92
9 96
9 97
9 106
9 108
9 112
9 113
9 114
9 121
9 133
9 137
9 138
9 139
9 145
9 148
10 0
10 2
10 3
10 8
10 14
10 17
10 18
10 20
10 21
10 23
10 24
10 29
10 31
10 38
10 41
10 49
10 57
10 62
10 66
10 67
10 69
10 79
10 80
10 81
10 91
10 92
10 94
10 103
10 104
10 106
10 109
10 118
10 122
10 123
10 127
10 132
10 137
10 139
11 2
11 7
11 12
11 15
11 27
11 28
11 30
11 32
11 34
11 36
11 39
11 40
11 44
11 46
11 54
11 67
11 75
11 81
11 92
11 93
11 100
11 102
11 104
11 107
11 122
11 123
11 126
11 128
11 135
11 136
11 140
11 145
12 4
12 11
12 18
12 32
12 35
12 37
12 38
12 47
12 48
12 50
12 51
12 72
12 84
12 85
12 96
12 102
12 104
12 106
12 107
12 112
12 130
12 132
12 133
12 134
12 140
12 145
12 148
12 149
13 0
13 3
13 4
13 18
13 24
13 25
13 30
13 42
13 44
13 45
13 47
13 49
13 57
13 58
13 64
13 68
13 70
13 88
13 91
13 93
13 103
13 105
13 115
13 116
13 118
13 121
13 135
13 138
14 0
14 20
14 24
14 26
14 30
14 41
14 43
14 46
14 51
14 52
14 54
14 57
14 63
14 64
14 73
14 77
14 87
14 93
14 101
14 105
14 106
14 112
14 115
14 116
14 117
14 118
14 119
14 121
14 133
14 134
14 138
14 139
14 142
14 146
14 147
15 14
15 23
15 25
15 26
15 27
15 29
15 33
15 42
15 47
15 49
15 55
15 56
15 58
15 59
15 63
15 65
15 66
15 69
15 70
15 80
15 83
15 85
15 87
15 89
15 92
15 94
15 95
15 102
15 115
15 119
15 125
15 130
15 134
15 146
16 0
16 9
16 10
16 13
16 23
16 24
16 30
16 33
16 37
16 38
16 42
16 49
16 51
16 52
16 54
16 69
16 81
16 82
16 100
16 103
16 104
16 106
16 109
16 113
16 116
16 131
16 132
16 136
16 143
16 145
17 16
17 23
17 25
17 27
17 38
17 40
17 44
17 45
17 48
17 51
17 52
17 53
17 63
17 73
17 76
17 78
17 79
17 80
17 84
17 87
17 98
17 103
17 105
17 107
17 111
17 112
17 119
17 124
17 125
17 127
17 129
17 130
17 131
17 139
17 140
18 2
18 7
18 8
18 34
18 37
18 38
18 40
18 42
18 61
18 62
18 68
18 69
18 72
18 73
18 75
18 77
18 78
18 79
18 82
18 95
18 106
18 109
18 116
18 122
18 123
18 124
18 125
18 126
18 130
18 132
18 136
18 144
19 0
19 2
19 4
19 18
19 22
19 23
19 24
19 37
19 38
19 53
19 58
19 63
19 64
19 69
19 70
19 79
19 80
19 83
19 85
19 86
19 94
19 101
19 120
19 125
19 127
19 134
19 135
19 136
19 138
19 139
19 141
19 148
20 1
20 6
20 18
20 22
20 23
20 24
20 25
20 35
20 40
20 44
20 47
20 50
20 61
20 68
20 69
20 70
20 72
20 74
20 75
20 80
20 81
20 83
20 84
20 95
20 97
20 103
20 104
20 107
20 112
20 115
20 126
20 130
20 135
20 145
21 4
21 9
21 10
21 11
21 12
21 15
21 16
21 17
21 32
21 33
21 35
21 40
21 48
21 49
21 63
21 68
21 70
21 75
21 76
21 77
21 79
21 84
21 90
21 98
21 102
21 107
21 108
21 114
21 118
21 120
21 125
21 136
21 141
21 147
22 1
22 3
22 6
22 10
22 11
22 12
22 29
22 36
22 38
22 46
22 47
22 52
22 53
22 55
22 61
22 64
22 65
22 70
22 77
22 80
22 93
22 95
22 102
22 110
22 113
22 120
22 133
22 147
23 0
23 21
23 28
23 32
23 36
23 40
23 47
23 50
23 53
23 57
23 61
23 67
23 71
23 72
23 75
23 78
23 83
23 86
23 87
23 89
23 98
23 102
23 105
23 111
23 114
23 120
23 127
23 129
23 142
23 145
24 3
24 7
24 10
24 11
24 19
24 23
24 29
24 32
24 34
24 41
24 46
24 47
24 49
24 50
24 51
24 52
24 54
24 60
24 62
24 67
24 75
24 80
24 83
24 89
24 98
24 100
24 115
24 116
24 117
24 124
24 129
24 135
24 140
25 2
25 4
25 5
25 6
25 7
25 9
25 10
25 14
25 16
25 17
25 30
25 38
25 39
25 49
25 57
25 59
25 62
25 67
25 70
25 73
25 78
25 86
25 90
25 91
25 92
25 93
25 95
25 98
25 101
25 109
25 112
25 114
25 124
25 129
25 138
25 146
25 149
26 1
26 4
26 11
26 14
26 15
26 19
26 20
26 25
26 28
26 40
26 48
26 52
26 54
26 56
26 58
26 61
26 62
26 68
26 74
26 84
26 91
26 94
26 102
26 117
26 124
26 135
26 137
26 139
27 0
27 5
27 18
27 20
27 28
27 36
27 47
27 55
27 69
27 76
27 86
27 91
27 93
27 94
27 96
27 107
27 115
27 116
27 135
27 142
27 145
27 149
28 1
28 2
28 17
28 18
28 34
28 42
28 43
28 44
28 46
28 55
28 69
28 96
28 103
28 110
28 111
28 112
28 122
28 140
28 143
29 2
29 10
29 15
29 21
29 26
29 30
29 32
29 39
29 40
29 42
29 46
29 49
29 53
29 57
29 61
29 63
29 68
29 77
29 80
29 81
29 85
29 107
29 108
29 109
29 113
29 117
29 122
29 126
29 130
29 135
29 142
29 146
29 148
30 0
30 3
30 5
30 6
30 13
30 14
30 19
30 23
30 34
30 35
30 37
30 40
30 41
30 47
30 50
30 60
30 61
30 65
30 66
30 67
30 73
30 95
30 97
30 98
30 99
30 103
30 105
30 107
30 110
30 112
30 114
30 115
30 122
30 124
30 136
30 143
30 147
31 4
31 5
31 13
31 16
31 18
31 20
31 21
31 25
31 29
31 30
31 33
31 37
31 39
31 49
31 52
31 54
31 61
31 73
31 74
31 77
31 79
31 82
31 84
31 88
31 90
31 93
31 104
31 105
31 106
31 121
31 128
31 132
31 133
31 134
31 137
32 1
32 2
32 13
32 25
32 38
32 47
32 49
32 58
32 59
32 60
32 61
32 64
32 76
32 77
32 78
32 79
32 86
32 91
32 96
32 111
32 116
32 117
32 125
32 129
32 134
32 138
32 142
32 144
32 147
32 149
33 0
33 5
33 9
33 10
33 11
33 16
33 19
33 22
33 24
33 30
33 38
33 39
33 40
33 49
33 50
33 57
33 61
33 62
33 65
33 70
33 73
33 75
33 76
33 79
33 84
33 86
33 90
33 92
33 99
33 100
33 105
33 106
33 110
33 111
33 119
33 133
33 136
33 138
33 145
33 148
33 149
34 1
34 7
34 8
34 10
34 15
34 18
34 19
34 21
34 25
34 27
34 29
34 33
34 36
34 37
34 38
34 40
34 43
34 45
34 50
34 56
34 59
34 64
34 66
34 67
34 71
34 72
34 74
34 76
34 82
34 84
34 86
34 97
34 100
34 105
34 106
34 107
34 120
34 127
34 131
34 134
34 135
34 146
35 4
35 16
35 22
35 39
35 48
35 52
35 54
35 56
35 57
35 60
35 61
35 67
35 71
35 79
35 84
35 94
35 100
35 101
35 106
35 116
35 118
35 127
35 131
35 133
35 135
35 138
35 141
35 147
35 148
35 149
36 1
36 7
36 8
36 9
36 14
36 20
36 23
36 31
36 46
36 56
36 57
36 61
36 62
36 63
36 70
36 73
36 75
36 76
36 81
36 90
36 91
36 96
36 99
36 108
36 109
36 120
36 123
36 125
36 131
36 139
37 0
37 1
37 2
37 3
37 6
37 8
37 17
37 20
37 30
37 41
37 44
37 49
37 51
37 52
37 58
37 64
37 65
37 80
37 84
37 98
37 99
37 104
37 118
37 143
37 144
37 147
38 10
38 11
38 18
38 20
38 22
38 25
38 27
38 30
38 33
38 37
38 40
38 45
38 53
38 60
38 61
38 63
38 64
38 65
38 66
38 81
38 83
38 98
38 101
38 109
38 112
38 113
38 118
38 120
38 127
38 128
38 130
38 132
38 136
38 137
38 138
38 145
38 149
39 2
39 3
39 6
39 8
39 9
39 10
39 11
39 16
39 18
39 23
39 28
39 35
39 40
39 42
39 43
39 44
39 54
39 55
39 62
39 63
39 70
39 73
39 76
39 83
39 85
39 88
39 100
39 103
39 104
39 105
39 133
39 136
39 137
39 139
39 144
39 147
40 16
40 22
40 23
40 30
40 32
40 51
40 53
40 54
40 55
40 60
40 68
40 73
40 74
40 83
40 89
40 91
40 100
40 102
40 103
40 104
40 107
40 113
40 114
40 116
40 121
40 129
40 130
40 137
40 138
40 141
40 148
40 149
41 8
41 21
41 26
41 27
41 30
41 42
41 50
41 53
41 57
41 58
41 70
41 89
41 91
41 92
41 96
41 97
41 98
41 102
41 108
41 121
41 128
41 143
41 145
42 13
42 15
42 21
42 24
42 32
42 33
42 38
42 51
42 52
42 60
42 63
42 72
42 75
42 80
42 82
42 87
42 95
42 96
42 101
42 104
42 106
42 110
42 116
42 130
42 132
42 133
42 138
42 141
42 145
42 149
43 11
43 15
43 21
43 22
43 29
43 32
43 39
43 41
43 45
43 46
43 49
43 50
43 54
43 55
43 66
43 90
43 108
43 116
43 120
43 125
43 135
43 139
43 143
43 146
43 147
44 9
44 15
44 35
44 38
44 40
44 43
44 47
44 51
44 53
44 63
44 66
44 68
44 72
44 75
44 87
44 92
44 98
44 103
44 105
44 117
44 130
44 132
44 133
44 135
44 137
44 144
44 145
44 148
45 0
45 4
45 5
45 10
45 17
45 19
45 26
45 30
45 44
45 46
45 49
45 50
45 51
45 54
45 68
45 71
45 73
45 74
45 79
45 81
45 82
45 85
45 94
45 95
45 99
45 102
45 104
45 108
45 109
45 114
45 116
45 119
45 124
45 132
45 141
45 143
45 149
46 8
46 17
46 20
46 57
46 58
46 65
46 68
46 79
46 97
46 99
46 102
46 113
46 115
46 132
46 134
46 135
46 137
46 143
47 4
47 6
47 13
47 14
47 18
47 21
47 24
47 27
47 35
47 39
47 42
47 55
47 57
47 60
47 73
47 79
47 80
47 83
47 90
47 95
47 96
47 101
47 104
47 107
47 108
47 111
47 112
47 113
47 116
47 117
47 118
47 123
47 125
47 126
47 130
47 136
47 137
47 139
47 140
47 141
47 142
47 144
47 145
47 149
48 11
48 16
48 28
48 37
48 45
48 53
48 55
48 58
48 63
48 66
48 69
48 71
48 74
48 79
48 80
48 81
48 97
48 99
48 116
48 120
48 121
48 125
48 132
48 135
48 138
48 139
48 141
48 142
49 2
49 7
49 13
49 15
49 17
49 18
49 21
49 22
49 27
49 32
49 36
49 44
49 45
49 46
49 50
49 63
49 65
49 69
49 74
49 79
49 94
49 97
49 99
49 110
49 117
49 120
49 122
49 126
49 143
49 145
49 146
49 149
50 4
50 6
50 8
50 12
50 13
50 21
50 27
50 38
50 39
50 40
50 44
50 54
50 55
50 57
50 81
50 88
50 91
50 99
50 100
50 106
50 110
50 118
50 119
50 122
50 123
50 124
50 125
50 144
50 148
50 149
51 9
51 11
51 12
51 16
51 17
51 19
51 20
51 23
51 25
51 26
51 30
51 32
51 43
51 45
51 46
51 49
51 50
51 52
51 55
51 61
51 62
51 65
51 68
51 70
51 78
51 82
51 91
51 92
51 95
51 96
51 97
51 101
51 105
51 108
51 114
51 116
51 117
51 118
51 122
51 129
51 131
51 139
51 143
51 145
52 1
52 4
52 6
52 11
52 26
52 27
52 34
52 40
52 67
52 68
52 70
52 72
52 73
52 78
52 83
52 86
52 90
52 94
52 96
52 98
52 99
52 102
52 103
52 114
52 119
52 123
52 124
52 125
52 138
52 148
53 0
53 7
53 19
53 25
53 27
53 29
53 30
53 38
53 39
53 41
53 42
53 46
53 47
53 51
53 69
53 71
53 77
53 80
53 83
53 84
53 89
53 93
53 96
53 104
53 105
53 113
53 124
53 139
53 145
53 148
54 6
54 10
54 12
54 33
54 37
54 41
54 44
54 45
54 49
54 52
54 56
54 60
54 63
54 67
54 73
54 82
54 83
54 84
54 89
54 91
54 97
54 106
54 107
54 109
54 112
54 116
54 125
54 129
54 140
54 142
54 144
55 17
55 34
55 53
55 57
55 58
55 62
55 68
55 76
55 77
55 84
55 113
55 115
55 116
55 119
56 1
56 8
56 19
56 32
56 45
56 46
56 47
56 49
56 53
56 54
56 62
56 63
56 69
56 74
56 77
56 81
56 83
56 86
56 88
56 92
56 114
56 120
56 148
56 149
57 0
57 1
57 3
57 7
57 8
57 11
57 12
57 15
57 21
57 32
57 34
57 40
57 46
57 47
57 53
57 58
57 61
57 70
57 71
57 83
57 85
57 97
57 102
57 105
57 108
57 109
57 113
57 117
57 129
57 131
57 134
57 148
57 149
58 15
58 16
58 20
58 22
58 23
58 29
58 33
58 46
58 51
58 53
58 56
58 59
58 61
58 67
58 71
58 72
58 75
58 79
58 86
58 87
58 95
58 96
58 99
58 112
58 117
58 119
58 126
58 129
58 140
59 2
59 8
59 10
59 11
59 23
59 39
59 68
59 71
59 75
59 76
59 77
59 78
59 80
59 89
59 98
59 112
59 114
59 122
59 130
59 142
59 143
59 147
60 0
60 2
60 5
60 10
60 15
60 17
60 19
60 22
60 27
60 36
60 44
60 55
60 56
60 58
60 64
60 65
60 68
60 69
60 73
60 74
60 75
60 79
60 82
60 88
60 98
60 100
60 110
60 127
60 132
60 133
60 135
60 142
61 3
61 12
61 22
61 23
61 24
61 30
61 36
61 37
61 40
61 42
61 44
61 49
61 51
61 64
61 65
61 71
61 72
61 74
61 79
61 88
61 89
61 94
61 99
61 101
61 107
61 109
61 110
61 117
61 122
61 142
61 144
62 9
62 12
62 34
62 38
62 39
62 44
62 46
62 47
62 73
62 75
62 76
62 77
62 78
62 88
62 93
62 95
62 100
62 102
62 105
62 107
62 110
62 121
62 126
62 135
62 147
62 149
63 16
63 25
63 27
63 35
63 40
63 43
63 47
63 48
63 53
63 62
63 66
63 70
63 73
63 79
63 81
63 88
63 110
63 115
63 123
63 135
63 139
63 140
63 141
63 146
64 5
64 7
64 8
64 9
64 13
64 14
64 38
64 40
64 42
64 51
64 52
64 53
64 60
64 71
64 74
64 75
64 76
64 78
64 90
64 93
64 110
64 121
64 133
64 134
65 9
65 16
65 28
65 37
65 39
65 42
65 46
65 47
65 51
65 56
65 57
65 64
65 69
65 75
65 78
65 84
65 95
65 104
65 125
65 126
65 141
66 1
66 2
66 8
66 14
66 21
66 41
66 46
66 48
66 50
66 63
66 70
66 72
66 78
66 79
66 81
66 83
66 88
66 90
66 92
66 96
66 108
66 117
66 121
66 126
66 135
66 136
66 137
66 138
66 140
66 141
66 143
67 5
67 8
67 12
67 17
67 20
67 23
67 25
67 26
67 31
67 35
67 36
67 43
67 45
67 52
67 53
67 55
67 61
67 65
67 71
67 73
67 76
67 84
67 85
67 88
67 89
67 98
67 101
67 102
67 104
67 119
67 131
68 2
68 4
68 9
68 20
68 23
68 26
68 27
68 30
68 33
68 37
68 42
68 46
68 49
68 51
68 52
68 53
68 55
68 67
68 85
68 91
68 92
68 93
68 96
68 103
68 104
68 107
68 110
68 112
68 114
68 128
68 129
68 130
68 131
68 136
68 137
68 142
68 149
69 2
69 4
69 6
69 9
69 19
69 25
69 29
69 33
69 41
69 49
69 51
69 56
69 59
69 63
69 66
69 68
69 72
69 78
69 82
69 87
69 91
69 93
69 94
69 105
69 108
69 110
69 113
69 133
69 136
69 137
69 138
69 142
69 147
70 2
70 6
70 10
70 16
70 20
70 22
70 27
70 30
70 32
70 36
70 37
70 39
70 41
70 43
70 49
70 52
70 53
70 55
70 58
70 59
70 65
70 76
70 89
70 92
70 93
70 94
70 101
70 102
70 107
70 109
70 111
70 112
70 127
70 129
70 134
70 136
71 5
71 6
71 18
71 21
71 26
71 31
71 38
71 42
71 50
71 51
71 58
71 63
71 68
71 69
71 73
71 78
71 79
71 84
71 88
71 90
71 91
71 98
71 99
71 104
71 111
71 118
71 120
71 125
71 129
71 131
71 133
71 135
71 136
71 138
71 141
72 4
72 6
72 10
72 12
72 14
72 15
72 27
72 33
72 35
72 48
72 53
72 55
72 67
72 71
72 80
72 81
72 86
72 88
72 90
72 94
72 95
72 96
72 98
72 106
72 110
72 115
72 118
72 120
72 133
72 136
72 139
72 141
72 143
72 149
73 1
73 14
73 20
73 41
73 45
73 47
73 51
73 67
73 69
73 79
73 88
73 90
73 96
73 105
73 107
73 121
73 130
73 135
73 149
74 0
74 17
74 20
74 21
74 25
74 26
74 27
74 28
74 35
74 38
74 45
74 50
74 59
74 62
74 63
74 68
74 73
74 86
74 87
74 90
74 91
74 107
74 120
74 123
74 132
74 136
74 137
74 143
75 3
75 18
75 29
75 30
75 34
75 39
75 44
75 45
75 57
75 59
75 61
75 63
75 74
75 76
75 84
75 85
75 88
75 89
75 96
75 98
75 101
75 104
75 108
75 110
75 116
75 118
75 124
75 127
75 130
75 134
75 137
75 144
75 147
76 2
76 22
76 24
76 25
76 29
76 30
76 32
76 48
76 67
76 71
76 87
76 88
76 91
76 94
76 98
76 108
76 112
76 113
76 115
76 122
76 125
76 129
76 133
76 136
76 147
77 10
77 11
77 17
77 19
77 21
77 25
77 34
77 36
77 48
77 53
77 64
77 67
77 75
77 80
77 85
77 88
77 91
77 92
77 102
77 109
77 113
77 116
77 122
77 126
77 131
77 135
77 138
77 142
77 147
78 0
78 5
78 10
78 25
78 28
78 30
78 33
78 35
78 36
78 39
78 41
78 49
78 51
78 61
78 67
78 77
78 80
78 83
78 87
78 91
78 93
78 97
78 116
78 117
78 119
78 120
78 130
79 5
79 7
79 9
79 10
79 13
79 23
79 24
79 33
79 38
79 39
79 46
79 47
79 58
79 62
79 68
79 70
79 72
79 85
79 90
79 91
79 93
79 103
79 104
79 105
79 114
79 126
79 127
79 129
79 135
79 141
80 7
80 8
80 9
80 12
80 18
80 21
80 23
80 26
80 28
80 31
80 34
80 39
80 42
80 47
80 48
80 68
80 69
80 84
80 86
80 89
80 91
80 94
80 95
80 98
80 102
80 109
80 118
80 119
80 120
80 122
80 128
80 131
80 133
80 143
80 148
81 0
81 3
81 14
81 19
81 20
81 25
81 28
81 42
81 48
81 52
81 63
81 65
81 77
81 85
81 90
81 96
81 115
81 116
81 118
81 120
81 128
81 129
81 140
81 142
81 143
81 146
82 2
82 13
82 15
82 19
82 21
82 33
82 35
82 36
82 37
82 42
82 45
82 50
82 52
82 60
82 61
82 62
82 65
82 77
82 88
82 90
82 106
82 113
82 115
82 143
82 147
83 0
83 9
83 12
83 13
83 19
83 21
83 33
83 44
83 45
83 47
83 49
83 50
83 54
83 55
83 57
83 64
83 65
83 70
83 73
83 76
83 78
83 85
83 89
83 91
83 92
83 106
83 116
83 123
83 127
83 130
83 148
84 0
84 12
84 14
84 17
84 24
84 31
84 35
84 38
84 40
84 48
84 53
84 56
84 57
84 63
84 64
84 66
84 78
84 79
84 83
84 87
84 107
84 108
84 109
84 115
84 116
84 121
84 124
84 125
84 138
84 142
84 143
85 0
85 11
85 13
85 19
85 21
85 23
85 26
85 29
85 32
85 42
85 48
85 55
85 76
85 87
85 97
85 99
85 101
85 102
85 104
85 111
85 112
85 120
85 121
85 128
85 131
85 132
85 133
85 145
86 1
86 3
86 4
86 6
86 11
86 15
86 19
86 24
86 33
86 43
86 44
86 46
86 54
86 61
86 63
86 68
86 98
86 103
86 104
86 105
86 106
86 112
86 126
86 128
86 131
86 135
86 144
86 147
87 5
87 7
87 17
87 18
87 29
87 31
87 33
87 36
87 38
87 40
87 41
87 42
87 48
87 50
87 54
87 59
87 60
87 62
87 71
87 76
87 82
87 88
87 93
87 101
87 102
87 103
87 107
87 110
87 113
87 114
87 119
87 124
88 0
88 5
88 9
88 10
88 22
88 28
88 46
88 52
88 54
88 58
88 59
88 60
88 67
88 69
88 87
88 94
88 102
88 110
88 114
88 116
88 121
88 124
88 126
88 138
88 140
88 145
88 146
88 149
89 7
89 15
89 31
89 33
89 35
89 44
89 50
89 52
89 54
89 59
89 60
89 68
89 69
89 74
89 75
89 82
89 84
89 85
89 87
89 91
89 95
89 108
89 115
89 117
89 123
89 131
89 134
89 139
89 141
89 145
89 147
90 3
90 11
90 17
90 19
90 21
90 23
90 27
90 28
90 29
90 33
90 38
90 39
90 44
90 60
90 69
90 72
90 75
90 93
90 96
90 100
90 101
90 105
90 110
90 118
90 119
90 126
90 129
90 131
90 135
90 141
90 143
91 3
91 6
91 7
91 8
91 10
91 17
91 18
91 19
91 23
91 31
91 32
91 36
91 37
91 39
91 45
91 48
91 51
91 53
91 63
91 68
91 75
91 79
91 88
91 93
91 99
91 100
91 101
91 112
91 115
91 117
91 121
91 122
91 128
91 131
91 132
91 139
91 141
91 144
92 2
92 6
92 9
92 18
92 21
92 41
92 55
92 57
92 59
92 60
92 67
92 68
92 71
92 75
92 79
92 83
92 101
92 105
92 109
92 120
92 127
92 133
92 136
92 141
92 146
92 149
93 1
93 2
93 4
93 5
93 10
93 23
93 27
93 31
93 48
93 51
93 58
93 60
93 66
93 73
93 76
93 81
93 92
93 94
93 96
93 102
93 106
93 114
93 118
93 120
93 124
93 130
93 131
93 148
94 0
94 1
94 5
94 7
94 9
94 14
94 18
94 23
94 30
94 34
94 36
94 41
94 46
94 47
94 50
94 64
94 71
94 72
94 74
94 79
94 83
94 86
94 98
94 107
94 110
94 111
94 112
94 116
94 117
94 121
94 123
94 124
94 138
94 144
94 146
94 147
94 148
95 0
95 11
95 12
95 14
95 17
95 21
95 27
95 30
95 40
95 48
95 51
95 58
95 66
95 71
95 73
95 74
95 79
95 87
95 91
95 93
95 100
95 102
95 104
95 106
95 114
95 116
95 118
95 120
95 124
95 126
95 142
96 0
96 3
96 5
96 11
96 17
96 20
96 23
96 30
96 39
96 44
96 50
96 57
96 61
96 70
96 81
96 83
96 88
96 90
96 92
96 104
96 106
96 111
96 118
96 119
96 127
96 128
96 134
96 135
96 139
96 144
97 2
97 3
97 5
97 8
97 11
97 13
97 28
97 43
97 45
97 47
97 52
97 54
97 60
97 66
97 71
97 92
97 95
97 96
97 100
97 101
97 107
97 108
97 111
97 112
97 121
97 126
97 127
97 140
98 8
98 9
98 16
98 17
98 19
98 20
98 26
98 27
98 30
98 33
98 43
98 59
98 60
98 69
98 77
98 78
98 86
98 114
98 118
98 119
98 120
98 127
98 129
98 134
98 140
98 149
99 0
99 1
99 4
99 6
99 8
99 10
99 17
99 21
99 43
99 49
99 53
99 54
99 58
99 72
99 77
99 79
99 80
99 88
99 89
99 103
99 120
99 121
99 125
99 135
99 146
100 7
100 20
100 22
100 23
100 27
100 31
100 32
100 35
100 41
100 49
100 50
100 52
100 67
100 70
100 71
100 76
100 77
100 80
100 84
100 92
100 93
100 104
100 108
100 111
100 112
100 114
100 115
100 116
100 124
100 127
100 132
100 140
100 141
100 142
100 148
101 2
101 5
101 8
101 14
101 15
101 16
101 30
101 34
101 35
101 45
101 50
101 55
101 67
101 75
101 77
101 96
101 98
101 103
101 105
101 106
101 107
101 117
101 121
101 135
101 141
101 147
101 149
102 13
102 17
102 21
102 25
102 26
102 39
102 42
102 43
102 44
102 47
102 49
102 56
102 61
102 68
102 75
102 78
102 90
102 91
102 94
102 96
102 98
102 104
102 113
102 114
102 116
102 122
102 128
102 131
102 133
102 134
102 140
102 143
102 147
103 2
103 20
103 23
103 31
103 38
103 39
103 49
103 51
103 56
103 58
103 64
103 65
103 71
103 79
103 82
103 86
103 87
103 93
103 97
103 104
103 113
103 116
103 122
103 124
103 126
103 127
103 128
103 129
103 135
103 136
103 141
103 148
104 11
104 13
104 16
104 17
104 18
104 20
104 22
104 23
104 33
104 38
104 39
104 58
104 67
104 78
104 84
104 94
104 100
104 103
104 110
104 116
104 119
104 124
104 125
104 129
104 138
104 140
104 143
104 147
105 15
105 24
105 30
105 35
105 38
105 44
105 70
105 80
105 86
105 92
105 102
105 104
105 110
105 119
105 124
105 130
105 131
105 133
105 134
105 148
106 0
106 1
106 4
106 9
106 10
106 18
106 21
106 22
106 25
106 27
106 30
106 34
106 36
106 40
106 53
106 58
106 70
106 71
106 82
106 83
106 92
106 100
106 103
106 107
106 111
106 123
106 135
106 136
106 145
106 146
106 148
107 2
107 3
107 8
107 11
107 12
107 15
107 16
107 18
107 26
107 30
107 34
107 41
107 42
107 43
107 56
107 60
107 68
107 72
107 78
107 98
107 117
107 118
107 125
107 136
107 139
107 141
107 146
107 149
108 0
108 2
108 4
108 8
108 12
108 18
108 32
108 35
108 36
108 38
108 55
108 56
108 58
108 62
108 63
108 64
108 66
108 68
108 69
108 82
108 89
108 93
108 98
108 102
108 110
108 113
108 114
108 125
108 130
108 136
108 137
108 142
108 144
108 146
109 2
109 4
109 8
109 12
109 19
109 21
109 24
109 29
109 47
109 58
109 65
109 67
109 69
109 71
109 79
109 83
109 87
109 95
109 102
109 103
109 105
109 111
109 119
109 121
109 122
109 135
109 140
110 5
110 11
110 15
110 27
110 29
110 36
110 41
110 44
110 46
110 47
110 51
110 64
110 66
110 75
110 81
110 91
110 96
110 99
110 102
110 103
110 108
110 118
110 119
110 121
110 127
110 132
110 134
110 140
110 144
110 145
111 11
111 22
111 23
111 24
111 30
111 33
111 35
111 42
111 44
111 47
111 49
111 57
111 61
111 69
111 78
111 79
111 87
111 94
111 95
111 97
111 99
111 103
111 109
111 113
111 114
111 125
111 128
111 131
112 1
112 2
112 5
112 16
112 20
112 37
112 44
112 45
112 49
112 55
112 58
112 68
112 72
112 74
112 76
112 82
112 97
112 98
112 102
112 105
112 110
112 120
112 128
112 137
112 148
112 149
113 1
113 3
113 16
113 22
113 23
113 27
113 29
113 32
113 36
113 37
113 42
113 50
113 54
113 70
113 75
113 80
113 81
113 82
113 86
113 90
113 92
113 100
113 112
113 123
113 135
113 139
113 141
113 142
113 143
113 147
114 6
114 8
114 10
114 12
114 17
114 18
114 52
114 54
114 57
114 58
114 73
114 76
114 99
114 102
114 103
114 111
114 113
114 116
114 131
114 132
114 142
115 6
115 18
115 19
115 21
115 27
115 28
115 35
115 36
115 47
115 54
115 55
115 58
115 61
115 64
115 65
115 75
115 78
115 79
115 83
115 87
115 89
115 90
115 109
115 113
115 114
115 116
115 122
115 135
115 143
115 148
116 2
116 3
116 11
116 14
116 15
116 21
116 27
116 37
116 41
116 43
116 44
116 48
116 49
116 50
116 56
116 73
116 76
116 80
116 83
116 88
116 91
116 92
116 102
116 103
116 104
116 106
116 109
116 110
116 112
116 122
116 123
116 135
116 136
116 141
116 142
116 145
116 146
117 13
117 19
117 21
117 22
117 27
117 28
117 32
117 35
117 43
117 62
117 72
117 75
117 82
117 95
117 98
117 106
117 108
117 109
117 114
117 115
117 121
117 122
117 126
117 128
117 130
117 131
117 134
117 135
117 141
118 0
118 8
118 9
118 19
118 21
118 28
118 34
118 38
118 40
118 43
118 45
118 51
118 58
118 73
118 75
118 78
118 81
118 97
118 110
118 123
118 127
118 132
118 140
118 147
119 17
119 23
119 27
119 33
119 34
119 37
119 38
119 41
119 58
119 72
119 73
119 76
119 91
119 98
119 101
119 106
119 113
119 116
119 137
119 144
120 5
120 12
120 13
120 16
120 19
120 23
120 29
120 30
120 36
120 37
120 46
120 48
120 53
120 55
120 61
120 62
120 64
120 68
120 71
120 73
120 76
120 78
120 80
120 83
120 90
120 99
120 101
120 106
120 125
120 130
120 136
120 138
120 140
120 142
120 145
121 0
121 6
121 7
121 13
121 17
121 18
121 21
121 22
121 31
121 34
121 37
121 39
121 40
121 45
121 62
121 63
121 66
121 71
121 72
121 73
121 75
121 89
121 94
121 105
121 109
121 117
121 133
121 134
121 136
121 141
121 142
122 4
122 5
122 19
122 21
122 36
122 39
122 40
122 42
122 43
122 47
122 52
122 55
122 57
122 58
122 60
122 61
122 71
122 72
122 73
122 74
122 79
122 81
122 84
122 90
122 94
122 96
122 100
122 103
122 104
122 107
122 113
122 131
122 133
122 138
122 143
122 147
122 148
123 2
123 3
123 6
123 14
123 21
123 31
123 32
123 36
123 37
123 39
123 41
123 48
123 54
123 60
123 62
123 63
123 69
123 83
123 90
123 92
123 100
123 103
123 114
123 125
123 129
123 136
123 140
123 147
123 148
124 1
124 7
124 12
124 22
124 27
124 36
124 43
124 44
124 54
124 55
124 59
124 61
124 67
124 68
124 72
124 84
124 87
124 91
124 99
124 101
124 103
124 106
124 107
124 109
124 112
124 113
124 123
124 128
124 133
124 134
124 136
124 139
124 142
125 8
125 12
125 15
125 23
125 24
125 26
125 27
125 31
125 33
125 36
125 38
125 41
125 42
125 46
125 48
125 49
125 51
125 53
125 61
125 69
125 70
125 72
125 84
125 86
125 97
125 98
125 115
125 119
125 120
125 123
125 143
126 1
126 3
126 8
126 9
126 17
126 19
126 21
126 39
126 42
126 43
126 46
126 51
126 52
126 53
126 55
126 56
126 57
126 63
126 70
126 71
126 73
126 76
126 80
126 82
126 87
126 92
126 95
126 97
126 98
126 108
126 111
126 113
126 119
126 124
126 125
126 130
126 131
126 132
126 134
126 140
126 141
126 149
127 2
127 5
127 8
127 10
127 11
127 14
127 33
127 40
127 45
127 46
127 48
127 62
127 63
127 72
127 84
127 87
127 88
127 93
127 94
127 95
127 102
127 114
127 118
127 119
127 125
127 129
127 133
127 137
127 140
127 143
127 145
128 3
128 4
128 5
128 9
128 10
128 11
128 12
128 16
128 17
128 30
128 33
128 34
128 38
128 39
128 46
128 51
128 52
128 54
128 63
128 71
128 76
128 77
128 82
128 83
128 86
128 87
128 88
128 96
128 98
128 100
128 102
128 106
128 115
128 117
128 121
128 131
128 140
128 143
128 146
128 148
129 0
129 1
129 6
129 12
129 14
129 15
129 19
129 23
129 27
129 29
129 30
129 38
129 44
129 51
129 52
129 53
129 63
129 67
129 73
129 76
129 79
129 83
129 84
129 89
129 91
129 92
129 97
129 98
129 106
129 109
129 112
129 113
129 114
129 116
129 126
129 127
129 134
129 140
129 142
129 144
129 147
130 6
130 11
130 12
130 15
130 16
130 19
130 25
130 31
130 33
130 35
130 37
130 63
130 68
130 69
130 70
130 73
130 83
130 86
130 98
130 100
130 112
130 117
130 124
130 132
130 136
130 139
130 142
131 26
131 27
131 35
131 37
131 38
131 39
131 42
131 44
131 45
131 47
131 48
131 53
131 56
131 57
131 60
131 65
131 72
131 77
131 78
131 88
131 90
131 91
131 100
131 101
131 104
131 110
131 112
131 120
131 121
131 123
131 124
131 125
131 129
131 135
132 3
132 5
132 7
132 11
132 12
132 14
132 15
132 25
132 38
132 40
132 41
132 42
132 49
132 50
132 51
132 52
132 54
132 55
132 68
132 70
132 77
132 82
132 85
132 87
132 88
132 91
132 93
132 105
132 107
132 108
132 110
132 111
132 112
132 116
132 120
132 129
132 131
132 133
132 135
132 146
133 9
133 10
133 15
133 17
133 18
133 26
133 28
133 37
133 38
133 53
133 54
133 62
133 63
133 65
133 72
133 75
133 76
133 91
133 94
133 104
133 107
133 120
133 135
133 145
133 146
133 149
134 3
134 7
134 8
134 12
134 17
134 24
134 26
134 30
134 50
134 53
134 58
134 59
134 63
134 64
134 77
134 94
134 107
134 109
134 111
134 114
134 117
134 118
134 120
134 132
134 135
134 140
135 0
135 8
135 20
135 22
135 25
135 26
135 30
135 43
135 44
135 52
135 56
135 59
135 65
135 77
135 78
135 87
135 88
135 90
135 91
135 93
135 99
135 101
135 112
135 116
135 121
135 122
135 123
135 133
135 142
136 2
136 3
136 4
136 7
136 9
136 20
136 30
136 33
136 35
136 36
136 40
136 49
136 50
136 51
136 53
136 54
136 56
136 59
136 61
136 65
136 71
136 75
136 76
136 80
136 81
136 83
136 91
136 96
136 100
136 114
136 123
136 126
136 128
136 134
136 149
137 0
137 2
137 6
137 9
137 13
137 14
137 17
137 26
137 32
137 38
137 49
137 50
137 52
137 60
137 62
137 76
137 80
137 83
137 84
137 88
137 93
137 95
137 96
137 103
137 108
137 109
137 125
137 139
137 143
137 144
138 7
138 8
138 16
138 29
138 36
138 38
138 46
138 49
138 52
138 65
138 84
138 95
138 96
138 99
138 110
138 112
138 114
138 115
138 116
138 126
138 128
138 131
138 140
139 0
139 1
139 5
139 8
139 10
139 17
139 22
139 24
139 31
139 39
139 40
139 50
139 60
139 64
139 74
139 76
139 81
139 86
139 91
139 93
139 94
139 107
139 119
139 137
139 149
140 3
140 11
140 15
140 18
140 21
140 22
140 33
140 36
140 39
140 41
140 42
140 47
140 48
140 56
140 59
140 73
140 87
140 89
140 91
140 95
140 102
140 108
140 115
140 117
140 118
140 121
140 124
140 136
140 139
140 143
140 144
140 145
140 149
141 1
141 2
141 3
141 8
141 22
141 32
141 37
141 38
141 52
141 53
141 63
141 70
141 71
141 74
141 76
141 78
141 84
141 94
141 95
141 96
141 97
141 98
141 101
141 105
141 108
141 109
141 112
141 121
141 123
141 126
141 135
141 136
141 139
141 140
141 143
142 5
142 10
142 12
142 13
142 16
142 19
142 26
142 34
142 52
142 59
142 66
142 67
142 76
142 81
142 82
142 85
142 87
142 92
142 94
142 100
142 110
142 114
142 120
142 126
142 132
142 140
142 143
142 144
142 146
143 5
143 6
143 20
143 24
143 28
143 33
143 42
143 43
143 52
143 55
143 59
143 63
143 65
143 77
143 88
143 96
143 100
143 103
143 107
143 113
143 116
143 130
143 136
143 140
143 144
143 149
144 2
144 4
144 5
144 12
144 16
144 18
144 19
144 27
144 28
144 33
144 39
144 43
144 44
144 46
144 47
144 48
144 52
144 53
144 55
144 56
144 57
144 79
144 82
144 84
144 86
144 96
144 97
144 105
144 112
144 114
144 119
145 2
145 5
145 7
145 10
145 13
145 14
145 24
145 29
145 32
145 33
145 35
145 37
145 41
145 42
145 45
145 49
145 56
145 59
145 66
145 71
145 79
145 93
145 100
145 103
145 107
145 109
145 112
145 117
145 119
145 123
145 129
145 134
145 136
145 143
146 0
146 7
146 13
146 24
146 37
146 42
146 43
146 44
146 62
146 66
146 67
146 77
146 80
146 91
146 109
146 110
146 117
146 119
146 120
146 128
146 135
146 137
146 145
146 147
147 0
147 13
147 19
147 20
147 21
147 31
147 34
147 36
147 45
147 47
147 52
147 56
147 59
147 63
147 64
147 74
147 86
147 87
147 91
147 101
147 105
147 108
147 110
147 124
147 135
147 141
147 145
148 5
148 19
148 20
148 28
148 31
148 32
148 36
148 37
148 40
148 67
148 83
148 87
148 90
148 93
148 100
148 101
148 106
148 110
148 127
148 128
148 130
149 3
149 13
149 15
149 28
149 33
149 34
149 41
149 48
149 56
149 57
149 67
149 76
149 80
149 82
149 90
149 92
149 95
149 96
149 102
149 108
149 110
149 117
149 118
149 124
149 130
149 133
149 138
