60
0 1
0 6
0 25
0 28
0 29
0 32
0 38
0 40
0 46
1 16
1 21
1 36
1 38
1 41
1 47
1 52
1 53
2 3
2 4
2 21
2 23
2 33
2 48
2 51
2 56
2 58
3 7
3 9
3 11
3 14
3 17
3 18
3 21
3 22
3 29
3 32
3 34
3 37
3 49
3 54
3 55
3 56
4 0
4 3
4 11
4 13
4 15
4 17
4 18
4 24
4 26
4 31
4 36
4 37
4 46
4 50
4 51
5 0
5 2
5 3
5 8
5 10
5 15
5 18
5 23
5 25
5 27
5 29
5 39
5 42
5 46
5 51
5 52
6 8
6 9
6 14
6 15
6 19
6 24
6 25
6 27
6 28
6 47
6 49
6 50
6 51
6 54
6 56
7 0
7 14
7 15
7 17
7 23
7 25
7 28
7 30
7 31
7 35
7 36
7 38
7 39
7 40
7 41
7 49
7 54
8 4
8 9
8 11
8 12
8 14
8 16
8 21
8 26
8 38
8 43
8 44
8 46
8 47
9 12
9 17
9 22
9 23
9 32
9 40
9 53
10 9
10 18
10 19
10 21
10 29
10 30
10 37
10 39
10 44
10 47
10 48
10 51
10 53
10 54
10 55
10 56
10 57
11 1
11 7
11 13
11 20
11 30
11 31
11 38
11 41
11 45
11 47
11 50
11 54
11 59
12 0
12 18
12 20
12 32
12 33
12 35
12 36
12 38
12 42
12 52
12 53
13 8
13 16
13 28
13 30
13 33
13 34
13 39
13 43
13 47
13 48
13 52
13 55
13 58
14 23
14 24
14 37
14 44
14 49
14 51
14 52
14 54
15 1
15 6
15 10
15 16
15 24
15 26
15 29
15 32
15 41
16 0
16 5
16 6
16 9
16 12
16 14
16 15
16 21
16 34
16 37
16 44
16 45
16 47
16 49
16 50
16 53
16 54
16 55
16 57
17 2
17 5
17 6
17 7
17 11
17 15
17 18
17 22
17 25
17 29
17 30
17 33
17 39
17 41
17 46
17 55
18 25
18 33
18 40
18 52
18 56
19 11
19 16
19 41
19 46
19 55
20 0
20 2
20 4
20 14
20 27
20 28
20 45
20 57
20 59
21 6
21 12
21 13
21 18
21 36
21 43
21 44
21 52
21 57
22 4
22 7
22 11
22 12
22 14
22 18
22 35
22 38
22 40
22 43
22 45
22 48
22 49
22 51
22 55
23 5
23 7
23 8
23 9
23 17
23 18
23 30
23 32
23 33
23 35
23 36
23 40
23 42
23 45
23 47
23 48
23 49
23 50
23 51
24 3
24 8
24 18
24 20
24 22
24 31
24 40
24 52
24 56
25 16
25 17
25 24
25 29
25 31
25 33
25 39
25 45
25 52
25 54
26 0
26 5
26 7
26 10
26 15
26 17
26 19
26 22
26 30
26 33
26 39
26 47
26 53
26 57
27 3
27 5
27 13
27 16
27 18
27 20
27 26
27 28
27 29
27 31
27 53
27 59
28 3
28 7
28 8
28 10
28 13
28 18
28 25
28 26
28 34
28 36
28 45
28 47
28 55
28 58
28 59
29 3
29 10
29 16
29 17
29 22
29 31
29 36
29 38
29 42
29 43
29 45
29 50
29 59
30 21
30 23
30 25
30 31
30 32
30 37
30 44
30 55
31 0
31 1
31 5
31 15
31 17
31 20
31 27
31 38
31 41
31 46
31 51
31 53
31 57
31 58
32 0
32 6
32 7
32 9
32 14
32 18
32 25
32 30
32 43
32 53
33 2
33 17
33 18
33 19
33 35
33 38
33 39
33 48
33 50
33 59
34 0
34 5
34 9
34 11
34 13
34 16
34 24
34 27
34 28
34 37
34 44
34 55
34 58
35 8
35 13
35 17
35 20
35 25
35 26
35 31
35 58
36 1
36 11
36 12
36 13
36 16
36 31
36 32
36 41
36 45
36 57
36 59
37 3
37 4
37 6
37 7
37 8
37 21
37 23
37 26
37 49
37 51
37 55
37 59
38 8
38 14
38 16
38 19
38 24
38 26
38 33
38 36
38 37
38 39
38 40
38 41
38 53
38 57
39 3
39 15
39 18
39 24
39 27
39 35
39 40
39 47
39 51
39 53
39 56
40 3
40 12
40 13
40 15
40 20
40 22
40 50
40 57
40 58
40 59
41 3
41 8
41 10
41 14
41 20
41 21
41 23
41 24
41 33
41 39
41 40
41 49
41 54
42 0
42 4
42 8
42 9
42 10
42 11
42 20
42 32
42 38
42 45
42 47
42 50
43 2
43 5
43 12
43 15
43 18
43 19
43 21
43 23
43 31
43 32
43 48
44 0
44 2
44 10
44 32
44 35
44 36
44 42
44 46
44 47
44 57
44 58
45 3
45 5
45 17
45 37
45 43
45 48
45 49
45 50
45 56
46 6
46 12
46 14
46 27
46 31
46 32
46 34
46 36
46 41
46 57
46 58
47 1
47 3
47 4
47 9
47 13
47 24
47 30
47 35
47 41
47 42
47 44
47 48
47 52
47 53
47 55
47 58
48 0
48 1
48 7
48 21
48 24
48 26
48 33
48 44
48 49
48 51
48 53
49 8
49 13
49 16
49 20
49 21
49 26
49 30
49 34
49 35
49 42
49 43
49 46
49 47
49 51
49 56
49 59
50 11
50 21
50 29
50 34
50 36
50 37
50 39
50 44
50 47
50 59
51 0
51 3
51 5
51 7
51 26
51 27
51 28
51 29
51 30
51 36
51 38
51 40
51 44
51 48
51 49
51 56
52 2
52 8
52 16
52 19
52 21
52 22
52 27
52 38
52 43
52 44
52 46
53 2
53 17
53 18
53 19
53 21
53 24
53 30
53 32
53 35
53 42
53 57
53 59
54 0
54 4
54 8
54 14
54 22
54 23
54 27
54 32
54 34
54 35
54 38
54 39
54 41
54 44
54 46
54 51
54 53
54 55
54 58
55 1
55 9
55 23
55 33
55 34
55 36
55 47
56 4
56 15
56 16
56 17
56 19
56 20
56 33
56 36
56 38
56 43
56 52
57 8
57 10
57 12
57 24
57 30
57 35
57 45
57 47
57 49
58 1
58 6
58 13
58 14
58 15
58 22
58 27
58 28
58 29
58 49
58 50
58 57
59 11
59 16
59 19
59 24
59 26
59 35
59 39
59 40
59 45
