75
0 6
0 8
0 11
0 19
0 20
0 26
0 32
0 34
0 48
0 62
0 67
0 74
1 13
1 14
1 22
1 27
1 28
1 29
1 40
1 41
1 55
1 57
1 61
1 66
1 71
1 72
2 8
2 18
2 28
2 34
2 35
2 38
2 40
2 41
2 42
2 52
2 62
2 67
2 68
3 2
3 12
3 14
3 29
3 31
3 34
3 36
3 51
3 52
3 56
3 58
4 5
4 9
4 12
4 20
4 22
4 25
4 28
4 37
4 39
4 46
4 47
4 49
4 61
4 62
4 70
5 0
5 15
5 25
5 34
5 37
5 47
5 54
5 55
5 59
5 62
5 64
5 66
5 67
5 73
6 0
6 9
6 13
6 23
6 30
6 32
6 35
6 45
6 49
6 55
6 59
6 60
6 61
6 73
7 5
7 6
7 12
7 17
7 25
7 28
7 40
7 53
7 55
7 65
7 72
8 4
8 6
8 14
8 15
8 21
8 37
8 40
8 48
8 52
8 54
8 55
8 58
8 60
8 65
9 0
9 3
9 6
9 8
9 13
9 15
9 16
9 22
9 24
9 33
9 35
9 47
9 49
9 67
9 68
9 71
9 72
10 12
10 13
10 21
10 22
10 25
10 28
10 33
10 38
10 39
10 44
10 50
10 53
10 63
10 71
11 3
11 16
11 18
11 30
11 33
11 34
11 46
11 48
11 52
11 53
11 61
11 72
12 0
12 1
12 4
12 17
12 22
12 29
12 32
12 54
12 58
12 60
12 69
12 70
13 0
13 1
13 4
13 16
13 37
13 38
13 45
13 46
13 49
13 51
13 53
13 57
13 58
13 72
14 1
14 2
14 6
14 7
14 12
14 30
14 38
14 45
14 46
14 55
14 59
14 61
14 62
14 72
14 73
15 2
15 8
15 16
15 19
15 32
15 33
15 40
15 45
15 48
15 51
15 53
15 55
15 62
15 64
15 69
15 70
16 5
16 13
16 14
16 27
16 30
16 31
16 42
16 44
16 50
16 52
16 57
16 59
16 68
16 71
17 11
17 21
17 29
17 32
17 33
17 35
17 42
17 43
17 45
17 55
17 56
17 57
17 60
17 68
17 71
17 72
18 10
18 12
18 16
18 19
18 38
18 52
18 54
18 62
18 66
18 69
18 74
19 5
19 11
19 12
19 15
19 27
19 29
19 30
19 36
19 40
19 42
19 43
19 49
19 55
19 60
19 62
19 72
19 74
20 8
20 11
20 22
20 25
20 29
20 33
20 35
20 37
20 38
20 50
20 59
20 60
20 67
21 2
21 5
21 16
21 19
21 26
21 31
21 36
21 43
21 49
21 53
21 55
21 56
21 57
21 62
21 65
21 69
21 74
22 3
22 4
22 10
22 12
22 15
22 16
22 17
22 18
22 25
22 31
22 38
22 39
22 46
22 50
22 52
22 54
22 63
22 74
23 1
23 4
23 7
23 12
23 16
23 17
23 19
23 21
23 25
23 39
23 41
23 42
23 45
23 54
23 55
23 63
23 68
24 1
24 7
24 19
24 20
24 22
24 23
24 26
24 27
24 34
24 44
24 46
24 66
25 14
25 16
25 23
25 28
25 34
25 45
25 48
25 49
25 53
25 58
25 67
26 5
26 9
26 12
26 18
26 24
26 25
26 27
26 30
26 31
26 34
26 41
26 54
26 71
27 5
27 9
27 23
27 24
27 25
27 26
27 35
27 48
27 55
27 57
27 58
27 60
27 62
27 71
27 72
27 74
28 7
28 13
28 15
28 18
28 22
28 25
28 30
28 31
28 35
28 37
28 50
28 53
28 60
28 63
28 67
28 69
29 0
29 9
29 14
29 17
29 19
29 20
29 21
29 22
29 34
29 35
29 39
29 43
29 51
29 52
29 56
29 59
29 62
29 69
29 70
30 1
30 11
30 14
30 15
30 21
30 26
30 27
30 28
30 36
30 44
30 48
30 50
30 57
30 70
31 1
31 4
31 5
31 7
31 9
31 30
31 38
31 47
31 48
31 55
31 68
31 69
31 72
31 74
32 18
32 19
32 21
32 31
32 50
32 53
32 54
32 55
32 56
32 57
32 64
32 65
32 71
32 72
33 7
33 15
33 30
33 36
33 58
33 61
33 65
33 66
33 67
33 73
34 0
34 1
34 4
34 10
34 17
34 21
34 26
34 29
34 32
34 36
34 41
34 54
34 55
34 61
34 64
34 67
35 15
35 26
35 31
35 37
35 41
35 46
35 49
35 53
35 59
35 68
35 69
35 72
36 9
36 10
36 23
36 30
36 34
36 35
36 37
36 48
36 51
36 54
36 56
36 57
36 60
36 62
36 63
36 67
37 5
37 10
37 19
37 25
37 30
37 31
37 40
37 49
37 59
37 68
37 72
38 5
38 14
38 23
38 37
38 39
38 40
38 45
38 57
38 59
38 61
38 62
38 70
39 2
39 7
39 13
39 16
39 18
39 25
39 41
39 46
39 51
39 58
39 63
40 5
40 6
40 11
40 13
40 15
40 24
40 30
40 36
40 38
40 69
40 72
41 0
41 1
41 10
41 11
41 12
41 15
41 23
41 25
41 27
41 31
41 38
41 58
41 62
41 63
41 64
42 0
42 3
42 6
42 7
42 12
42 19
42 20
42 23
42 25
42 37
42 52
42 57
42 62
42 64
42 65
42 66
42 67
42 70
42 72
43 5
43 7
43 13
43 19
43 30
43 36
43 42
43 44
43 50
43 52
43 54
43 56
43 58
43 59
43 60
43 63
43 67
43 71
43 72
43 74
44 4
44 5
44 25
44 29
44 32
44 36
44 37
44 41
44 45
44 52
44 53
44 54
44 59
44 60
44 65
44 68
45 20
45 23
45 24
45 42
45 48
45 51
45 60
45 62
45 65
46 0
46 1
46 3
46 4
46 5
46 9
46 15
46 17
46 22
46 24
46 33
46 40
46 42
46 43
46 49
46 51
46 54
46 55
46 59
47 0
47 5
47 6
47 13
47 23
47 25
47 29
47 40
47 41
47 45
47 49
47 59
47 64
47 69
47 70
47 71
47 73
48 3
48 9
48 24
48 27
48 28
48 29
48 31
48 36
48 37
48 47
48 55
48 56
48 57
48 59
48 62
48 74
49 2
49 12
49 13
49 22
49 23
49 27
49 36
49 37
49 39
49 44
49 46
49 48
49 67
50 11
50 20
50 23
50 27
50 32
50 35
50 36
50 39
50 48
50 54
50 57
50 58
50 60
50 62
50 63
50 65
50 66
50 67
50 68
51 15
51 20
51 21
51 22
51 28
51 32
51 38
51 48
51 58
51 63
51 70
51 71
51 74
52 4
52 7
52 8
52 16
52 20
52 21
52 31
52 33
52 39
52 47
53 6
53 10
53 13
53 18
53 25
53 27
53 31
53 34
53 42
53 45
53 47
53 74
54 13
54 14
54 16
54 17
54 23
54 28
54 31
54 36
54 37
54 39
54 40
54 45
54 53
54 58
54 60
54 69
55 0
55 11
55 28
55 33
55 34
55 38
55 40
55 41
55 44
55 46
55 50
55 61
55 62
55 69
55 72
56 3
56 15
56 25
56 26
56 27
56 29
56 33
56 47
56 51
56 57
56 61
56 62
56 63
56 69
56 72
56 73
56 74
57 7
57 8
57 10
57 21
57 23
57 26
57 31
57 36
57 38
57 41
57 51
57 54
57 60
57 66
57 67
57 70
57 74
58 2
58 7
58 43
58 45
58 47
58 50
58 64
58 72
59 2
59 7
59 9
59 12
59 15
59 18
59 20
59 26
59 32
59 38
59 40
59 55
59 60
59 65
59 69
60 0
60 6
60 7
60 11
60 15
60 28
60 30
60 35
60 51
60 56
60 57
60 59
60 61
60 63
60 65
60 69
61 3
61 7
61 9
61 11
61 14
61 16
61 17
61 19
61 27
61 44
61 68
61 69
61 74
62 0
62 10
62 12
62 16
62 18
62 26
62 27
62 37
62 44
62 53
62 54
62 69
62 73
63 8
63 19
63 20
63 26
63 27
63 36
63 37
63 41
63 57
63 59
63 65
63 66
64 4
64 14
64 17
64 19
64 20
64 28
64 31
64 36
64 37
64 41
64 44
64 53
64 61
64 66
64 68
65 1
65 3
65 6
65 12
65 32
65 40
65 45
65 49
65 59
65 63
65 67
65 71
65 74
66 11
66 13
66 14
66 18
66 33
66 39
66 41
66 54
66 67
66 69
66 70
66 74
67 2
67 8
67 13
67 18
67 24
67 25
67 38
67 44
67 52
67 56
67 61
67 69
67 71
68 0
68 1
68 5
68 11
68 12
68 18
68 23
68 26
68 34
68 39
68 52
68 56
68 59
68 61
68 72
69 1
69 11
69 13
69 16
69 18
69 22
69 27
69 28
69 29
69 33
69 44
69 46
69 51
69 52
69 56
69 66
69 68
70 4
70 5
70 9
70 22
70 26
70 31
70 34
70 39
70 41
70 43
70 51
70 55
70 61
70 65
70 71
70 73
71 13
71 19
71 25
71 31
71 32
71 37
71 53
71 59
71 60
71 62
71 68
71 69
72 6
72 12
72 14
72 26
72 29
72 41
72 52
72 53
72 57
72 59
72 67
72 71
73 5
73 9
73 10
73 12
73 13
73 17
73 19
73 20
73 21
73 23
73 25
73 30
73 46
73 58
73 60
73 63
73 69
74 1
74 2
74 5
74 6
74 10
74 13
74 16
74 20
74 23
74 27
74 29
74 31
74 33
74 40
74 41
74 43
74 48
74 50
74 51
74 52
74 53
74 55
74 61
74 65
74 68
