255
0 6
0 9
0 13
0 14
0 19
0 21
0 23
0 24
0 31
0 33
0 38
0 45
0 54
0 55
0 58
0 60
0 66
0 67
0 72
0 74
0 77
0 78
0 83
0 102
0 104
0 105
0 109
0 110
0 118
0 122
0 131
0 136
0 137
0 142
0 144
0 154
0 165
0 167
0 168
0 172
0 180
0 181
0 183
0 186
0 198
0 204
0 206
0 209
0 214
0 217
0 223
0 226
0 245
0 248
1 0
1 10
1 12
1 16
1 22
1 31
1 37
1 46
1 47
1 49
1 59
1 63
1 67
1 80
1 81
1 84
1 94
1 99
1 102
1 105
1 107
1 108
1 112
1 128
1 132
1 134
1 135
1 138
1 141
1 143
1 145
1 151
1 152
1 166
1 169
1 172
1 174
1 187
1 197
1 198
1 204
1 209
1 215
1 217
1 220
1 227
1 231
1 234
1 245
1 252
1 254
2 16
2 26
2 30
2 31
2 32
2 45
2 57
2 59
2 60
2 61
2 64
2 65
2 68
2 75
2 76
2 83
2 94
2 95
2 99
2 100
2 102
2 103
2 114
2 119
2 120
2 123
2 125
2 139
2 144
2 149
2 151
2 154
2 164
2 181
2 190
2 192
2 205
2 207
2 210
2 218
2 220
2 223
2 224
2 226
2 227
2 233
2 237
2 241
2 243
2 244
2 247
2 248
3 6
3 10
3 14
3 27
3 30
3 34
3 38
3 41
3 46
3 48
3 50
3 54
3 78
3 90
3 94
3 100
3 116
3 124
3 126
3 133
3 134
3 138
3 140
3 149
3 150
3 164
3 166
3 171
3 174
3 175
3 176
3 183
3 203
3 204
3 205
3 218
3 229
3 231
3 237
3 238
3 239
3 243
3 246
3 247
3 253
4 3
4 7
4 9
4 10
4 15
4 22
4 23
4 28
4 29
4 36
4 39
4 48
4 63
4 72
4 78
4 83
4 88
4 92
4 108
4 111
4 112
4 114
4 115
4 124
4 128
4 132
4 150
4 158
4 163
4 178
4 179
4 193
4 195
4 198
4 199
4 200
4 205
4 209
4 212
4 215
4 218
4 222
4 226
4 242
4 246
4 248
4 253
5 10
5 11
5 18
5 21
5 36
5 40
5 45
5 49
5 50
5 56
5 58
5 61
5 62
5 79
5 82
5 92
5 100
5 102
5 112
5 116
5 117
5 121
5 123
5 125
5 127
5 131
5 134
5 139
5 142
5 149
5 150
5 151
5 154
5 157
5 163
5 165
5 167
5 168
5 171
5 177
5 181
5 183
5 193
5 194
5 195
5 196
5 199
5 206
5 213
5 219
5 227
5 234
5 249
5 252
6 3
6 4
6 8
6 10
6 28
6 33
6 40
6 41
6 42
6 65
6 70
6 78
6 80
6 98
6 99
6 100
6 110
6 115
6 124
6 126
6 127
6 130
6 136
6 145
6 151
6 155
6 161
6 162
6 163
6 165
6 167
6 172
6 183
6 188
6 192
6 193
6 206
6 213
6 229
6 232
6 236
6 237
6 238
6 242
6 247
6 252
7 3
7 4
7 8
7 17
7 19
7 20
7 23
7 41
7 44
7 45
7 53
7 57
7 62
7 66
7 73
7 75
7 77
7 94
7 95
7 97
7 108
7 111
7 113
7 120
7 124
7 131
7 135
7 138
7 140
7 144
7 146
7 149
7 167
7 174
7 177
7 187
7 188
7 193
7 198
7 199
7 204
7 205
7 212
7 216
7 221
7 222
7 230
7 238
7 240
7 241
7 243
7 249
7 251
8 0
8 1
8 3
8 7
8 15
8 19
8 20
8 25
8 29
8 37
8 41
8 43
8 44
8 52
8 58
8 60
8 61
8 72
8 83
8 84
8 90
8 93
8 100
8 105
8 110
8 112
8 116
8 124
8 125
8 128
8 132
8 137
8 145
8 146
8 166
8 176
8 182
8 194
8 198
8 200
8 202
8 208
8 219
8 229
8 230
8 231
8 236
8 237
8 239
8 244
8 245
8 248
8 249
8 251
9 5
9 15
9 21
9 26
9 30
9 52
9 54
9 59
9 60
9 62
9 63
9 64
9 76
9 77
9 80
9 87
9 92
9 100
9 111
9 117
9 126
9 127
9 129
9 132
9 133
9 134
9 140
9 142
9 148
9 150
9 153
9 155
9 158
9 159
9 163
9 166
9 169
9 173
9 178
9 190
9 194
9 195
9 205
9 206
9 209
9 210
9 211
9 213
9 218
9 221
9 230
9 234
9 235
9 238
9 241
9 243
9 244
9 246
9 251
10 11
10 16
10 17
10 25
10 43
10 45
10 48
10 50
10 52
10 53
10 57
10 59
10 71
10 79
10 86
10 88
10 90
10 91
10 93
10 96
10 107
10 115
10 122
10 127
10 128
10 132
10 143
10 152
10 154
10 156
10 160
10 168
10 173
10 176
10 192
10 201
10 202
10 208
10 216
10 219
10 223
10 240
10 242
10 247
10 251
10 252
10 253
11 0
11 20
11 23
11 26
11 31
11 32
11 39
11 47
11 50
11 52
11 56
11 59
11 64
11 73
11 75
11 93
11 99
11 102
11 110
11 115
11 118
11 119
11 120
11 131
11 132
11 137
11 142
11 148
11 150
11 152
11 155
11 156
11 157
11 166
11 167
11 171
11 177
11 185
11 191
11 192
11 195
11 196
11 197
11 200
11 201
11 202
11 205
11 208
11 213
11 218
11 222
11 223
11 228
11 229
11 241
11 249
11 250
11 251
11 252
12 1
12 2
12 5
12 20
12 22
12 23
12 27
12 60
12 61
12 68
12 70
12 82
12 85
12 90
12 92
12 93
12 104
12 110
12 117
12 140
12 149
12 151
12 168
12 175
12 178
12 205
12 207
12 220
12 224
12 225
12 227
12 229
12 230
12 244
12 246
12 251
12 252
13 3
13 10
13 19
13 22
13 23
13 28
13 31
13 32
13 44
13 47
13 50
13 53
13 59
13 63
13 74
13 83
13 88
13 92
13 94
13 95
13 104
13 111
13 116
13 131
13 132
13 143
13 160
13 164
13 170
13 173
13 178
13 184
13 187
13 192
13 195
13 196
13 198
13 207
13 209
13 214
13 216
13 217
13 221
13 226
13 227
13 229
13 235
13 238
13 240
13 244
13 246
13 250
13 252
14 1
14 10
14 16
14 19
14 22
14 37
14 40
14 43
14 50
14 55
14 60
14 65
14 66
14 72
14 83
14 87
14 88
14 89
14 101
14 103
14 105
14 114
14 115
14 118
14 119
14 131
14 138
14 151
14 174
14 175
14 183
14 185
14 197
14 198
14 200
14 221
14 229
14 241
14 245
15 3
15 8
15 10
15 27
15 34
15 35
15 37
15 44
15 47
15 48
15 52
15 56
15 61
15 76
15 83
15 86
15 94
15 96
15 99
15 103
15 110
15 114
15 115
15 116
15 117
15 118
15 123
15 127
15 131
15 141
15 145
15 147
15 156
15 159
15 161
15 163
15 169
15 177
15 179
15 183
15 186
15 188
15 191
15 198
15 201
15 202
15 216
15 222
15 226
15 230
15 236
15 244
15 251
15 252
16 0
16 9
16 12
16 13
16 25
16 34
16 39
16 42
16 45
16 46
16 48
16 51
16 57
16 66
16 73
16 74
16 75
16 79
16 96
16 97
16 100
16 101
16 103
16 111
16 112
16 113
16 117
16 124
16 130
16 135
16 150
16 153
16 155
16 156
16 162
16 163
16 164
16 165
16 172
16 173
16 178
16 181
16 182
16 188
16 219
16 223
16 227
16 235
16 236
16 240
16 245
16 252
17 12
17 15
17 20
17 34
17 38
17 45
17 48
17 50
17 54
17 55
17 58
17 84
17 87
17 91
17 94
17 96
17 102
17 103
17 108
17 113
17 115
17 116
17 120
17 123
17 127
17 131
17 134
17 137
17 139
17 143
17 144
17 157
17 159
17 166
17 171
17 177
17 180
17 187
17 189
17 195
17 198
17 199
17 202
17 206
17 207
17 209
17 210
17 213
17 225
17 230
17 238
17 242
17 243
17 247
18 2
18 6
18 14
18 25
18 28
18 34
18 37
18 41
18 43
18 46
18 55
18 63
18 70
18 72
18 77
18 79
18 83
18 89
18 90
18 102
18 104
18 116
18 122
18 125
18 137
18 138
18 140
18 146
18 156
18 160
18 161
18 171
18 194
18 199
18 203
18 208
18 210
18 212
18 220
18 221
18 226
18 234
18 236
18 241
18 242
18 243
18 250
18 253
18 254
19 0
19 6
19 16
19 36
19 39
19 41
19 43
19 44
19 47
19 50
19 53
19 58
19 64
19 71
19 72
19 79
19 86
19 90
19 91
19 95
19 99
19 101
19 104
19 105
19 112
19 118
19 120
19 124
19 128
19 129
19 137
19 138
19 143
19 147
19 156
19 159
19 165
19 169
19 176
19 178
19 183
19 187
19 204
19 224
19 232
19 241
19 247
20 11
20 32
20 39
20 42
20 45
20 47
20 49
20 54
20 62
20 63
20 64
20 67
20 68
20 69
20 95
20 97
20 99
20 100
20 110
20 120
20 128
20 132
20 139
20 141
20 143
20 144
20 157
20 162
20 168
20 169
20 179
20 181
20 185
20 198
20 199
20 203
20 207
20 209
20 220
20 223
20 234
20 239
20 243
20 244
20 247
20 248
20 250
20 252
21 6
21 10
21 18
21 20
21 22
21 25
21 34
21 40
21 41
21 42
21 44
21 47
21 51
21 53
21 55
21 56
21 60
21 64
21 74
21 82
21 84
21 91
21 96
21 98
21 105
21 114
21 118
21 125
21 126
21 137
21 144
21 150
21 152
21 160
21 176
21 186
21 191
21 192
21 197
21 200
21 205
21 206
21 211
21 217
21 218
21 221
21 222
21 224
21 228
21 236
21 237
21 241
21 244
21 247
21 251
22 0
22 2
22 7
22 14
22 19
22 23
22 24
22 26
22 30
22 34
22 37
22 41
22 52
22 54
22 59
22 65
22 88
22 90
22 91
22 92
22 96
22 103
22 106
22 112
22 113
22 114
22 118
22 127
22 128
22 132
22 134
22 141
22 143
22 146
22 156
22 161
22 177
22 182
22 187
22 191
22 194
22 197
22 203
22 207
22 208
22 219
22 224
22 237
22 253
23 5
23 9
23 13
23 14
23 18
23 20
23 24
23 26
23 27
23 30
23 33
23 38
23 41
23 42
23 49
23 53
23 60
23 62
23 63
23 72
23 81
23 86
23 91
23 94
23 95
23 99
23 109
23 115
23 122
23 124
23 129
23 138
23 139
23 143
23 154
23 162
23 166
23 168
23 175
23 178
23 184
23 185
23 189
23 191
23 192
23 194
23 199
23 203
23 205
23 213
23 216
23 217
23 225
23 227
23 234
23 235
23 236
23 250
24 3
24 5
24 14
24 32
24 34
24 35
24 36
24 40
24 41
24 58
24 62
24 64
24 66
24 69
24 83
24 86
24 88
24 89
24 96
24 107
24 108
24 133
24 137
24 142
24 168
24 170
24 184
24 186
24 189
24 190
24 194
24 199
24 225
24 226
24 227
24 228
24 238
24 243
24 250
24 253
25 5
25 9
25 19
25 21
25 29
25 32
25 49
25 56
25 58
25 70
25 72
25 74
25 78
25 79
25 81
25 82
25 83
25 103
25 115
25 123
25 125
25 126
25 138
25 140
25 146
25 149
25 150
25 160
25 165
25 170
25 180
25 181
25 182
25 183
25 191
25 198
25 202
25 210
25 211
25 217
25 218
25 228
25 229
25 231
25 238
25 245
25 246
25 248
25 251
25 253
26 14
26 15
26 16
26 20
26 23
26 25
26 40
26 67
26 75
26 83
26 84
26 91
26 92
26 93
26 95
26 101
26 104
26 105
26 116
26 123
26 124
26 128
26 132
26 140
26 141
26 142
26 148
26 152
26 178
26 181
26 182
26 184
26 186
26 187
26 190
26 197
26 199
26 211
26 213
26 217
26 226
26 228
26 230
26 233
26 237
26 238
26 242
27 5
27 13
27 15
27 18
27 19
27 30
27 31
27 46
27 52
27 54
27 57
27 58
27 60
27 66
27 67
27 68
27 70
27 72
27 92
27 97
27 104
27 108
27 112
27 113
27 114
27 116
27 122
27 123
27 126
27 127
27 130
27 133
27 135
27 137
27 141
27 155
27 158
27 164
27 165
27 166
27 177
27 183
27 194
27 203
27 205
27 209
27 211
27 228
27 231
27 235
27 248
27 254
28 0
28 8
28 11
28 18
28 20
28 29
28 30
28 33
28 39
28 42
28 46
28 59
28 61
28 62
28 63
28 65
28 66
28 77
28 86
28 93
28 95
28 104
28 105
28 111
28 113
28 114
28 118
28 119
28 123
28 127
28 128
28 139
28 140
28 161
28 170
28 172
28 175
28 184
28 193
28 197
28 201
28 203
28 206
28 210
28 211
28 214
28 215
28 216
28 217
28 225
28 229
28 231
28 240
28 248
28 249
28 252
28 253
28 254
29 0
29 10
29 11
29 12
29 15
29 21
29 22
29 27
29 32
29 36
29 49
29 51
29 52
29 58
29 73
29 75
29 76
29 77
29 84
29 87
29 89
29 95
29 101
29 109
29 121
29 123
29 124
29 126
29 138
29 147
29 148
29 151
29 161
29 162
29 165
29 167
29 170
29 183
29 187
29 189
29 196
29 197
29 201
29 202
29 204
29 207
29 210
29 218
29 224
29 227
29 231
29 247
30 4
30 17
30 39
30 48
30 51
30 52
30 53
30 55
30 65
30 72
30 75
30 92
30 93
30 96
30 97
30 105
30 106
30 115
30 120
30 122
30 125
30 127
30 133
30 140
30 148
30 150
30 153
30 159
30 161
30 163
30 164
30 165
30 167
30 168
30 172
30 174
30 177
30 178
30 182
30 184
30 185
30 202
30 204
30 207
30 215
30 216
30 219
30 222
30 240
30 242
30 243
30 244
31 1
31 8
31 9
31 10
31 11
31 14
31 19
31 28
31 37
31 39
31 52
31 54
31 57
31 59
31 60
31 65
31 74
31 79
31 95
31 97
31 100
31 108
31 116
31 124
31 128
31 133
31 134
31 158
31 170
31 175
31 177
31 178
31 179
31 180
31 182
31 183
31 192
31 196
31 197
31 199
31 218
31 223
31 227
31 234
31 240
31 246
31 254
32 3
32 6
32 14
32 15
32 18
32 29
32 40
32 41
32 50
32 59
32 68
32 72
32 87
32 92
32 93
32 99
32 108
32 123
32 134
32 136
32 144
32 145
32 147
32 162
32 168
32 170
32 176
32 177
32 178
32 181
32 188
32 203
32 211
32 217
32 220
32 225
32 233
32 239
32 241
32 251
33 1
33 3
33 6
33 9
33 23
33 48
33 55
33 56
33 66
33 73
33 78
33 81
33 83
33 84
33 90
33 104
33 106
33 109
33 110
33 113
33 114
33 116
33 122
33 123
33 127
33 128
33 129
33 132
33 138
33 149
33 156
33 157
33 161
33 170
33 171
33 173
33 176
33 178
33 180
33 194
33 196
33 200
33 201
33 203
33 204
33 209
33 217
33 220
33 221
33 226
33 227
33 233
33 240
34 4
34 10
34 11
34 12
34 20
34 25
34 29
34 32
34 38
34 45
34 47
34 49
34 57
34 68
34 72
34 85
34 90
34 91
34 97
34 114
34 127
34 128
34 132
34 133
34 136
34 138
34 143
34 144
34 146
34 154
34 161
34 162
34 172
34 182
34 183
34 190
34 191
34 196
34 198
34 203
34 205
34 214
34 223
34 226
34 239
34 241
34 248
34 249
35 1
35 2
35 6
35 11
35 28
35 31
35 37
35 39
35 42
35 43
35 52
35 58
35 59
35 60
35 68
35 75
35 78
35 80
35 85
35 88
35 91
35 102
35 110
35 113
35 114
35 119
35 137
35 141
35 144
35 145
35 148
35 157
35 166
35 169
35 178
35 180
35 181
35 185
35 186
35 191
35 204
35 205
35 212
35 219
35 224
35 225
35 232
35 233
35 235
35 241
35 243
35 254
36 0
36 2
36 5
36 9
36 13
36 18
36 21
36 24
36 26
36 27
36 31
36 42
36 43
36 45
36 46
36 59
36 67
36 68
36 77
36 82
36 89
36 91
36 102
36 104
36 106
36 107
36 114
36 130
36 131
36 132
36 135
36 136
36 137
36 139
36 141
36 143
36 154
36 158
36 160
36 163
36 167
36 171
36 174
36 176
36 185
36 186
36 188
36 191
36 192
36 194
36 195
36 196
36 197
36 202
36 203
36 204
36 211
36 235
36 250
37 4
37 13
37 14
37 18
37 26
37 34
37 48
37 50
37 51
37 55
37 57
37 58
37 60
37 61
37 63
37 64
37 65
37 66
37 72
37 75
37 78
37 81
37 82
37 83
37 93
37 95
37 103
37 108
37 113
37 121
37 123
37 131
37 133
37 137
37 140
37 141
37 144
37 159
37 162
37 166
37 173
37 179
37 184
37 187
37 211
37 216
37 222
37 227
37 231
37 239
37 240
37 252
37 253
37 254
38 1
38 2
38 7
38 14
38 24
38 25
38 30
38 36
38 41
38 44
38 49
38 52
38 57
38 60
38 63
38 76
38 77
38 81
38 82
38 83
38 85
38 86
38 88
38 89
38 92
38 94
38 99
38 103
38 110
38 111
38 112
38 113
38 119
38 125
38 126
38 142
38 153
38 163
38 164
38 170
38 175
38 178
38 183
38 185
38 186
38 194
38 205
38 209
38 214
38 215
38 218
38 221
38 233
38 234
38 235
38 238
38 246
38 251
38 252
39 0
39 1
39 7
39 13
39 18
39 19
39 28
39 30
39 42
39 44
39 45
39 50
39 54
39 55
39 59
39 82
39 83
39 86
39 89
39 93
39 94
39 99
39 104
39 107
39 112
39 122
39 129
39 136
39 139
39 141
39 143
39 156
39 158
39 160
39 164
39 174
39 181
39 184
39 186
39 206
39 213
39 216
39 221
39 223
39 224
39 227
39 228
39 235
39 239
39 244
39 252
40 3
40 6
40 12
40 15
40 29
40 31
40 32
40 35
40 43
40 50
40 53
40 54
40 57
40 62
40 67
40 68
40 78
40 89
40 90
40 92
40 99
40 101
40 103
40 104
40 113
40 119
40 120
40 121
40 125
40 126
40 134
40 137
40 152
40 153
40 162
40 165
40 167
40 173
40 185
40 194
40 200
40 205
40 211
40 212
40 215
40 225
40 229
40 243
40 245
40 249
40 250
41 6
41 13
41 14
41 19
41 29
41 31
41 36
41 37
41 38
41 43
41 49
41 51
41 52
41 54
41 61
41 67
41 69
41 70
41 72
41 83
41 86
41 103
41 105
41 111
41 127
41 132
41 144
41 147
41 148
41 150
41 151
41 157
41 160
41 161
41 162
41 164
41 174
41 175
41 179
41 185
41 187
41 191
41 192
41 226
41 239
41 241
41 246
41 247
41 249
41 253
42 2
42 3
42 16
42 18
42 21
42 25
42 26
42 31
42 32
42 33
42 37
42 38
42 52
42 53
42 56
42 62
42 64
42 71
42 75
42 84
42 86
42 88
42 89
42 95
42 98
42 99
42 100
42 102
42 105
42 109
42 110
42 112
42 118
42 119
42 124
42 130
42 135
42 137
42 138
42 141
42 145
42 155
42 157
42 160
42 178
42 179
42 180
42 185
42 191
42 201
42 202
42 213
42 215
42 217
42 220
42 226
42 227
42 228
42 232
42 236
42 238
42 239
42 244
43 17
43 26
43 30
43 38
43 40
43 48
43 56
43 66
43 83
43 84
43 87
43 89
43 95
43 96
43 98
43 106
43 107
43 109
43 111
43 112
43 114
43 129
43 132
43 136
43 140
43 142
43 144
43 146
43 148
43 152
43 155
43 164
43 171
43 188
43 194
43 206
43 210
43 211
43 216
43 219
43 226
43 231
43 233
43 237
43 249
43 253
44 6
44 8
44 9
44 14
44 15
44 22
44 28
44 32
44 36
44 43
44 45
44 49
44 53
44 63
44 64
44 66
44 71
44 72
44 74
44 77
44 89
44 97
44 98
44 103
44 104
44 106
44 109
44 110
44 112
44 114
44 130
44 132
44 144
44 145
44 149
44 150
44 155
44 174
44 188
44 190
44 191
44 194
44 196
44 197
44 198
44 210
44 216
44 223
44 235
44 241
44 243
44 247
44 252
45 2
45 16
45 18
45 19
45 20
45 26
45 27
45 29
45 32
45 35
45 49
45 58
45 66
45 71
45 72
45 73
45 74
45 76
45 78
45 88
45 96
45 98
45 115
45 118
45 121
45 122
45 126
45 134
45 138
45 139
45 141
45 143
45 151
45 154
45 158
45 162
45 166
45 171
45 174
45 175
45 180
45 181
45 186
45 192
45 193
45 195
45 202
45 210
45 213
45 218
45 234
45 237
45 238
45 248
45 249
45 253
46 3
46 11
46 18
46 22
46 31
46 54
46 56
46 60
46 65
46 66
46 67
46 69
46 76
46 78
46 81
46 100
46 102
46 104
46 106
46 108
46 109
46 114
46 122
46 123
46 126
46 132
46 138
46 146
46 159
46 161
46 163
46 166
46 178
46 186
46 187
46 202
46 203
46 205
46 217
46 221
46 224
46 228
46 229
46 235
46 251
47 0
47 7
47 13
47 15
47 33
47 36
47 38
47 40
47 76
47 86
47 91
47 104
47 107
47 109
47 110
47 113
47 114
47 117
47 123
47 127
47 135
47 143
47 149
47 150
47 160
47 161
47 162
47 163
47 168
47 178
47 189
47 191
47 206
47 208
47 210
47 214
47 215
47 222
47 223
47 228
47 229
47 230
47 236
47 237
47 240
47 244
47 248
47 252
48 0
48 1
48 2
48 4
48 8
48 14
48 16
48 23
48 28
48 32
48 33
48 36
48 40
48 44
48 52
48 65
48 66
48 71
48 77
48 79
48 85
48 88
48 91
48 97
48 101
48 107
48 113
48 119
48 133
48 142
48 144
48 155
48 156
48 160
48 161
48 168
48 173
48 174
48 187
48 198
48 201
48 213
48 221
48 222
48 228
48 233
48 239
48 246
48 247
48 250
48 253
49 8
49 15
49 16
49 17
49 24
49 25
49 32
49 40
49 43
49 45
49 48
49 54
49 55
49 60
49 73
49 78
49 83
49 90
49 92
49 93
49 94
49 97
49 103
49 120
49 127
49 129
49 133
49 134
49 135
49 136
49 138
49 149
49 153
49 154
49 155
49 159
49 161
49 163
49 170
49 172
49 174
49 175
49 178
49 181
49 189
49 199
49 201
49 209
49 210
49 212
49 223
49 227
49 230
49 245
49 247
49 252
50 0
50 1
50 15
50 16
50 17
50 24
50 26
50 33
50 39
50 41
50 42
50 45
50 54
50 56
50 68
50 74
50 75
50 77
50 79
50 83
50 87
50 88
50 92
50 94
50 100
50 116
50 125
50 129
50 138
50 140
50 149
50 154
50 162
50 164
50 167
50 172
50 178
50 179
50 184
50 187
50 188
50 195
50 200
50 211
50 217
50 218
50 219
50 232
50 239
50 241
50 251
51 2
51 3
51 4
51 7
51 15
51 26
51 50
51 54
51 64
51 65
51 67
51 68
51 72
51 73
51 78
51 79
51 83
51 84
51 85
51 92
51 99
51 100
51 112
51 118
51 121
51 127
51 128
51 130
51 139
51 141
51 142
51 143
51 146
51 152
51 153
51 157
51 166
51 167
51 173
51 180
51 182
51 188
51 212
51 213
51 219
51 228
51 232
51 236
51 237
51 238
51 239
51 240
51 246
51 247
51 248
51 251
52 5
52 6
52 10
52 15
52 17
52 19
52 20
52 21
52 23
52 25
52 26
52 27
52 31
52 33
52 34
52 37
52 40
52 41
52 42
52 48
52 59
52 63
52 73
52 77
52 78
52 88
52 89
52 100
52 102
52 104
52 114
52 117
52 122
52 127
52 129
52 140
52 142
52 148
52 154
52 159
52 164
52 169
52 171
52 173
52 181
52 182
52 198
52 216
52 219
52 222
52 231
52 232
52 234
52 242
52 247
52 249
52 251
53 0
53 9
53 14
53 17
53 34
53 38
53 44
53 54
53 57
53 68
53 73
53 75
53 78
53 83
53 86
53 92
53 93
53 103
53 107
53 108
53 109
53 111
53 126
53 136
53 145
53 150
53 155
53 160
53 167
53 169
53 173
53 174
53 180
53 182
53 196
53 198
53 203
53 206
53 208
53 209
53 211
53 217
53 218
53 222
53 225
53 227
53 228
53 229
53 230
53 233
53 235
53 236
53 245
53 246
53 247
53 248
53 249
53 252
53 254
54 2
54 11
54 12
54 13
54 18
54 22
54 30
54 33
54 45
54 46
54 49
54 50
54 53
54 57
54 64
54 74
54 76
54 83
54 86
54 88
54 90
54 93
54 97
54 102
54 111
54 113
54 119
54 123
54 126
54 132
54 133
54 134
54 137
54 138
54 143
54 146
54 149
54 155
54 156
54 157
54 160
54 161
54 163
54 178
54 179
54 186
54 188
54 193
54 195
54 196
54 197
54 198
54 201
54 206
54 207
54 215
54 219
54 226
54 240
54 244
54 248
54 252
54 253
55 24
55 34
55 37
55 42
55 52
55 63
55 72
55 79
55 81
55 87
55 89
55 101
55 102
55 103
55 104
55 106
55 116
55 117
55 126
55 130
55 132
55 133
55 135
55 137
55 144
55 149
55 150
55 151
55 153
55 160
55 169
55 170
55 179
55 182
55 187
55 189
55 199
55 206
55 207
55 211
55 227
55 238
55 240
55 247
55 250
56 1
56 2
56 3
56 15
56 18
56 29
56 30
56 34
56 39
56 43
56 45
56 47
56 49
56 50
56 51
56 59
56 60
56 75
56 79
56 80
56 82
56 83
56 91
56 92
56 97
56 98
56 103
56 105
56 111
56 116
56 122
56 130
56 131
56 132
56 133
56 137
56 142
56 143
56 145
56 146
56 153
56 154
56 156
56 160
56 163
56 165
56 172
56 186
56 193
56 197
56 210
56 213
56 218
56 221
56 230
56 233
56 237
56 239
56 243
56 246
56 250
56 252
57 0
57 13
57 23
57 32
57 39
57 42
57 70
57 79
57 80
57 83
57 85
57 88
57 100
57 103
57 105
57 115
57 119
57 123
57 134
57 136
57 138
57 142
57 144
57 145
57 155
57 158
57 162
57 164
57 176
57 177
57 178
57 180
57 182
57 186
57 196
57 200
57 203
57 207
57 208
57 209
57 214
57 226
57 229
57 231
57 232
57 234
57 235
57 238
57 240
57 241
57 250
57 253
58 0
58 1
58 3
58 10
58 22
58 25
58 37
58 45
58 47
58 59
58 61
58 64
58 65
58 67
58 78
58 90
58 93
58 96
58 99
58 100
58 103
58 105
58 106
58 118
58 123
58 131
58 136
58 160
58 161
58 164
58 169
58 175
58 176
58 177
58 186
58 188
58 200
58 202
58 203
58 210
58 215
58 217
58 218
58 225
58 241
58 249
59 6
59 10
59 11
59 13
59 14
59 21
59 27
59 32
59 37
59 38
59 44
59 56
59 57
59 60
59 63
59 67
59 71
59 81
59 91
59 99
59 113
59 122
59 126
59 138
59 153
59 154
59 168
59 170
59 171
59 181
59 186
59 190
59 203
59 208
59 209
59 210
59 211
59 213
59 226
59 227
59 228
59 231
59 236
59 239
59 241
59 242
59 244
59 251
60 1
60 6
60 7
60 11
60 21
60 23
60 35
60 40
60 42
60 46
60 51
60 53
60 54
60 63
60 74
60 75
60 76
60 78
60 89
60 97
60 101
60 104
60 108
60 109
60 121
60 136
60 139
60 143
60 146
60 152
60 157
60 165
60 167
60 169
60 177
60 180
60 185
60 188
60 191
60 203
60 208
60 215
60 231
60 232
60 237
60 249
60 250
61 3
61 4
61 14
61 16
61 27
61 36
61 41
61 57
61 60
61 68
61 97
61 98
61 104
61 105
61 106
61 109
61 118
61 119
61 124
61 130
61 135
61 137
61 149
61 151
61 152
61 159
61 167
61 179
61 182
61 184
61 188
61 192
61 193
61 194
61 196
61 201
61 204
61 205
61 209
61 215
61 218
61 224
61 225
61 227
61 240
61 243
62 8
62 11
62 28
62 37
62 38
62 45
62 48
62 50
62 56
62 59
62 60
62 63
62 64
62 69
62 72
62 84
62 88
62 91
62 92
62 107
62 112
62 113
62 116
62 120
62 125
62 130
62 132
62 139
62 140
62 145
62 161
62 163
62 165
62 166
62 169
62 180
62 182
62 183
62 184
62 188
62 199
62 209
62 213
62 215
62 216
62 220
62 221
62 228
62 229
62 230
62 242
63 0
63 1
63 14
63 17
63 20
63 22
63 25
63 26
63 35
63 40
63 45
63 47
63 51
63 53
63 58
63 59
63 61
63 75
63 89
63 90
63 94
63 99
63 100
63 104
63 110
63 113
63 120
63 129
63 136
63 137
63 143
63 145
63 147
63 154
63 156
63 157
63 160
63 162
63 169
63 170
63 175
63 178
63 182
63 183
63 184
63 193
63 195
63 197
63 204
63 207
63 209
63 212
63 219
63 220
63 232
63 234
63 240
63 241
63 242
63 247
63 248
63 250
63 251
63 254
64 8
64 23
64 34
64 36
64 45
64 49
64 54
64 59
64 70
64 74
64 75
64 88
64 94
64 103
64 111
64 112
64 116
64 120
64 128
64 133
64 140
64 144
64 147
64 148
64 149
64 156
64 159
64 160
64 164
64 166
64 177
64 179
64 183
64 184
64 186
64 188
64 193
64 204
64 218
64 221
64 222
64 229
64 230
64 232
64 240
64 241
64 244
64 250
64 252
65 1
65 5
65 6
65 11
65 19
65 24
65 27
65 35
65 37
65 53
65 54
65 59
65 63
65 71
65 77
65 80
65 81
65 86
65 88
65 91
65 111
65 113
65 117
65 118
65 119
65 122
65 126
65 132
65 143
65 144
65 145
65 148
65 149
65 150
65 154
65 161
65 165
65 168
65 171
65 176
65 182
65 190
65 192
65 195
65 197
65 203
65 204
65 205
65 213
65 215
65 218
65 220
65 223
65 225
65 228
65 231
65 234
65 242
65 254
66 0
66 2
66 10
66 11
66 13
66 15
66 22
66 24
66 27
66 39
66 47
66 50
66 60
66 62
66 68
66 72
66 82
66 95
66 97
66 105
66 122
66 127
66 155
66 161
66 165
66 174
66 178
66 180
66 182
66 183
66 188
66 205
66 211
66 214
66 223
66 225
66 231
66 234
66 236
66 238
66 240
66 242
66 245
67 5
67 13
67 29
67 37
67 41
67 50
67 51
67 52
67 54
67 60
67 63
67 65
67 84
67 102
67 105
67 110
67 114
67 119
67 131
67 143
67 144
67 147
67 149
67 154
67 162
67 164
67 169
67 170
67 173
67 180
67 185
67 187
67 190
67 192
67 193
67 197
67 198
67 202
67 210
67 212
67 217
67 218
67 227
67 232
67 234
67 237
67 243
67 246
67 248
68 5
68 15
68 16
68 19
68 32
68 36
68 37
68 40
68 43
68 49
68 62
68 64
68 76
68 80
68 87
68 92
68 99
68 100
68 104
68 107
68 116
68 124
68 129
68 138
68 145
68 153
68 155
68 160
68 161
68 167
68 173
68 179
68 181
68 187
68 189
68 198
68 199
68 207
68 209
68 211
68 227
68 230
68 245
68 250
68 251
69 14
69 17
69 21
69 22
69 23
69 26
69 34
69 48
69 59
69 72
69 74
69 76
69 80
69 89
69 90
69 93
69 94
69 96
69 97
69 99
69 101
69 102
69 103
69 107
69 110
69 114
69 124
69 126
69 131
69 132
69 137
69 143
69 150
69 162
69 163
69 164
69 167
69 169
69 171
69 178
69 179
69 190
69 217
69 218
69 220
69 227
69 229
69 230
69 232
69 233
69 235
69 236
69 237
69 245
69 248
69 249
70 5
70 14
70 17
70 18
70 26
70 35
70 41
70 58
70 60
70 61
70 62
70 63
70 64
70 65
70 78
70 81
70 85
70 88
70 89
70 90
70 94
70 98
70 110
70 114
70 116
70 117
70 121
70 127
70 133
70 149
70 150
70 154
70 168
70 172
70 174
70 178
70 186
70 187
70 188
70 191
70 192
70 194
70 196
70 200
70 230
70 232
70 234
70 239
71 5
71 7
71 12
71 14
71 15
71 24
71 25
71 35
71 41
71 44
71 54
71 61
71 67
71 72
71 74
71 75
71 80
71 82
71 87
71 90
71 91
71 93
71 94
71 108
71 110
71 116
71 119
71 125
71 134
71 139
71 146
71 149
71 160
71 163
71 165
71 169
71 172
71 178
71 179
71 183
71 185
71 195
71 202
71 210
71 213
71 215
71 216
71 226
71 228
71 229
71 237
71 238
71 241
71 252
72 2
72 3
72 7
72 8
72 21
72 23
72 26
72 28
72 35
72 37
72 38
72 40
72 44
72 47
72 51
72 52
72 54
72 58
72 59
72 67
72 69
72 77
72 83
72 87
72 96
72 99
72 112
72 114
72 115
72 119
72 126
72 127
72 132
72 134
72 141
72 145
72 157
72 161
72 164
72 166
72 169
72 170
72 172
72 177
72 178
72 180
72 183
72 190
72 194
72 199
72 201
72 206
72 207
72 211
72 221
72 226
72 233
72 238
72 249
73 2
73 3
73 5
73 8
73 35
73 41
73 42
73 43
73 45
73 48
73 57
73 58
73 60
73 62
73 65
73 71
73 74
73 107
73 109
73 125
73 136
73 137
73 143
73 147
73 149
73 164
73 165
73 166
73 177
73 179
73 180
73 186
73 187
73 204
73 219
73 220
73 224
73 228
73 229
73 230
73 237
73 238
73 243
73 244
73 248
73 252
74 1
74 5
74 8
74 17
74 18
74 25
74 26
74 28
74 35
74 47
74 53
74 61
74 67
74 80
74 90
74 102
74 104
74 105
74 108
74 111
74 130
74 134
74 142
74 148
74 150
74 153
74 156
74 159
74 178
74 184
74 185
74 186
74 188
74 191
74 199
74 203
74 204
74 205
74 225
74 236
74 240
74 243
74 246
75 3
75 5
75 14
75 21
75 30
75 31
75 33
75 50
75 53
75 55
75 63
75 68
75 69
75 78
75 79
75 80
75 83
75 89
75 103
75 104
75 110
75 113
75 116
75 119
75 122
75 123
75 130
75 133
75 137
75 139
75 141
75 150
75 161
75 166
75 175
75 177
75 192
75 195
75 212
75 214
75 215
75 216
75 223
75 232
75 234
75 241
75 248
75 249
75 254
76 0
76 2
76 6
76 8
76 10
76 11
76 12
76 17
76 22
76 32
76 35
76 37
76 39
76 40
76 50
76 52
76 54
76 57
76 60
76 64
76 66
76 69
76 71
76 81
76 86
76 92
76 93
76 94
76 101
76 104
76 105
76 106
76 108
76 109
76 110
76 114
76 119
76 131
76 132
76 137
76 140
76 145
76 147
76 152
76 167
76 172
76 180
76 182
76 189
76 196
76 197
76 199
76 203
76 211
76 226
76 229
76 231
76 238
76 246
76 249
76 253
77 4
77 10
77 12
77 19
77 21
77 24
77 25
77 26
77 29
77 42
77 55
77 69
77 74
77 79
77 80
77 81
77 89
77 93
77 100
77 102
77 121
77 128
77 130
77 133
77 138
77 141
77 154
77 161
77 185
77 189
77 192
77 193
77 197
77 202
77 205
77 228
77 229
77 244
77 246
77 253
78 3
78 4
78 6
78 9
78 11
78 20
78 26
78 34
78 35
78 38
78 41
78 44
78 49
78 50
78 52
78 56
78 60
78 73
78 81
78 106
78 108
78 113
78 118
78 140
78 141
78 142
78 144
78 158
78 159
78 162
78 169
78 194
78 202
78 203
78 205
78 208
78 218
78 238
78 241
78 245
78 248
78 251
79 3
79 6
79 18
79 26
79 36
79 37
79 49
79 50
79 54
79 59
79 62
79 63
79 64
79 65
79 72
79 73
79 78
79 86
79 88
79 89
79 94
79 95
79 103
79 112
79 113
79 115
79 118
79 122
79 129
79 130
79 133
79 134
79 136
79 137
79 142
79 143
79 152
79 153
79 159
79 162
79 163
79 165
79 168
79 169
79 175
79 177
79 179
79 187
79 206
79 218
79 225
79 226
79 242
79 247
79 248
79 254
80 7
80 12
80 13
80 15
80 21
80 31
80 32
80 33
80 34
80 38
80 40
80 52
80 56
80 60
80 65
80 82
80 84
80 90
80 92
80 93
80 96
80 99
80 117
80 124
80 125
80 129
80 130
80 131
80 149
80 162
80 169
80 172
80 174
80 188
80 192
80 195
80 196
80 198
80 201
80 207
80 208
80 215
80 216
80 219
80 222
80 227
80 235
80 240
80 242
80 244
80 245
81 1
81 10
81 13
81 16
81 19
81 21
81 25
81 26
81 28
81 30
81 31
81 43
81 48
81 55
81 56
81 59
81 60
81 63
81 72
81 102
81 104
81 106
81 111
81 120
81 127
81 136
81 141
81 142
81 149
81 150
81 155
81 167
81 168
81 169
81 172
81 174
81 184
81 195
81 196
81 198
81 204
81 218
81 224
81 225
81 227
81 229
81 230
81 236
81 240
81 243
82 2
82 3
82 5
82 14
82 19
82 30
82 34
82 36
82 44
82 46
82 54
82 58
82 68
82 69
82 71
82 72
82 77
82 79
82 90
82 95
82 97
82 104
82 109
82 121
82 123
82 124
82 126
82 136
82 137
82 140
82 141
82 146
82 149
82 151
82 152
82 155
82 172
82 176
82 177
82 179
82 181
82 199
82 200
82 203
82 208
82 211
82 212
82 216
82 219
82 230
82 234
82 236
82 243
82 253
83 2
83 9
83 10
83 13
83 16
83 18
83 27
83 28
83 29
83 30
83 38
83 45
83 49
83 54
83 56
83 59
83 64
83 76
83 81
83 85
83 92
83 95
83 120
83 122
83 134
83 135
83 136
83 146
83 148
83 151
83 160
83 180
83 190
83 195
83 198
83 209
83 214
83 217
83 224
83 237
83 240
83 243
83 244
83 245
83 246
83 252
83 253
84 4
84 13
84 22
84 23
84 35
84 38
84 39
84 42
84 57
84 60
84 61
84 73
84 74
84 88
84 91
84 95
84 99
84 101
84 104
84 105
84 106
84 111
84 116
84 119
84 120
84 125
84 132
84 134
84 135
84 139
84 159
84 164
84 167
84 168
84 169
84 175
84 179
84 180
84 188
84 192
84 199
84 200
84 201
84 202
84 204
84 207
84 211
84 224
84 225
84 229
84 231
84 235
84 247
84 249
85 0
85 3
85 8
85 12
85 15
85 16
85 18
85 19
85 23
85 30
85 33
85 44
85 47
85 69
85 81
85 84
85 91
85 92
85 93
85 95
85 98
85 116
85 118
85 121
85 127
85 131
85 139
85 143
85 144
85 145
85 151
85 153
85 157
85 168
85 173
85 177
85 195
85 203
85 207
85 212
85 219
85 234
85 236
85 240
85 243
85 245
85 249
85 250
86 0
86 5
86 16
86 17
86 18
86 23
86 24
86 32
86 39
86 52
86 65
86 71
86 72
86 82
86 84
86 87
86 88
86 90
86 98
86 109
86 111
86 112
86 127
86 133
86 144
86 148
86 158
86 162
86 177
86 185
86 186
86 198
86 207
86 209
86 211
86 213
86 218
86 219
86 220
86 222
86 232
86 233
86 239
86 242
86 252
87 2
87 12
87 15
87 18
87 23
87 24
87 26
87 30
87 32
87 33
87 35
87 47
87 68
87 70
87 72
87 93
87 99
87 107
87 109
87 117
87 121
87 129
87 140
87 145
87 146
87 150
87 151
87 156
87 157
87 158
87 161
87 165
87 167
87 176
87 178
87 179
87 184
87 186
87 191
87 217
87 222
87 225
87 232
87 240
87 247
87 252
88 0
88 4
88 6
88 7
88 10
88 11
88 35
88 47
88 51
88 54
88 64
88 65
88 66
88 70
88 72
88 77
88 79
88 80
88 85
88 87
88 90
88 91
88 93
88 97
88 101
88 109
88 117
88 118
88 119
88 126
88 130
88 137
88 139
88 142
88 156
88 157
88 159
88 160
88 161
88 171
88 185
88 192
88 199
88 202
88 206
88 212
88 218
88 219
88 223
88 224
88 227
88 232
88 235
88 236
88 238
88 240
88 248
88 249
88 252
89 3
89 4
89 7
89 9
89 21
89 22
89 23
89 27
89 29
89 42
89 46
89 50
89 53
89 59
89 60
89 61
89 64
89 65
89 66
89 70
89 73
89 77
89 82
89 86
89 93
89 98
89 107
89 118
89 121
89 122
89 123
89 124
89 129
89 132
89 133
89 137
89 138
89 150
89 161
89 166
89 177
89 184
89 189
89 200
89 201
89 209
89 214
89 219
89 238
90 5
90 9
90 10
90 11
90 18
90 24
90 34
90 39
90 40
90 43
90 54
90 55
90 56
90 58
90 61
90 88
90 91
90 93
90 95
90 101
90 108
90 109
90 110
90 111
90 113
90 115
90 122
90 123
90 133
90 134
90 137
90 138
90 143
90 144
90 145
90 148
90 151
90 154
90 156
90 162
90 167
90 171
90 173
90 175
90 176
90 187
90 195
90 197
90 199
90 201
90 202
90 203
90 205
90 213
90 217
90 218
90 221
90 227
90 231
90 238
90 251
90 252
91 0
91 3
91 4
91 8
91 9
91 10
91 14
91 20
91 22
91 23
91 26
91 29
91 32
91 38
91 46
91 48
91 59
91 61
91 68
91 75
91 84
91 86
91 101
91 103
91 107
91 109
91 113
91 120
91 126
91 127
91 129
91 139
91 143
91 147
91 149
91 151
91 153
91 159
91 164
91 170
91 184
91 185
91 193
91 199
91 206
91 208
91 212
91 219
91 221
91 225
91 226
91 230
91 233
91 245
91 248
91 252
91 253
92 3
92 17
92 31
92 32
92 35
92 42
92 44
92 59
92 60
92 75
92 83
92 86
92 87
92 96
92 98
92 101
92 104
92 115
92 117
92 122
92 126
92 127
92 129
92 149
92 158
92 165
92 167
92 170
92 175
92 176
92 180
92 181
92 185
92 187
92 194
92 197
92 200
92 205
92 213
92 217
92 227
92 238
92 242
92 244
93 4
93 11
93 13
93 39
93 43
93 44
93 49
93 50
93 62
93 63
93 64
93 65
93 66
93 68
93 70
93 76
93 78
93 82
93 84
93 87
93 90
93 91
93 97
93 99
93 118
93 119
93 121
93 124
93 131
93 137
93 138
93 145
93 167
93 179
93 181
93 187
93 191
93 193
93 200
93 201
93 208
93 210
93 212
93 221
93 223
93 227
93 228
93 230
93 233
93 235
93 239
93 245
93 253
93 254
94 1
94 3
94 4
94 6
94 8
94 10
94 11
94 12
94 15
94 16
94 20
94 21
94 27
94 32
94 35
94 39
94 40
94 46
94 49
94 50
94 57
94 63
94 72
94 73
94 89
94 107
94 109
94 114
94 117
94 128
94 140
94 146
94 151
94 159
94 166
94 168
94 169
94 172
94 173
94 174
94 186
94 190
94 192
94 198
94 199
94 200
94 202
94 215
94 222
94 230
94 236
94 240
94 253
94 254
95 0
95 17
95 20
95 22
95 23
95 30
95 34
95 37
95 39
95 43
95 44
95 52
95 54
95 57
95 61
95 63
95 66
95 68
95 70
95 73
95 74
95 76
95 84
95 87
95 94
95 97
95 102
95 106
95 119
95 120
95 124
95 130
95 148
95 160
95 161
95 169
95 173
95 177
95 180
95 184
95 191
95 193
95 195
95 205
95 208
95 216
95 218
95 220
95 226
95 230
95 234
95 237
95 249
95 250
95 251
96 4
96 5
96 8
96 13
96 14
96 21
96 25
96 26
96 28
96 37
96 42
96 47
96 50
96 51
96 63
96 66
96 75
96 86
96 90
96 93
96 94
96 108
96 114
96 118
96 120
96 126
96 127
96 128
96 129
96 130
96 136
96 139
96 140
96 149
96 151
96 155
96 173
96 175
96 186
96 187
96 192
96 194
96 195
96 198
96 201
96 206
96 207
96 209
96 212
96 224
96 226
96 230
96 231
96 236
96 239
96 242
96 243
96 249
96 251
96 254
97 9
97 10
97 13
97 17
97 18
97 19
97 21
97 28
97 35
97 42
97 46
97 47
97 52
97 71
97 78
97 81
97 92
97 93
97 94
97 100
97 104
97 108
97 112
97 121
97 128
97 135
97 137
97 142
97 144
97 147
97 149
97 153
97 154
97 162
97 165
97 167
97 173
97 176
97 180
97 190
97 194
97 201
97 202
97 209
97 218
97 220
97 232
97 234
97 237
97 241
97 246
97 250
97 253
98 5
98 8
98 11
98 19
98 20
98 23
98 26
98 28
98 30
98 36
98 40
98 41
98 48
98 55
98 56
98 57
98 65
98 66
98 71
98 76
98 77
98 79
98 82
98 88
98 89
98 90
98 91
98 92
98 93
98 94
98 99
98 103
98 105
98 107
98 112
98 118
98 123
98 126
98 127
98 137
98 142
98 156
98 163
98 173
98 182
98 183
98 184
98 188
98 189
98 203
98 209
98 212
98 221
98 222
98 228
98 229
98 237
98 240
98 249
99 0
99 5
99 10
99 14
99 16
99 26
99 27
99 28
99 29
99 32
99 33
99 41
99 46
99 59
99 64
99 76
99 78
99 79
99 87
99 88
99 91
99 95
99 96
99 103
99 107
99 110
99 111
99 114
99 127
99 128
99 131
99 149
99 152
99 154
99 158
99 165
99 166
99 167
99 168
99 169
99 173
99 176
99 178
99 195
99 200
99 201
99 202
99 203
99 207
99 210
99 215
99 234
99 236
99 239
99 245
99 250
100 0
100 3
100 8
100 9
100 10
100 16
100 17
100 24
100 25
100 27
100 28
100 45
100 49
100 50
100 52
100 53
100 59
100 60
100 63
100 67
100 68
100 75
100 84
100 85
100 89
100 94
100 98
100 99
100 103
100 108
100 113
100 115
100 119
100 123
100 126
100 134
100 151
100 152
100 158
100 163
100 169
100 182
100 189
100 201
100 207
100 213
100 214
100 224
100 226
100 234
100 241
101 2
101 28
101 36
101 37
101 46
101 55
101 56
101 63
101 68
101 71
101 77
101 81
101 89
101 98
101 100
101 102
101 106
101 109
101 110
101 111
101 112
101 122
101 130
101 137
101 142
101 153
101 156
101 158
101 159
101 168
101 171
101 176
101 177
101 181
101 189
101 190
101 192
101 193
101 194
101 195
101 196
101 203
101 211
101 213
101 216
101 218
101 225
101 228
101 230
101 231
101 232
101 233
101 235
101 249
102 3
102 14
102 16
102 21
102 23
102 25
102 42
102 44
102 49
102 53
102 60
102 63
102 68
102 70
102 76
102 79
102 80
102 88
102 91
102 96
102 99
102 107
102 114
102 120
102 121
102 137
102 138
102 141
102 150
102 152
102 161
102 174
102 183
102 186
102 194
102 205
102 207
102 215
102 217
102 225
102 226
102 234
102 237
102 238
102 241
102 242
102 243
102 246
102 247
102 254
103 2
103 7
103 12
103 13
103 16
103 36
103 38
103 45
103 49
103 50
103 53
103 54
103 56
103 57
103 60
103 61
103 68
103 71
103 81
103 84
103 88
103 93
103 94
103 96
103 98
103 101
103 102
103 108
103 112
103 113
103 117
103 120
103 121
103 125
103 134
103 137
103 138
103 143
103 160
103 161
103 167
103 170
103 172
103 175
103 179
103 180
103 185
103 193
103 194
103 196
103 203
103 204
103 208
103 209
103 210
103 223
103 229
103 231
103 245
103 246
103 250
104 1
104 8
104 17
104 21
104 27
104 28
104 32
104 37
104 39
104 40
104 47
104 48
104 52
104 55
104 59
104 68
104 71
104 72
104 75
104 90
104 100
104 101
104 102
104 109
104 131
104 145
104 148
104 150
104 157
104 163
104 171
104 174
104 177
104 180
104 183
104 191
104 193
104 200
104 201
104 209
104 211
104 213
104 215
104 224
104 231
104 237
104 241
104 250
105 3
105 12
105 13
105 16
105 31
105 36
105 40
105 44
105 49
105 51
105 53
105 60
105 63
105 66
105 72
105 73
105 79
105 89
105 94
105 95
105 96
105 98
105 101
105 112
105 117
105 120
105 133
105 140
105 143
105 148
105 156
105 157
105 164
105 166
105 172
105 174
105 190
105 199
105 202
105 211
105 214
105 231
105 233
105 235
105 250
105 253
106 5
106 15
106 18
106 19
106 30
106 33
106 37
106 42
106 45
106 51
106 58
106 60
106 67
106 71
106 76
106 80
106 81
106 85
106 90
106 95
106 108
106 118
106 135
106 144
106 149
106 150
106 156
106 158
106 165
106 177
106 185
106 186
106 189
106 192
106 195
106 197
106 200
106 231
106 234
106 247
106 249
106 250
107 3
107 7
107 8
107 9
107 12
107 18
107 20
107 21
107 22
107 39
107 48
107 49
107 58
107 60
107 65
107 67
107 73
107 81
107 93
107 103
107 104
107 106
107 108
107 109
107 120
107 121
107 126
107 132
107 137
107 138
107 140
107 144
107 149
107 151
107 153
107 156
107 160
107 164
107 173
107 182
107 190
107 192
107 195
107 208
107 210
107 217
107 222
107 224
107 228
107 231
107 238
107 250
107 251
107 253
108 2
108 21
108 27
108 29
108 32
108 42
108 47
108 52
108 54
108 56
108 61
108 62
108 64
108 70
108 81
108 83
108 93
108 95
108 98
108 104
108 106
108 112
108 118
108 120
108 124
108 145
108 153
108 160
108 164
108 170
108 179
108 185
108 187
108 189
108 194
108 199
108 203
108 204
108 207
108 212
108 218
108 223
108 224
108 227
108 234
108 237
108 244
108 249
108 252
109 1
109 20
109 21
109 22
109 28
109 33
109 38
109 39
109 43
109 49
109 53
109 56
109 70
109 76
109 88
109 89
109 99
109 100
109 101
109 104
109 110
109 120
109 125
109 126
109 130
109 131
109 134
109 137
109 139
109 143
109 144
109 158
109 166
109 169
109 194
109 196
109 197
109 203
109 204
109 205
109 206
109 211
109 225
109 228
109 230
109 234
109 236
109 241
109 252
109 253
110 10
110 16
110 17
110 18
110 23
110 36
110 38
110 41
110 48
110 49
110 53
110 54
110 56
110 60
110 67
110 70
110 71
110 82
110 86
110 94
110 101
110 111
110 116
110 117
110 128
110 129
110 130
110 131
110 132
110 135
110 139
110 147
110 149
110 150
110 166
110 172
110 177
110 191
110 194
110 204
110 215
110 223
110 225
110 226
110 228
110 230
110 237
110 242
110 245
110 250
111 2
111 8
111 9
111 14
111 19
111 20
111 21
111 22
111 24
111 25
111 36
111 37
111 38
111 39
111 41
111 42
111 52
111 55
111 74
111 75
111 86
111 88
111 95
111 98
111 109
111 122
111 128
111 130
111 134
111 144
111 148
111 151
111 160
111 168
111 172
111 178
111 182
111 196
111 204
111 206
111 208
111 209
111 237
111 244
111 246
111 251
112 8
112 9
112 15
112 21
112 24
112 26
112 31
112 40
112 44
112 47
112 48
112 49
112 51
112 52
112 53
112 55
112 56
112 57
112 67
112 70
112 85
112 91
112 92
112 93
112 109
112 110
112 113
112 118
112 133
112 134
112 149
112 153
112 160
112 166
112 172
112 173
112 178
112 190
112 196
112 197
112 198
112 210
112 212
112 213
112 216
112 220
112 221
112 232
112 233
112 235
112 237
112 239
112 251
112 253
113 6
113 10
113 14
113 17
113 19
113 21
113 24
113 26
113 27
113 28
113 31
113 33
113 36
113 42
113 45
113 49
113 50
113 66
113 70
113 87
113 88
113 98
113 110
113 116
113 117
113 123
113 125
113 126
113 127
113 139
113 142
113 143
113 144
113 149
113 156
113 157
113 166
113 174
113 178
113 179
113 182
113 185
113 189
113 194
113 196
113 206
113 211
113 214
113 224
113 227
113 232
113 239
113 240
113 243
113 245
113 249
113 250
113 254
114 12
114 13
114 15
114 17
114 21
114 23
114 35
114 36
114 43
114 44
114 51
114 55
114 69
114 72
114 76
114 79
114 80
114 85
114 92
114 104
114 108
114 109
114 110
114 111
114 112
114 120
114 133
114 139
114 141
114 146
114 150
114 153
114 154
114 169
114 170
114 174
114 183
114 185
114 192
114 195
114 197
114 207
114 209
114 218
114 224
114 231
114 234
114 247
115 6
115 8
115 13
115 15
115 16
115 23
115 25
115 26
115 33
115 39
115 45
115 48
115 52
115 53
115 56
115 59
115 77
115 78
115 80
115 81
115 82
115 91
115 93
115 98
115 99
115 105
115 112
115 113
115 118
115 120
115 128
115 132
115 133
115 139
115 145
115 168
115 175
115 177
115 186
115 197
115 199
115 204
115 208
115 217
115 219
115 233
115 237
115 244
115 246
116 0
116 4
116 5
116 14
116 19
116 22
116 27
116 30
116 36
116 38
116 40
116 44
116 45
116 46
116 50
116 53
116 55
116 57
116 64
116 68
116 69
116 74
116 76
116 77
116 81
116 87
116 98
116 112
116 117
116 119
116 127
116 131
116 133
116 148
116 152
116 153
116 166
116 171
116 186
116 203
116 204
116 208
116 212
116 214
116 223
116 231
116 233
116 234
116 235
116 242
116 243
116 245
117 0
117 3
117 5
117 6
117 11
117 36
117 48
117 52
117 65
117 70
117 78
117 81
117 88
117 101
117 104
117 111
117 120
117 133
117 135
117 147
117 151
117 156
117 162
117 165
117 174
117 197
117 201
117 204
117 210
117 212
117 215
117 219
117 231
117 234
117 238
117 244
118 6
118 7
118 8
118 33
118 36
118 38
118 40
118 44
118 49
118 52
118 54
118 57
118 64
118 66
118 72
118 73
118 75
118 81
118 84
118 85
118 90
118 92
118 93
118 96
118 98
118 101
118 106
118 116
118 125
118 128
118 131
118 137
118 144
118 145
118 152
118 153
118 160
118 161
118 164
118 177
118 178
118 179
118 180
118 186
118 192
118 194
118 200
118 219
118 227
118 238
118 240
118 243
118 247
118 248
118 250
118 251
118 252
119 18
119 19
119 22
119 23
119 25
119 28
119 31
119 35
119 37
119 38
119 40
119 43
119 46
119 53
119 64
119 96
119 98
119 101
119 105
119 108
119 113
119 115
119 117
119 122
119 136
119 138
119 145
119 147
119 148
119 151
119 156
119 170
119 180
119 181
119 182
119 183
119 188
119 189
119 198
119 205
119 206
119 207
119 208
119 215
119 216
119 220
119 235
119 238
119 245
119 254
120 7
120 23
120 28
120 44
120 45
120 47
120 49
120 52
120 57
120 58
120 59
120 61
120 65
120 66
120 69
120 74
120 79
120 83
120 88
120 89
120 93
120 100
120 108
120 109
120 111
120 113
120 122
120 124
120 130
120 132
120 133
120 134
120 143
120 152
120 153
120 156
120 158
120 165
120 166
120 173
120 183
120 185
120 191
120 195
120 197
120 203
120 217
120 227
120 233
120 234
120 237
120 241
120 245
120 250
120 252
121 4
121 11
121 14
121 19
121 20
121 22
121 28
121 35
121 36
121 38
121 41
121 45
121 47
121 50
121 55
121 65
121 72
121 78
121 80
121 81
121 88
121 90
121 98
121 105
121 115
121 116
121 120
121 126
121 137
121 156
121 158
121 161
121 163
121 170
121 171
121 179
121 184
121 191
121 196
121 197
121 198
121 208
121 209
121 211
121 214
121 223
121 229
121 235
121 236
121 248
121 252
122 0
122 2
122 3
122 5
122 6
122 7
122 10
122 11
122 13
122 20
122 23
122 29
122 36
122 42
122 51
122 53
122 64
122 65
122 74
122 75
122 78
122 80
122 81
122 90
122 92
122 96
122 99
122 100
122 104
122 109
122 113
122 114
122 117
122 118
122 133
122 135
122 141
122 144
122 146
122 150
122 155
122 156
122 170
122 180
122 185
122 186
122 187
122 200
122 203
122 216
122 218
122 220
122 241
122 245
122 253
123 5
123 12
123 14
123 22
123 31
123 36
123 41
123 44
123 46
123 50
123 51
123 57
123 65
123 70
123 73
123 75
123 77
123 86
123 88
123 92
123 107
123 108
123 118
123 119
123 120
123 128
123 134
123 146
123 148
123 151
123 152
123 153
123 181
123 187
123 194
123 203
123 206
123 220
123 222
123 225
123 234
123 242
123 244
123 247
124 1
124 10
124 13
124 20
124 40
124 41
124 46
124 50
124 51
124 52
124 53
124 54
124 55
124 69
124 73
124 74
124 76
124 93
124 97
124 99
124 101
124 106
124 107
124 110
124 116
124 118
124 119
124 127
124 146
124 147
124 149
124 150
124 151
124 152
124 154
124 155
124 169
124 170
124 171
124 174
124 176
124 178
124 185
124 192
124 193
124 203
124 205
124 216
124 217
124 219
124 225
124 228
124 231
124 236
124 242
124 244
124 250
124 252
125 10
125 12
125 20
125 23
125 32
125 33
125 44
125 65
125 68
125 70
125 80
125 82
125 84
125 93
125 103
125 106
125 107
125 110
125 112
125 118
125 123
125 131
125 134
125 141
125 147
125 149
125 154
125 156
125 160
125 164
125 171
125 174
125 180
125 183
125 187
125 188
125 198
125 213
125 215
125 220
125 227
125 228
125 237
125 238
125 241
125 243
125 247
125 254
126 1
126 3
126 12
126 19
126 26
126 28
126 37
126 39
126 40
126 42
126 46
126 54
126 56
126 61
126 63
126 72
126 73
126 90
126 98
126 99
126 110
126 117
126 118
126 119
126 120
126 132
126 145
126 148
126 156
126 157
126 160
126 162
126 165
126 173
126 175
126 177
126 178
126 189
126 195
126 197
126 215
126 226
126 228
126 230
126 231
126 232
126 238
126 247
126 248
127 4
127 10
127 13
127 14
127 21
127 23
127 24
127 30
127 32
127 35
127 37
127 38
127 41
127 43
127 48
127 55
127 65
127 67
127 68
127 72
127 88
127 93
127 95
127 96
127 99
127 100
127 107
127 108
127 117
127 118
127 119
127 138
127 142
127 153
127 158
127 166
127 167
127 174
127 182
127 185
127 186
127 195
127 197
127 211
127 223
127 232
127 243
127 253
128 2
128 5
128 8
128 10
128 11
128 23
128 24
128 26
128 31
128 34
128 36
128 39
128 43
128 47
128 48
128 52
128 53
128 54
128 64
128 66
128 75
128 79
128 88
128 89
128 93
128 100
128 102
128 103
128 105
128 108
128 112
128 113
128 119
128 126
128 127
128 132
128 133
128 135
128 136
128 140
128 141
128 144
128 149
128 163
128 169
128 175
128 179
128 185
128 196
128 197
128 201
128 210
128 211
128 222
128 224
128 230
128 231
128 233
128 238
128 243
128 245
128 246
129 2
129 4
129 14
129 21
129 22
129 26
129 31
129 46
129 70
129 72
129 75
129 109
129 112
129 115
129 116
129 118
129 120
129 130
129 135
129 142
129 146
129 148
129 155
129 157
129 160
129 163
129 164
129 170
129 179
129 180
129 185
129 187
129 190
129 194
129 200
129 202
129 211
129 212
129 216
129 218
129 223
129 242
130 2
130 16
130 21
130 24
130 26
130 29
130 37
130 48
130 52
130 54
130 58
130 64
130 65
130 69
130 70
130 71
130 72
130 78
130 82
130 87
130 91
130 93
130 96
130 106
130 109
130 110
130 120
130 121
130 132
130 150
130 154
130 166
130 167
130 177
130 181
130 188
130 195
130 200
130 211
130 216
130 221
130 231
130 237
130 243
130 247
130 249
131 4
131 5
131 9
131 11
131 21
131 27
131 28
131 31
131 32
131 34
131 36
131 38
131 47
131 49
131 50
131 63
131 65
131 70
131 77
131 79
131 80
131 97
131 98
131 104
131 107
131 111
131 122
131 123
131 125
131 130
131 137
131 139
131 144
131 149
131 151
131 158
131 170
131 179
131 182
131 193
131 194
131 195
131 200
131 201
131 204
131 206
131 207
131 222
131 229
131 230
131 237
131 243
132 5
132 7
132 8
132 10
132 16
132 19
132 25
132 27
132 33
132 46
132 50
132 55
132 66
132 69
132 74
132 76
132 77
132 82
132 93
132 94
132 103
132 108
132 112
132 128
132 129
132 143
132 147
132 162
132 166
132 169
132 170
132 175
132 181
132 188
132 195
132 199
132 211
132 215
132 221
132 231
132 251
133 4
133 9
133 15
133 17
133 21
133 27
133 29
133 34
133 36
133 38
133 42
133 49
133 51
133 62
133 64
133 67
133 70
133 72
133 93
133 94
133 98
133 101
133 106
133 111
133 112
133 114
133 117
133 118
133 119
133 122
133 127
133 142
133 147
133 154
133 155
133 159
133 163
133 168
133 175
133 180
133 183
133 195
133 198
133 207
133 221
133 223
133 225
133 231
133 239
133 241
133 248
134 4
134 8
134 9
134 10
134 13
134 21
134 22
134 24
134 28
134 31
134 32
134 33
134 36
134 37
134 38
134 39
134 41
134 49
134 55
134 59
134 71
134 76
134 77
134 81
134 82
134 83
134 84
134 89
134 96
134 103
134 106
134 107
134 114
134 115
134 124
134 130
134 133
134 140
134 144
134 150
134 152
134 162
134 164
134 165
134 167
134 168
134 169
134 175
134 184
134 185
134 191
134 193
134 199
134 202
134 205
134 207
134 218
134 232
134 234
134 238
134 242
134 243
134 254
135 14
135 15
135 19
135 27
135 41
135 49
135 53
135 55
135 59
135 60
135 62
135 69
135 71
135 83
135 84
135 87
135 94
135 99
135 100
135 101
135 105
135 109
135 112
135 117
135 123
135 124
135 133
135 140
135 146
135 162
135 163
135 168
135 173
135 185
135 189
135 190
135 200
135 202
135 209
135 210
135 217
135 219
135 230
135 241
136 5
136 7
136 18
136 22
136 25
136 26
136 28
136 31
136 48
136 55
136 62
136 63
136 65
136 69
136 72
136 74
136 79
136 85
136 88
136 92
136 93
136 95
136 96
136 101
136 103
136 104
136 111
136 121
136 128
136 137
136 140
136 146
136 151
136 154
136 160
136 161
136 163
136 169
136 179
136 180
136 181
136 182
136 186
136 198
136 208
136 210
136 211
136 214
136 215
136 218
136 223
136 227
136 229
136 235
136 238
136 248
136 253
137 4
137 7
137 9
137 10
137 14
137 16
137 19
137 24
137 26
137 31
137 42
137 46
137 48
137 52
137 58
137 64
137 65
137 68
137 72
137 77
137 84
137 92
137 102
137 125
137 127
137 138
137 141
137 142
137 148
137 151
137 153
137 156
137 159
137 164
137 186
137 188
137 191
137 194
137 197
137 198
137 199
137 208
137 210
137 215
137 226
137 234
137 235
137 236
137 238
137 242
137 248
138 1
138 2
138 3
138 6
138 8
138 17
138 28
138 48
138 52
138 61
138 63
138 71
138 74
138 75
138 78
138 79
138 81
138 82
138 86
138 91
138 102
138 103
138 108
138 110
138 114
138 118
138 121
138 123
138 127
138 132
138 146
138 152
138 155
138 157
138 162
138 167
138 171
138 175
138 177
138 184
138 186
138 191
138 201
138 205
138 209
138 210
138 222
138 234
138 236
138 237
138 242
138 246
139 5
139 10
139 18
139 20
139 24
139 25
139 27
139 33
139 34
139 37
139 50
139 56
139 58
139 74
139 80
139 92
139 93
139 99
139 101
139 104
139 107
139 112
139 122
139 126
139 129
139 136
139 143
139 152
139 162
139 171
139 188
139 192
139 193
139 201
139 203
139 206
139 210
139 211
139 213
139 216
139 227
139 229
139 234
139 237
139 253
140 0
140 8
140 12
140 22
140 31
140 33
140 38
140 42
140 44
140 47
140 54
140 56
140 60
140 67
140 73
140 79
140 81
140 91
140 101
140 106
140 108
140 130
140 153
140 159
140 161
140 163
140 164
140 171
140 172
140 174
140 181
140 183
140 190
140 191
140 193
140 197
140 198
140 205
140 211
140 214
140 218
140 220
140 221
140 223
140 227
140 228
140 229
140 231
140 233
140 234
140 240
140 244
140 249
141 5
141 7
141 10
141 15
141 17
141 19
141 22
141 32
141 33
141 59
141 62
141 67
141 68
141 76
141 83
141 87
141 90
141 94
141 104
141 128
141 129
141 140
141 142
141 149
141 151
141 153
141 159
141 173
141 174
141 176
141 189
141 197
141 202
141 220
141 233
141 235
141 241
141 250
141 253
142 3
142 22
142 27
142 29
142 32
142 34
142 37
142 38
142 46
142 49
142 50
142 52
142 66
142 69
142 71
142 72
142 76
142 78
142 85
142 90
142 93
142 98
142 100
142 103
142 105
142 114
142 118
142 122
142 124
142 125
142 126
142 135
142 141
142 145
142 149
142 154
142 155
142 158
142 159
142 160
142 164
142 174
142 194
142 199
142 210
142 218
142 228
142 231
142 243
142 246
142 251
142 253
143 1
143 4
143 6
143 12
143 13
143 19
143 23
143 25
143 26
143 29
143 38
143 44
143 45
143 51
143 64
143 65
143 70
143 78
143 80
143 86
143 90
143 93
143 98
143 100
143 109
143 110
143 111
143 113
143 139
143 146
143 147
143 148
143 149
143 152
143 161
143 164
143 166
143 173
143 175
143 185
143 189
143 190
143 191
143 197
143 200
143 207
143 208
143 211
143 213
143 218
143 220
143 222
143 223
143 224
143 226
143 228
143 230
143 242
143 248
143 252
144 2
144 5
144 9
144 15
144 20
144 21
144 22
144 26
144 27
144 29
144 34
144 41
144 42
144 46
144 48
144 54
144 58
144 59
144 60
144 63
144 66
144 69
144 72
144 74
144 93
144 95
144 97
144 100
144 103
144 107
144 109
144 116
144 119
144 121
144 122
144 123
144 124
144 126
144 134
144 138
144 147
144 158
144 168
144 171
144 190
144 191
144 193
144 208
144 219
144 233
144 237
144 239
144 245
144 252
145 0
145 1
145 5
145 16
145 31
145 33
145 35
145 39
145 45
145 49
145 50
145 63
145 64
145 65
145 68
145 70
145 72
145 76
145 80
145 87
145 88
145 90
145 92
145 93
145 95
145 98
145 101
145 102
145 105
145 109
145 124
145 128
145 129
145 130
145 136
145 139
145 142
145 144
145 147
145 149
145 152
145 153
145 155
145 164
145 165
145 166
145 168
145 172
145 175
145 185
145 186
145 199
145 201
145 205
145 209
145 217
145 225
145 229
145 232
145 234
145 236
145 237
145 239
145 241
145 248
146 10
146 14
146 21
146 31
146 35
146 47
146 48
146 50
146 51
146 58
146 64
146 69
146 70
146 73
146 79
146 84
146 89
146 103
146 104
146 106
146 113
146 122
146 128
146 137
146 138
146 140
146 141
146 144
146 149
146 155
146 159
146 167
146 171
146 172
146 174
146 175
146 194
146 196
146 197
146 205
146 206
146 209
146 223
146 224
146 233
146 234
146 235
146 237
146 239
146 243
147 1
147 2
147 3
147 12
147 20
147 23
147 27
147 28
147 37
147 39
147 44
147 49
147 52
147 60
147 72
147 81
147 86
147 90
147 92
147 97
147 101
147 107
147 110
147 112
147 115
147 117
147 118
147 120
147 126
147 129
147 134
147 137
147 145
147 146
147 148
147 149
147 152
147 167
147 170
147 172
147 176
147 179
147 182
147 183
147 185
147 190
147 202
147 206
147 215
147 218
147 237
147 241
147 242
147 244
147 252
147 253
148 1
148 4
148 5
148 9
148 15
148 23
148 26
148 43
148 47
148 51
148 53
148 59
148 60
148 70
148 71
148 73
148 79
148 80
148 86
148 94
148 96
148 98
148 104
148 112
148 116
148 122
148 126
148 127
148 128
148 133
148 134
148 172
148 181
148 182
148 185
148 189
148 192
148 195
148 198
148 200
148 202
148 206
148 208
148 210
148 211
148 217
148 218
148 223
148 224
148 228
148 233
148 240
148 249
149 6
149 7
149 15
149 18
149 19
149 40
149 42
149 46
149 50
149 56
149 69
149 75
149 78
149 83
149 90
149 92
149 107
149 118
149 125
149 126
149 128
149 134
149 141
149 143
149 146
149 148
149 173
149 175
149 177
149 178
149 192
149 196
149 198
149 200
149 212
149 215
149 216
149 218
149 219
149 220
149 230
149 233
149 252
149 253
150 1
150 11
150 15
150 18
150 22
150 23
150 27
150 29
150 31
150 37
150 45
150 46
150 50
150 52
150 54
150 57
150 59
150 60
150 62
150 64
150 81
150 83
150 93
150 102
150 103
150 104
150 106
150 109
150 111
150 114
150 117
150 127
150 138
150 146
150 151
150 169
150 171
150 178
150 179
150 181
150 184
150 189
150 191
150 192
150 194
150 195
150 197
150 201
150 202
150 206
150 214
150 215
150 216
150 220
150 229
150 233
150 236
150 240
150 241
150 242
150 243
150 252
150 254
151 4
151 11
151 15
151 19
151 23
151 28
151 29
151 32
151 33
151 41
151 49
151 52
151 53
151 54
151 59
151 70
151 84
151 90
151 95
151 97
151 105
151 107
151 114
151 119
151 123
151 126
151 128
151 130
151 139
151 140
151 149
151 153
151 155
151 166
151 171
151 177
151 180
151 187
151 189
151 194
151 196
151 197
151 198
151 199
151 200
151 205
151 208
151 224
151 229
151 232
151 233
151 237
151 248
151 250
152 4
152 7
152 12
152 14
152 19
152 23
152 24
152 41
152 43
152 47
152 50
152 55
152 67
152 74
152 86
152 87
152 92
152 107
152 108
152 120
152 129
152 147
152 149
152 150
152 155
152 158
152 160
152 163
152 165
152 173
152 176
152 181
152 182
152 192
152 193
152 194
152 206
152 213
152 227
152 228
152 235
152 251
152 253
153 2
153 6
153 7
153 10
153 11
153 13
153 20
153 22
153 25
153 27
153 29
153 34
153 39
153 47
153 48
153 57
153 64
153 69
153 75
153 76
153 77
153 81
153 82
153 84
153 86
153 87
153 89
153 91
153 97
153 100
153 104
153 106
153 111
153 112
153 114
153 140
153 148
153 155
153 157
153 160
153 162
153 175
153 180
153 186
153 187
153 188
153 192
153 211
153 213
153 214
153 227
153 232
153 236
153 238
153 243
154 0
154 8
154 11
154 22
154 32
154 38
154 45
154 47
154 54
154 60
154 62
154 66
154 71
154 84
154 103
154 107
154 112
154 116
154 118
154 119
154 125
154 129
154 137
154 151
154 155
154 172
154 174
154 176
154 178
154 181
154 185
154 186
154 187
154 189
154 192
154 202
154 207
154 208
154 212
154 214
154 215
154 217
154 222
154 225
154 242
154 244
154 245
154 253
155 21
155 22
155 36
155 40
155 48
155 49
155 52
155 55
155 57
155 64
155 71
155 72
155 79
155 94
155 96
155 98
155 105
155 106
155 114
155 121
155 125
155 126
155 134
155 136
155 145
155 151
155 158
155 162
155 182
155 184
155 188
155 195
155 197
155 198
155 199
155 200
155 220
155 229
155 241
155 247
155 248
156 0
156 1
156 3
156 29
156 41
156 47
156 51
156 56
156 57
156 66
156 89
156 95
156 96
156 97
156 100
156 103
156 105
156 108
156 121
156 130
156 131
156 140
156 142
156 150
156 153
156 155
156 162
156 176
156 180
156 182
156 188
156 190
156 206
156 209
156 216
156 219
156 230
156 232
156 240
156 242
156 246
156 249
156 253
157 0
157 3
157 4
157 17
157 23
157 28
157 39
157 41
157 42
157 43
157 48
157 54
157 61
157 62
157 66
157 74
157 77
157 81
157 90
157 92
157 105
157 121
157 122
157 127
157 129
157 134
157 139
157 146
157 149
157 150
157 151
157 156
157 175
157 180
157 181
157 186
157 188
157 189
157 201
157 207
157 213
157 214
157 217
157 218
157 220
157 226
157 231
157 234
157 243
157 244
158 1
158 7
158 8
158 11
158 21
158 26
158 29
158 34
158 39
158 48
158 53
158 58
158 60
158 61
158 62
158 69
158 84
158 86
158 89
158 93
158 108
158 116
158 117
158 124
158 128
158 130
158 133
158 141
158 149
158 165
158 169
158 170
158 171
158 172
158 178
158 180
158 182
158 193
158 194
158 195
158 198
158 199
158 200
158 202
158 204
158 207
158 219
158 243
158 249
158 250
159 6
159 9
159 19
159 21
159 24
159 25
159 30
159 36
159 38
159 49
159 52
159 57
159 63
159 64
159 68
159 69
159 75
159 83
159 86
159 87
159 101
159 106
159 114
159 117
159 121
159 124
159 140
159 141
159 142
159 151
159 155
159 156
159 157
159 164
159 165
159 178
159 179
159 181
159 187
159 188
159 190
159 201
159 204
159 221
159 226
159 228
159 239
159 245
159 253
160 2
160 14
160 20
160 21
160 25
160 33
160 35
160 38
160 40
160 51
160 52
160 53
160 55
160 57
160 60
160 63
160 65
160 74
160 77
160 79
160 86
160 103
160 117
160 120
160 121
160 123
160 130
160 131
160 132
160 134
160 135
160 139
160 146
160 149
160 150
160 152
160 155
160 157
160 161
160 168
160 172
160 179
160 192
160 194
160 196
160 197
160 200
160 201
160 210
160 219
160 221
160 224
160 225
160 229
160 232
160 233
160 238
160 243
160 245
160 246
160 247
161 1
161 6
161 10
161 11
161 14
161 15
161 21
161 24
161 25
161 29
161 31
161 39
161 49
161 50
161 51
161 53
161 54
161 60
161 69
161 75
161 77
161 83
161 84
161 90
161 92
161 99
161 101
161 119
161 123
161 127
161 128
161 139
161 142
161 145
161 147
161 151
161 152
161 158
161 159
161 160
161 169
161 176
161 183
161 192
161 195
161 199
161 208
161 211
161 213
161 215
161 216
161 220
161 225
161 226
161 227
161 235
161 244
161 246
161 248
161 252
162 7
162 9
162 13
162 14
162 15
162 18
162 19
162 20
162 23
162 26
162 31
162 34
162 36
162 42
162 48
162 50
162 60
162 69
162 71
162 72
162 74
162 75
162 85
162 89
162 90
162 92
162 99
162 102
162 105
162 111
162 119
162 122
162 123
162 131
162 133
162 148
162 151
162 154
162 155
162 156
162 161
162 163
162 166
162 167
162 171
162 173
162 174
162 175
162 176
162 179
162 182
162 183
162 188
162 203
162 204
162 215
162 219
162 228
162 230
162 232
162 233
162 234
162 238
162 241
162 242
162 247
162 248
162 249
162 251
163 9
163 10
163 14
163 17
163 18
163 21
163 27
163 28
163 36
163 45
163 46
163 49
163 50
163 52
163 53
163 61
163 62
163 63
163 69
163 79
163 85
163 87
163 90
163 93
163 97
163 107
163 109
163 119
163 124
163 128
163 130
163 131
163 132
163 144
163 145
163 149
163 152
163 155
163 160
163 161
163 164
163 172
163 175
163 184
163 187
163 197
163 210
163 211
163 213
163 214
163 227
163 233
163 238
163 242
163 250
164 3
164 5
164 19
164 21
164 24
164 26
164 30
164 32
164 36
164 45
164 51
164 61
164 65
164 66
164 72
164 78
164 80
164 83
164 92
164 93
164 99
164 103
164 107
164 109
164 110
164 114
164 120
164 121
164 129
164 131
164 135
164 142
164 156
164 168
164 171
164 176
164 182
164 186
164 200
164 212
164 215
164 221
164 223
164 226
164 245
164 247
165 1
165 18
165 19
165 29
165 36
165 39
165 40
165 56
165 65
165 66
165 67
165 68
165 73
165 85
165 89
165 92
165 97
165 98
165 102
165 104
165 108
165 110
165 127
165 133
165 139
165 142
165 145
165 148
165 152
165 159
165 161
165 169
165 181
165 198
165 199
165 201
165 202
165 204
165 205
165 213
165 219
165 225
165 229
165 236
165 241
166 1
166 2
166 7
166 13
166 17
166 18
166 19
166 27
166 32
166 37
166 60
166 61
166 62
166 63
166 64
166 67
166 72
166 83
166 84
166 91
166 99
166 103
166 106
166 111
166 121
166 128
166 129
166 132
166 133
166 134
166 135
166 140
166 143
166 144
166 149
166 151
166 153
166 155
166 167
166 169
166 173
166 175
166 183
166 184
166 188
166 191
166 195
166 207
166 211
166 216
166 230
166 243
166 252
167 10
167 11
167 16
167 18
167 24
167 33
167 36
167 38
167 44
167 46
167 48
167 50
167 53
167 54
167 55
167 57
167 60
167 64
167 66
167 67
167 69
167 70
167 76
167 79
167 83
167 88
167 94
167 100
167 101
167 105
167 110
167 114
167 116
167 125
167 130
167 134
167 140
167 148
167 153
167 158
167 170
167 185
167 186
167 190
167 191
167 195
167 196
167 206
167 207
167 215
167 223
167 225
167 227
167 239
167 247
167 248
167 251
168 1
168 4
168 10
168 12
168 13
168 19
168 32
168 35
168 41
168 43
168 48
168 52
168 54
168 58
168 59
168 62
168 64
168 69
168 74
168 82
168 99
168 101
168 102
168 113
168 117
168 123
168 125
168 131
168 137
168 142
168 149
168 155
168 160
168 161
168 167
168 190
168 192
168 197
168 205
168 207
168 208
168 223
168 226
168 233
168 240
168 244
168 250
168 252
168 253
168 254
169 0
169 7
169 10
169 11
169 25
169 29
169 32
169 34
169 45
169 50
169 51
169 54
169 67
169 68
169 75
169 78
169 83
169 84
169 85
169 95
169 97
169 99
169 104
169 105
169 107
169 108
169 112
169 113
169 118
169 123
169 140
169 149
169 150
169 158
169 174
169 176
169 177
169 179
169 186
169 191
169 194
169 195
169 198
169 212
169 215
169 219
169 234
169 243
169 247
169 254
170 8
170 9
170 10
170 14
170 19
170 21
170 33
170 34
170 38
170 42
170 47
170 48
170 54
170 63
170 67
170 68
170 69
170 72
170 76
170 78
170 79
170 82
170 86
170 90
170 92
170 94
170 95
170 105
170 108
170 121
170 140
170 145
170 151
170 153
170 154
170 158
170 159
170 161
170 165
170 166
170 168
170 172
170 182
170 183
170 184
170 185
170 187
170 189
170 191
170 207
170 218
170 221
170 223
170 227
170 229
170 232
170 234
170 237
170 240
170 248
170 249
171 6
171 16
171 23
171 24
171 29
171 35
171 47
171 48
171 51
171 52
171 71
171 72
171 73
171 74
171 77
171 82
171 84
171 85
171 89
171 96
171 99
171 102
171 104
171 112
171 113
171 117
171 120
171 136
171 139
171 143
171 149
171 151
171 155
171 159
171 161
171 162
171 166
171 172
171 179
171 188
171 193
171 194
171 197
171 198
171 199
171 201
171 219
171 222
171 226
171 228
171 234
171 238
171 242
171 244
171 246
171 253
172 0
172 5
172 13
172 18
172 21
172 30
172 32
172 33
172 34
172 40
172 45
172 51
172 54
172 62
172 71
172 78
172 83
172 86
172 90
172 96
172 98
172 101
172 102
172 107
172 111
172 118
172 126
172 128
172 136
172 137
172 139
172 140
172 154
172 162
172 165
172 167
172 171
172 175
172 183
172 191
172 192
172 205
172 207
172 209
172 210
172 213
172 214
172 217
172 218
172 219
172 222
172 223
172 227
172 228
172 229
172 247
172 249
172 251
172 254
173 6
173 7
173 9
173 12
173 17
173 18
173 20
173 24
173 28
173 29
173 38
173 43
173 45
173 47
173 73
173 74
173 80
173 87
173 91
173 95
173 99
173 106
173 108
173 116
173 118
173 120
173 121
173 123
173 139
173 140
173 144
173 147
173 154
173 159
173 163
173 176
173 184
173 186
173 194
173 195
173 207
173 208
173 213
173 228
173 232
173 237
173 238
173 243
173 245
173 250
173 252
173 254
174 8
174 10
174 11
174 15
174 21
174 46
174 48
174 58
174 61
174 65
174 72
174 74
174 82
174 95
174 100
174 105
174 114
174 115
174 119
174 120
174 123
174 128
174 130
174 144
174 153
174 154
174 158
174 165
174 168
174 169
174 173
174 179
174 185
174 186
174 188
174 198
174 199
174 200
174 209
174 212
174 217
174 219
174 223
174 224
174 225
174 239
174 251
175 1
175 10
175 12
175 17
175 19
175 24
175 28
175 31
175 36
175 38
175 48
175 56
175 58
175 66
175 68
175 80
175 82
175 83
175 85
175 86
175 87
175 91
175 107
175 113
175 126
175 133
175 145
175 146
175 153
175 163
175 172
175 174
175 177
175 178
175 179
175 180
175 183
175 185
175 198
175 199
175 205
175 208
175 209
175 218
175 221
175 232
175 235
175 236
175 245
175 247
175 250
175 252
175 254
176 3
176 18
176 27
176 28
176 29
176 48
176 57
176 59
176 64
176 72
176 78
176 79
176 83
176 91
176 94
176 97
176 99
176 114
176 117
176 118
176 125
176 129
176 130
176 132
176 139
176 140
176 148
176 151
176 152
176 157
176 161
176 163
176 165
176 167
176 169
176 178
176 181
176 187
176 191
176 193
176 208
176 211
176 212
176 228
176 231
176 234
176 239
176 252
177 8
177 13
177 17
177 22
177 24
177 25
177 28
177 46
177 53
177 56
177 62
177 89
177 94
177 96
177 98
177 110
177 116
177 120
177 121
177 123
177 128
177 139
177 143
177 144
177 145
177 153
177 154
177 158
177 159
177 160
177 165
177 171
177 173
177 180
177 184
177 189
177 190
177 204
177 218
177 220
177 222
177 223
177 232
177 236
177 243
177 244
177 245
177 248
177 253
178 2
178 10
178 19
178 20
178 32
178 36
178 44
178 51
178 56
178 57
178 63
178 64
178 70
178 71
178 73
178 75
178 83
178 89
178 90
178 103
178 105
178 108
178 112
178 117
178 124
178 125
178 126
178 136
178 138
178 141
178 158
178 165
178 170
178 174
178 179
178 182
178 184
178 188
178 192
178 198
178 217
178 218
178 225
178 226
178 233
178 235
178 248
179 4
179 8
179 16
179 19
179 20
179 22
179 25
179 30
179 33
179 40
179 52
179 54
179 56
179 59
179 62
179 65
179 68
179 70
179 76
179 80
179 85
179 95
179 111
179 124
179 128
179 133
179 145
179 155
179 167
179 169
179 170
179 171
179 172
179 174
179 177
179 181
179 187
179 192
179 196
179 206
179 207
179 214
179 221
179 222
179 223
179 227
179 231
179 235
179 240
179 251
179 254
180 11
180 23
180 28
180 32
180 34
180 36
180 39
180 43
180 44
180 45
180 47
180 50
180 60
180 61
180 64
180 65
180 75
180 80
180 82
180 92
180 109
180 125
180 130
180 136
180 138
180 140
180 142
180 149
180 150
180 161
180 162
180 165
180 168
180 172
180 177
180 178
180 184
180 195
180 197
180 203
180 217
180 218
180 220
180 222
180 227
180 232
180 237
180 245
181 2
181 13
181 19
181 20
181 21
181 24
181 33
181 36
181 40
181 43
181 45
181 48
181 49
181 50
181 52
181 66
181 69
181 80
181 87
181 93
181 95
181 102
181 105
181 114
181 115
181 123
181 125
181 132
181 144
181 148
181 154
181 155
181 162
181 165
181 176
181 179
181 182
181 185
181 192
181 203
181 204
181 208
181 214
181 216
181 224
181 225
181 228
181 234
181 242
181 243
181 249
182 3
182 4
182 8
182 11
182 15
182 23
182 28
182 36
182 45
182 51
182 62
182 73
182 80
182 84
182 100
182 110
182 112
182 118
182 125
182 126
182 127
182 130
182 131
182 134
182 144
182 155
182 157
182 160
182 167
182 168
182 171
182 173
182 180
182 181
182 186
182 190
182 192
182 194
182 198
182 207
182 216
182 217
182 219
182 229
182 230
182 234
182 236
182 240
182 243
182 245
182 249
182 250
183 7
183 33
183 35
183 36
183 37
183 38
183 39
183 45
183 47
183 52
183 54
183 58
183 60
183 62
183 63
183 74
183 80
183 81
183 84
183 88
183 90
183 91
183 96
183 97
183 108
183 113
183 114
183 118
183 126
183 129
183 142
183 151
183 153
183 154
183 157
183 163
183 164
183 172
183 177
183 182
183 185
183 194
183 198
183 199
183 201
183 204
183 209
183 213
183 216
183 218
183 237
183 250
184 0
184 4
184 5
184 12
184 30
184 33
184 49
184 72
184 73
184 76
184 82
184 83
184 90
184 100
184 103
184 104
184 106
184 113
184 114
184 119
184 127
184 135
184 138
184 144
184 157
184 159
184 160
184 161
184 163
184 165
184 183
184 194
184 203
184 205
184 207
184 208
184 222
184 230
184 231
184 238
184 240
184 243
184 251
184 254
185 3
185 5
185 13
185 14
185 22
185 30
185 36
185 38
185 41
185 43
185 46
185 55
185 56
185 59
185 64
185 69
185 77
185 78
185 80
185 101
185 102
185 110
185 113
185 118
185 119
185 124
185 126
185 135
185 138
185 139
185 146
185 147
185 149
185 159
185 163
185 166
185 178
185 179
185 182
185 205
185 206
185 207
185 218
185 219
185 221
185 222
185 225
185 234
185 237
185 242
185 246
185 251
185 254
186 1
186 9
186 12
186 17
186 20
186 21
186 27
186 34
186 39
186 44
186 45
186 47
186 48
186 51
186 52
186 54
186 58
186 61
186 76
186 82
186 86
186 93
186 94
186 95
186 109
186 110
186 112
186 114
186 118
186 120
186 122
186 124
186 128
186 130
186 131
186 132
186 133
186 136
186 144
186 145
186 147
186 148
186 160
186 161
186 166
186 180
186 189
186 196
186 197
186 211
186 212
186 221
186 225
186 250
186 251
186 252
187 0
187 4
187 7
187 14
187 20
187 23
187 30
187 39
187 46
187 53
187 56
187 58
187 70
187 76
187 77
187 83
187 87
187 93
187 97
187 99
187 104
187 106
187 120
187 122
187 142
187 146
187 154
187 156
187 162
187 164
187 165
187 172
187 179
187 185
187 196
187 199
187 201
187 205
187 209
187 210
187 215
187 217
187 220
187 228
187 234
187 240
187 243
188 9
188 10
188 12
188 16
188 20
188 28
188 31
188 38
188 48
188 50
188 57
188 61
188 63
188 69
188 70
188 71
188 80
188 81
188 83
188 88
188 93
188 98
188 103
188 110
188 114
188 130
188 135
188 136
188 138
188 139
188 156
188 161
188 163
188 166
188 168
188 173
188 176
188 178
188 180
188 184
188 189
188 190
188 191
188 193
188 206
188 209
188 218
188 219
188 223
188 227
188 228
188 236
188 238
188 245
188 251
189 1
189 15
189 19
189 21
189 22
189 26
189 37
189 41
189 44
189 51
189 57
189 62
189 63
189 68
189 71
189 72
189 73
189 78
189 84
189 85
189 94
189 95
189 100
189 102
189 109
189 110
189 115
189 119
189 126
189 127
189 134
189 137
189 140
189 144
189 146
189 148
189 154
189 156
189 159
189 162
189 163
189 164
189 165
189 167
189 173
189 176
189 178
189 182
189 187
189 195
189 199
189 207
189 208
189 212
189 231
189 244
189 249
189 252
190 5
190 10
190 13
190 15
190 20
190 21
190 25
190 26
190 32
190 35
190 36
190 40
190 49
190 61
190 77
190 84
190 95
190 96
190 97
190 105
190 107
190 108
190 110
190 112
190 113
190 116
190 120
190 123
190 124
190 126
190 137
190 155
190 157
190 159
190 161
190 163
190 165
190 170
190 180
190 181
190 182
190 189
190 200
190 201
190 202
190 211
190 215
190 218
190 219
190 229
190 231
190 242
190 245
190 247
191 2
191 7
191 26
191 31
191 33
191 39
191 43
191 56
191 59
191 60
191 65
191 72
191 75
191 77
191 84
191 86
191 88
191 90
191 95
191 100
191 147
191 149
191 151
191 155
191 167
191 178
191 179
191 192
191 198
191 199
191 200
191 203
191 213
191 214
191 216
191 227
191 232
191 236
191 241
191 247
191 248
192 3
192 6
192 9
192 18
192 20
192 21
192 25
192 31
192 36
192 42
192 45
192 46
192 49
192 50
192 51
192 53
192 63
192 74
192 76
192 82
192 85
192 88
192 96
192 98
192 108
192 120
192 121
192 127
192 128
192 130
192 131
192 148
192 152
192 158
192 159
192 164
192 169
192 174
192 188
192 190
192 201
192 202
192 214
192 220
192 226
192 227
192 233
192 234
192 236
192 240
192 246
192 253
192 254
193 4
193 11
193 20
193 24
193 25
193 28
193 30
193 35
193 36
193 46
193 47
193 51
193 53
193 57
193 62
193 73
193 77
193 83
193 88
193 93
193 96
193 99
193 110
193 111
193 112
193 113
193 115
193 122
193 126
193 129
193 141
193 146
193 147
193 150
193 152
193 155
193 157
193 158
193 161
193 166
193 167
193 177
193 178
193 180
193 181
193 182
193 183
193 185
193 187
193 189
193 194
193 195
193 199
193 214
193 217
193 224
193 226
193 236
193 245
193 246
193 247
194 2
194 5
194 22
194 31
194 32
194 33
194 41
194 49
194 51
194 55
194 57
194 69
194 73
194 84
194 98
194 106
194 110
194 118
194 134
194 135
194 151
194 158
194 163
194 164
194 177
194 192
194 193
194 199
194 205
194 214
194 215
194 219
194 220
194 221
194 233
194 242
195 3
195 13
195 15
195 20
195 24
195 33
195 34
195 40
195 44
195 52
195 55
195 62
195 63
195 67
195 80
195 84
195 87
195 88
195 98
195 99
195 113
195 126
195 127
195 130
195 133
195 140
195 141
195 147
195 154
195 159
195 171
195 173
195 186
195 188
195 191
195 193
195 202
195 207
195 210
195 221
195 222
195 236
195 239
195 240
195 241
195 245
195 249
195 250
196 10
196 12
196 21
196 30
196 32
196 36
196 40
196 41
196 53
196 55
196 59
196 63
196 65
196 69
196 80
196 83
196 85
196 87
196 93
196 97
196 98
196 104
196 118
196 131
196 138
196 146
196 148
196 149
196 153
196 155
196 162
196 168
196 169
196 179
196 181
196 188
196 192
196 199
196 202
196 203
196 213
196 221
196 224
196 225
196 227
196 234
196 239
196 242
196 245
196 247
196 251
196 253
197 6
197 7
197 8
197 11
197 12
197 13
197 21
197 27
197 30
197 34
197 44
197 52
197 55
197 60
197 61
197 64
197 66
197 69
197 70
197 85
197 86
197 88
197 106
197 111
197 115
197 122
197 124
197 129
197 132
197 134
197 139
197 141
197 146
197 149
197 152
197 154
197 176
197 188
197 190
197 191
197 202
197 204
197 224
197 225
197 227
197 229
197 238
197 241
197 248
197 249
198 6
198 9
198 10
198 12
198 16
198 19
198 20
198 22
198 40
198 43
198 47
198 49
198 57
198 59
198 63
198 65
198 70
198 72
198 79
198 85
198 96
198 100
198 110
198 113
198 116
198 119
198 144
198 150
198 152
198 168
198 170
198 181
198 191
198 192
198 193
198 197
198 200
198 203
198 206
198 210
198 212
198 213
198 228
198 236
198 237
198 240
198 241
198 253
199 6
199 20
199 21
199 25
199 29
199 30
199 33
199 35
199 36
199 46
199 55
199 58
199 59
199 63
199 65
199 69
199 71
199 78
199 80
199 82
199 87
199 91
199 93
199 96
199 101
199 113
199 116
199 119
199 125
199 126
199 129
199 138
199 147
199 151
199 156
199 158
199 176
199 177
199 180
199 181
199 185
199 190
199 194
199 197
199 201
199 204
199 206
199 222
199 239
199 247
199 249
199 250
199 253
200 4
200 15
200 24
200 26
200 39
200 44
200 59
200 61
200 63
200 64
200 69
200 71
200 75
200 78
200 90
200 92
200 108
200 109
200 113
200 117
200 118
200 120
200 122
200 131
200 132
200 142
200 161
200 170
200 179
200 180
200 182
200 187
200 188
200 198
200 202
200 205
200 209
200 222
200 225
200 236
200 238
200 239
200 240
200 244
201 0
201 4
201 6
201 8
201 10
201 16
201 18
201 20
201 26
201 29
201 33
201 34
201 46
201 65
201 66
201 67
201 72
201 73
201 76
201 78
201 84
201 87
201 94
201 95
201 107
201 126
201 127
201 130
201 133
201 139
201 141
201 144
201 156
201 157
201 161
201 171
201 178
201 184
201 189
201 190
201 191
201 193
201 207
201 208
201 215
201 217
201 220
201 227
201 231
201 237
201 244
201 246
201 249
201 250
201 253
202 9
202 15
202 20
202 23
202 25
202 31
202 33
202 44
202 50
202 51
202 54
202 55
202 56
202 62
202 63
202 70
202 80
202 92
202 94
202 103
202 115
202 121
202 123
202 134
202 136
202 137
202 141
202 145
202 148
202 157
202 162
202 165
202 173
202 182
202 184
202 191
202 192
202 200
202 207
202 213
202 218
202 222
202 223
202 224
202 236
202 245
202 247
202 254
203 1
203 11
203 12
203 21
203 24
203 32
203 35
203 41
203 46
203 49
203 53
203 56
203 64
203 82
203 84
203 89
203 96
203 99
203 100
203 104
203 111
203 112
203 114
203 118
203 120
203 122
203 123
203 128
203 133
203 140
203 145
203 156
203 160
203 163
203 167
203 188
203 194
203 201
203 202
203 208
203 209
203 210
203 214
203 220
203 221
203 228
203 234
203 250
203 252
203 254
204 9
204 13
204 26
204 38
204 39
204 40
204 54
204 56
204 58
204 65
204 79
204 83
204 86
204 91
204 100
204 104
204 120
204 121
204 123
204 124
204 132
204 138
204 147
204 160
204 161
204 164
204 171
204 176
204 196
204 202
204 208
204 217
204 220
204 221
204 223
204 225
204 227
204 229
204 233
204 235
204 241
204 247
204 248
205 5
205 10
205 11
205 18
205 21
205 25
205 26
205 29
205 30
205 34
205 37
205 39
205 43
205 63
205 65
205 79
205 87
205 95
205 97
205 101
205 103
205 107
205 110
205 115
205 132
205 137
205 140
205 143
205 148
205 154
205 155
205 158
205 164
205 165
205 171
205 183
205 187
205 192
205 199
205 203
205 207
205 216
205 217
205 225
205 226
205 229
205 231
205 237
205 249
205 251
206 1
206 3
206 12
206 17
206 18
206 22
206 23
206 25
206 31
206 32
206 38
206 45
206 49
206 50
206 61
206 62
206 69
206 70
206 79
206 84
206 90
206 100
206 103
206 105
206 106
206 108
206 110
206 111
206 114
206 118
206 123
206 131
206 133
206 134
206 141
206 142
206 143
206 147
206 153
206 156
206 158
206 162
206 176
206 178
206 180
206 191
206 194
206 204
206 208
206 215
206 218
206 222
206 227
206 233
206 244
206 246
206 247
206 252
207 0
207 12
207 13
207 14
207 17
207 27
207 36
207 43
207 44
207 53
207 57
207 60
207 65
207 68
207 72
207 81
207 84
207 88
207 93
207 100
207 110
207 115
207 119
207 125
207 134
207 136
207 148
207 155
207 162
207 164
207 171
207 183
207 184
207 194
207 195
207 197
207 199
207 202
207 209
207 212
207 215
207 217
207 218
207 223
207 233
207 235
207 237
207 244
208 1
208 15
208 24
208 29
208 30
208 31
208 36
208 44
208 47
208 48
208 58
208 59
208 63
208 65
208 87
208 97
208 98
208 99
208 103
208 111
208 117
208 126
208 127
208 136
208 138
208 140
208 142
208 144
208 150
208 152
208 168
208 170
208 177
208 179
208 195
208 199
208 202
208 204
208 216
208 217
208 221
208 224
208 229
208 240
208 241
208 248
209 0
209 2
209 8
209 10
209 13
209 14
209 15
209 18
209 23
209 25
209 26
209 33
209 43
209 45
209 49
209 52
209 59
209 60
209 64
209 67
209 72
209 73
209 74
209 78
209 91
209 92
209 96
209 98
209 106
209 110
209 112
209 121
209 123
209 124
209 135
209 136
209 152
209 154
209 167
209 174
209 176
209 179
209 180
209 183
209 185
209 187
209 190
209 200
209 206
209 208
209 218
209 223
209 249
209 250
209 253
210 9
210 17
210 19
210 24
210 26
210 28
210 30
210 37
210 41
210 42
210 46
210 47
210 62
210 74
210 78
210 85
210 91
210 95
210 98
210 103
210 105
210 106
210 109
210 113
210 117
210 119
210 125
210 142
210 146
210 159
210 161
210 171
210 174
210 189
210 192
210 194
210 203
210 221
210 222
210 225
210 236
210 237
210 239
210 243
210 247
210 254
211 8
211 22
211 23
211 26
211 32
211 46
211 54
211 59
211 60
211 61
211 69
211 71
211 75
211 82
211 85
211 89
211 90
211 94
211 107
211 108
211 114
211 116
211 119
211 120
211 131
211 139
211 149
211 152
211 155
211 164
211 165
211 166
211 170
211 171
211 175
211 181
211 184
211 195
211 199
211 200
211 203
211 205
211 207
211 215
211 218
211 223
211 226
211 231
211 236
211 237
211 238
211 244
211 245
211 253
212 0
212 16
212 19
212 21
212 27
212 33
212 39
212 40
212 41
212 45
212 46
212 49
212 57
212 59
212 69
212 72
212 73
212 78
212 79
212 80
212 84
212 89
212 99
212 101
212 104
212 105
212 119
212 139
212 144
212 145
212 148
212 149
212 155
212 162
212 167
212 170
212 176
212 182
212 183
212 191
212 192
212 208
212 209
212 215
212 219
212 223
212 224
212 231
212 236
212 240
212 250
213 0
213 3
213 6
213 8
213 16
213 17
213 18
213 19
213 23
213 27
213 31
213 33
213 42
213 52
213 54
213 55
213 67
213 68
213 71
213 79
213 87
213 88
213 97
213 98
213 101
213 104
213 105
213 109
213 118
213 123
213 125
213 126
213 130
213 133
213 134
213 136
213 140
213 143
213 148
213 158
213 162
213 164
213 168
213 171
213 173
213 179
213 180
213 186
213 191
213 192
213 195
213 201
213 208
213 210
213 214
213 216
213 217
213 219
213 220
213 221
213 224
213 228
213 229
213 230
213 233
213 237
213 241
213 245
213 247
214 13
214 17
214 19
214 21
214 22
214 23
214 37
214 52
214 54
214 57
214 66
214 67
214 68
214 81
214 83
214 87
214 96
214 103
214 105
214 116
214 120
214 122
214 126
214 128
214 139
214 140
214 143
214 151
214 154
214 158
214 172
214 181
214 185
214 186
214 190
214 197
214 201
214 204
214 209
214 221
214 231
214 235
214 243
214 248
214 251
215 1
215 24
215 28
215 29
215 31
215 35
215 45
215 58
215 59
215 64
215 70
215 77
215 80
215 87
215 91
215 93
215 98
215 101
215 105
215 108
215 111
215 112
215 121
215 122
215 124
215 146
215 149
215 153
215 163
215 177
215 182
215 189
215 193
215 194
215 196
215 197
215 203
215 209
215 213
215 214
215 220
215 223
215 224
215 225
215 233
215 234
215 235
215 243
215 254
216 7
216 11
216 17
216 34
216 38
216 40
216 42
216 43
216 49
216 57
216 73
216 77
216 87
216 90
216 93
216 96
216 110
216 118
216 121
216 124
216 126
216 132
216 138
216 139
216 143
216 144
216 150
216 154
216 155
216 157
216 161
216 162
216 163
216 167
216 174
216 178
216 180
216 181
216 182
216 195
216 213
216 223
216 224
216 228
216 230
216 231
216 232
216 236
216 238
216 242
216 243
216 250
216 254
217 4
217 7
217 12
217 14
217 15
217 16
217 17
217 20
217 21
217 24
217 35
217 36
217 44
217 51
217 58
217 59
217 60
217 63
217 73
217 92
217 94
217 100
217 103
217 121
217 125
217 130
217 132
217 142
217 151
217 154
217 157
217 162
217 163
217 165
217 171
217 174
217 182
217 185
217 189
217 191
217 197
217 199
217 201
217 202
217 203
217 207
217 208
217 214
217 216
217 222
217 225
217 231
217 239
217 253
218 0
218 1
218 2
218 4
218 6
218 11
218 12
218 21
218 22
218 30
218 37
218 42
218 44
218 46
218 47
218 59
218 70
218 73
218 74
218 86
218 87
218 90
218 93
218 99
218 101
218 109
218 110
218 112
218 115
218 125
218 134
218 141
218 144
218 152
218 157
218 160
218 162
218 163
218 172
218 175
218 183
218 188
218 204
218 209
218 215
218 220
218 229
218 231
218 241
218 244
218 250
219 1
219 7
219 10
219 14
219 16
219 17
219 18
219 28
219 35
219 40
219 44
219 45
219 51
219 52
219 55
219 57
219 66
219 87
219 88
219 90
219 96
219 100
219 101
219 104
219 105
219 107
219 109
219 113
219 117
219 130
219 141
219 142
219 159
219 160
219 161
219 191
219 194
219 198
219 203
219 209
219 218
219 221
219 228
219 234
219 240
219 246
219 248
220 4
220 13
220 18
220 23
220 25
220 28
220 31
220 38
220 51
220 63
220 68
220 73
220 77
220 86
220 94
220 98
220 99
220 100
220 102
220 103
220 106
220 109
220 110
220 113
220 121
220 126
220 128
220 134
220 135
220 136
220 138
220 141
220 143
220 144
220 145
220 146
220 147
220 148
220 149
220 151
220 154
220 168
220 171
220 173
220 174
220 177
220 179
220 185
220 186
220 187
220 188
220 196
220 199
220 201
220 202
220 206
220 209
220 217
220 221
220 224
220 225
220 226
220 234
220 236
220 248
220 251
221 7
221 8
221 9
221 10
221 14
221 19
221 20
221 22
221 35
221 50
221 52
221 60
221 62
221 68
221 70
221 79
221 82
221 85
221 87
221 88
221 91
221 92
221 97
221 107
221 123
221 135
221 137
221 151
221 156
221 158
221 159
221 161
221 173
221 174
221 175
221 177
221 182
221 183
221 195
221 209
221 211
221 215
221 238
221 244
222 8
222 12
222 13
222 15
222 19
222 22
222 27
222 31
222 43
222 51
222 69
222 70
222 74
222 82
222 83
222 84
222 87
222 92
222 96
222 101
222 116
222 117
222 119
222 121
222 137
222 143
222 144
222 145
222 146
222 149
222 152
222 153
222 155
222 164
222 174
222 175
222 176
222 178
222 180
222 187
222 192
222 200
222 204
222 221
222 225
222 234
222 235
222 237
222 243
222 244
222 245
223 0
223 7
223 19
223 22
223 25
223 40
223 46
223 56
223 59
223 69
223 70
223 79
223 97
223 100
223 106
223 117
223 118
223 124
223 125
223 144
223 145
223 148
223 159
223 161
223 163
223 164
223 165
223 176
223 178
223 183
223 192
223 202
223 204
223 205
223 211
223 212
223 214
223 215
223 217
223 220
223 221
223 230
223 237
223 239
223 249
223 250
223 252
224 4
224 5
224 13
224 15
224 17
224 18
224 38
224 39
224 49
224 50
224 51
224 52
224 53
224 61
224 68
224 70
224 74
224 78
224 84
224 87
224 93
224 103
224 107
224 117
224 127
224 128
224 129
224 132
224 137
224 140
224 148
224 153
224 160
224 165
224 166
224 170
224 172
224 173
224 177
224 182
224 189
224 191
224 194
224 198
224 200
224 202
224 218
224 230
224 236
224 238
224 239
224 241
224 242
224 247
225 1
225 6
225 7
225 8
225 24
225 33
225 35
225 38
225 46
225 47
225 61
225 80
225 82
225 83
225 84
225 87
225 88
225 90
225 94
225 95
225 96
225 99
225 100
225 102
225 111
225 114
225 115
225 118
225 123
225 125
225 127
225 131
225 138
225 139
225 141
225 149
225 157
225 160
225 181
225 186
225 196
225 205
225 212
225 218
225 221
225 226
225 235
225 250
225 253
226 0
226 2
226 10
226 15
226 17
226 20
226 32
226 36
226 44
226 48
226 57
226 70
226 75
226 76
226 77
226 79
226 86
226 92
226 101
226 112
226 120
226 127
226 128
226 132
226 149
226 152
226 156
226 163
226 164
226 166
226 174
226 183
226 184
226 187
226 191
226 192
226 197
226 202
226 208
226 217
226 222
226 252
226 253
226 254
227 4
227 5
227 9
227 10
227 12
227 15
227 16
227 27
227 35
227 36
227 46
227 49
227 52
227 61
227 83
227 86
227 89
227 91
227 100
227 104
227 106
227 111
227 112
227 114
227 116
227 122
227 123
227 126
227 129
227 139
227 141
227 142
227 143
227 161
227 173
227 176
227 181
227 182
227 192
227 200
227 203
227 213
227 215
227 219
227 221
227 229
227 234
227 240
227 242
227 250
227 251
228 0
228 13
228 14
228 24
228 30
228 32
228 49
228 51
228 59
228 74
228 75
228 78
228 81
228 93
228 100
228 109
228 111
228 117
228 121
228 122
228 126
228 142
228 148
228 154
228 158
228 168
228 170
228 173
228 185
228 201
228 205
228 206
228 220
228 225
228 226
228 229
228 232
228 236
228 240
228 248
228 249
228 252
229 5
229 9
229 10
229 39
229 41
229 42
229 55
229 58
229 61
229 66
229 72
229 81
229 86
229 95
229 100
229 101
229 109
229 124
229 126
229 127
229 129
229 131
229 138
229 144
229 154
229 156
229 158
229 159
229 165
229 177
229 183
229 184
229 195
229 206
229 209
229 211
229 212
229 213
229 214
229 215
229 216
229 222
229 223
229 225
229 226
229 236
229 237
229 241
229 253
230 1
230 2
230 5
230 13
230 14
230 19
230 20
230 25
230 30
230 37
230 39
230 40
230 43
230 48
230 51
230 58
230 64
230 65
230 71
230 72
230 74
230 81
230 83
230 98
230 104
230 108
230 118
230 125
230 129
230 130
230 144
230 150
230 155
230 159
230 164
230 167
230 168
230 177
230 178
230 182
230 187
230 192
230 196
230 197
230 204
230 205
230 207
230 208
230 228
230 235
230 246
231 1
231 12
231 15
231 16
231 23
231 26
231 28
231 43
231 47
231 53
231 68
231 78
231 79
231 83
231 85
231 100
231 102
231 104
231 108
231 114
231 116
231 120
231 128
231 131
231 132
231 135
231 138
231 141
231 143
231 147
231 150
231 153
231 162
231 166
231 172
231 179
231 184
231 187
231 190
231 191
231 205
231 207
231 219
231 223
231 224
231 225
231 227
231 229
231 230
231 232
231 241
231 243
231 249
231 254
232 0
232 6
232 10
232 11
232 13
232 16
232 38
232 42
232 43
232 51
232 52
232 54
232 55
232 62
232 63
232 64
232 68
232 72
232 75
232 87
232 93
232 98
232 99
232 101
232 107
232 111
232 118
232 122
232 124
232 126
232 131
232 132
232 134
232 135
232 137
232 141
232 158
232 161
232 166
232 168
232 169
232 170
232 184
232 190
232 197
232 198
232 206
232 207
232 208
232 214
232 215
232 216
232 217
232 218
232 225
232 228
232 230
232 244
232 246
233 2
233 6
233 10
233 19
233 24
233 31
233 36
233 43
233 48
233 49
233 54
233 64
233 66
233 68
233 74
233 78
233 82
233 88
233 90
233 101
233 112
233 115
233 122
233 131
233 133
233 139
233 160
233 167
233 170
233 176
233 184
233 194
233 198
233 207
233 209
233 211
233 216
233 217
233 221
233 225
233 228
233 230
233 236
233 237
233 239
233 243
233 249
234 0
234 4
234 5
234 11
234 12
234 13
234 14
234 16
234 17
234 37
234 40
234 42
234 53
234 57
234 67
234 68
234 71
234 72
234 84
234 87
234 101
234 102
234 105
234 113
234 115
234 117
234 132
234 139
234 142
234 143
234 145
234 148
234 149
234 153
234 155
234 158
234 162
234 163
234 172
234 179
234 203
234 204
234 207
234 210
234 212
234 214
234 217
234 223
234 229
234 232
234 239
234 240
234 241
234 245
234 254
235 11
235 17
235 18
235 20
235 21
235 23
235 34
235 41
235 46
235 50
235 52
235 58
235 65
235 69
235 83
235 84
235 89
235 90
235 92
235 100
235 111
235 118
235 120
235 121
235 127
235 129
235 134
235 139
235 143
235 144
235 147
235 153
235 156
235 172
235 174
235 175
235 176
235 178
235 181
235 183
235 190
235 194
235 199
235 200
235 206
235 209
235 215
235 218
235 225
235 234
235 237
235 239
235 240
235 246
235 253
236 5
236 11
236 15
236 16
236 32
236 43
236 46
236 48
236 58
236 59
236 61
236 64
236 66
236 70
236 73
236 83
236 84
236 88
236 89
236 96
236 99
236 108
236 109
236 111
236 116
236 118
236 121
236 122
236 124
236 125
236 127
236 131
236 138
236 143
236 146
236 153
236 156
236 160
236 168
236 181
236 182
236 188
236 194
236 195
236 196
236 198
236 211
236 218
236 221
236 226
236 232
236 237
236 239
236 241
236 248
236 253
237 5
237 8
237 11
237 13
237 16
237 27
237 32
237 35
237 46
237 52
237 55
237 56
237 67
237 70
237 73
237 83
237 88
237 89
237 93
237 102
237 109
237 113
237 125
237 127
237 132
237 135
237 142
237 146
237 153
237 157
237 161
237 162
237 166
237 175
237 179
237 180
237 184
237 186
237 187
237 188
237 191
237 197
237 199
237 201
237 204
237 214
237 227
237 232
237 247
237 249
237 251
238 3
238 5
238 10
238 16
238 18
238 22
238 28
238 30
238 35
238 36
238 46
238 52
238 53
238 54
238 57
238 58
238 68
238 81
238 83
238 112
238 113
238 115
238 118
238 134
238 136
238 137
238 160
238 161
238 164
238 167
238 178
238 185
238 189
238 190
238 192
238 196
238 199
238 205
238 207
238 224
238 227
238 232
238 239
238 248
238 254
239 6
239 14
239 18
239 24
239 26
239 28
239 29
239 31
239 41
239 47
239 56
239 57
239 58
239 61
239 69
239 70
239 71
239 72
239 74
239 81
239 83
239 85
239 87
239 88
239 91
239 95
239 98
239 105
239 112
239 118
239 127
239 133
239 135
239 141
239 143
239 145
239 149
239 150
239 154
239 170
239 172
239 179
239 181
239 183
239 184
239 189
239 190
239 207
239 209
239 210
239 216
239 223
239 226
239 231
239 233
239 234
239 240
239 244
239 252
239 253
240 0
240 3
240 4
240 8
240 12
240 18
240 20
240 24
240 28
240 31
240 32
240 34
240 35
240 36
240 39
240 43
240 44
240 47
240 56
240 60
240 62
240 78
240 83
240 84
240 95
240 100
240 101
240 104
240 107
240 114
240 118
240 120
240 123
240 124
240 127
240 130
240 132
240 135
240 143
240 147
240 148
240 155
240 156
240 160
240 162
240 172
240 176
240 177
240 188
240 192
240 193
240 200
240 210
240 215
240 235
240 241
240 246
240 248
241 1
241 3
241 4
241 7
241 11
241 13
241 14
241 26
241 32
241 33
241 40
241 45
241 49
241 50
241 52
241 58
241 63
241 66
241 71
241 72
241 77
241 79
241 86
241 89
241 92
241 97
241 101
241 114
241 134
241 135
241 139
241 140
241 141
241 146
241 154
241 155
241 157
241 161
241 163
241 167
241 185
241 188
241 190
241 193
241 198
241 201
241 209
241 212
241 220
241 224
241 227
241 231
241 233
241 235
241 243
241 245
241 253
242 0
242 8
242 20
242 27
242 35
242 36
242 41
242 47
242 56
242 61
242 66
242 70
242 73
242 84
242 87
242 89
242 91
242 95
242 103
242 104
242 110
242 114
242 116
242 119
242 128
242 145
242 148
242 149
242 156
242 163
242 164
242 169
242 170
242 171
242 183
242 184
242 192
242 204
242 205
242 209
242 210
242 214
242 219
242 222
242 223
242 224
242 225
242 237
242 238
242 249
242 254
243 7
243 22
243 30
243 31
243 39
243 47
243 52
243 58
243 60
243 62
243 65
243 77
243 78
243 79
243 84
243 85
243 89
243 91
243 93
243 100
243 104
243 108
243 111
243 119
243 120
243 122
243 126
243 130
243 136
243 141
243 147
243 149
243 174
243 204
243 207
243 214
243 215
243 223
243 226
243 231
243 233
243 235
243 237
243 240
243 247
243 248
243 254
244 0
244 8
244 15
244 16
244 19
244 20
244 29
244 31
244 41
244 48
244 58
244 61
244 68
244 75
244 79
244 81
244 83
244 85
244 91
244 93
244 96
244 103
244 116
244 117
244 123
244 124
244 127
244 136
244 140
244 141
244 151
244 153
244 154
244 156
244 158
244 160
244 164
244 165
244 167
244 190
244 191
244 194
244 203
244 204
244 207
244 210
244 224
244 226
244 228
244 230
244 231
244 239
244 245
244 250
244 251
245 16
245 17
245 22
245 27
245 29
245 30
245 34
245 37
245 39
245 47
245 56
245 59
245 65
245 67
245 77
245 78
245 87
245 90
245 91
245 93
245 95
245 100
245 102
245 119
245 123
245 128
245 130
245 139
245 143
245 146
245 167
245 169
245 175
245 183
245 188
245 189
245 193
245 198
245 201
245 208
245 210
245 211
245 217
245 220
245 235
245 237
245 239
245 243
245 244
245 249
246 2
246 3
246 5
246 12
246 17
246 26
246 37
246 40
246 46
246 47
246 51
246 53
246 71
246 76
246 77
246 78
246 90
246 95
246 99
246 107
246 111
246 120
246 124
246 127
246 129
246 144
246 149
246 150
246 153
246 157
246 158
246 161
246 167
246 173
246 176
246 177
246 180
246 181
246 188
246 190
246 195
246 196
246 198
246 200
246 213
246 215
246 218
246 220
246 225
246 227
246 228
246 232
246 234
246 240
246 244
246 249
247 1
247 5
247 9
247 19
247 23
247 29
247 40
247 46
247 60
247 62
247 69
247 88
247 90
247 95
247 101
247 111
247 120
247 124
247 127
247 132
247 133
247 153
247 154
247 155
247 156
247 159
247 162
247 168
247 170
247 171
247 176
247 189
247 192
247 195
247 210
247 215
247 216
247 232
247 240
247 246
247 249
248 2
248 7
248 41
248 43
248 45
248 57
248 59
248 62
248 63
248 68
248 71
248 74
248 77
248 78
248 79
248 86
248 88
248 91
248 94
248 100
248 107
248 108
248 111
248 121
248 135
248 143
248 147
248 152
248 153
248 154
248 158
248 165
248 172
248 179
248 180
248 182
248 184
248 185
248 187
248 188
248 189
248 200
248 208
248 215
248 216
248 222
248 227
248 229
248 230
248 232
248 235
248 240
248 242
248 246
248 249
249 0
249 15
249 28
249 34
249 37
249 41
249 49
249 53
249 61
249 65
249 70
249 72
249 77
249 78
249 80
249 81
249 87
249 92
249 105
249 112
249 121
249 123
249 125
249 126
249 128
249 129
249 131
249 134
249 151
249 152
249 153
249 159
249 168
249 177
249 180
249 186
249 201
249 204
249 210
249 218
249 219
249 223
249 234
249 236
249 241
249 248
249 251
250 7
250 10
250 15
250 18
250 24
250 25
250 32
250 38
250 46
250 50
250 56
250 59
250 65
250 67
250 68
250 78
250 81
250 98
250 102
250 104
250 105
250 117
250 120
250 121
250 127
250 128
250 131
250 140
250 148
250 149
250 151
250 156
250 161
250 164
250 169
250 171
250 172
250 175
250 178
250 179
250 187
250 196
250 204
250 212
250 215
250 219
250 221
250 226
250 227
250 228
250 230
250 236
250 237
250 252
251 3
251 14
251 23
251 25
251 29
251 37
251 43
251 44
251 48
251 49
251 53
251 62
251 64
251 66
251 77
251 79
251 80
251 82
251 91
251 92
251 99
251 100
251 102
251 114
251 118
251 124
251 144
251 148
251 152
251 154
251 158
251 166
251 173
251 177
251 181
251 195
251 196
251 199
251 202
251 204
251 206
251 210
251 211
251 220
251 226
251 228
251 233
251 239
251 246
252 3
252 5
252 9
252 15
252 16
252 29
252 39
252 40
252 46
252 47
252 64
252 66
252 73
252 74
252 75
252 76
252 80
252 83
252 86
252 88
252 100
252 102
252 106
252 112
252 115
252 118
252 129
252 132
252 140
252 142
252 144
252 146
252 149
252 150
252 152
252 153
252 155
252 158
252 162
252 166
252 176
252 178
252 183
252 188
252 192
252 200
252 211
252 216
252 218
252 221
252 222
252 224
252 225
252 230
252 233
252 234
252 236
252 251
253 1
253 3
253 4
253 5
253 9
253 10
253 12
253 16
253 19
253 28
253 37
253 42
253 43
253 46
253 47
253 53
253 56
253 57
253 71
253 83
253 84
253 85
253 102
253 106
253 109
253 110
253 117
253 119
253 131
253 135
253 145
253 148
253 152
253 153
253 166
253 171
253 173
253 174
253 176
253 179
253 186
253 187
253 190
253 194
253 201
253 203
253 206
253 207
253 211
253 212
253 214
253 228
253 230
253 237
253 238
253 246
253 247
253 250
253 252
253 254
254 3
254 5
254 9
254 23
254 27
254 28
254 29
254 30
254 35
254 44
254 45
254 46
254 47
254 48
254 56
254 71
254 73
254 74
254 82
254 91
254 92
254 104
254 105
254 106
254 121
254 122
254 126
254 137
254 142
254 143
254 147
254 149
254 155
254 174
254 175
254 188
254 190
254 191
254 199
254 200
254 203
254 209
254 211
254 212
254 215
254 224
254 229
254 233
254 239
254 249
254 250
