195
0 9
0 15
0 16
0 21
0 29
0 30
0 33
0 35
0 37
0 38
0 44
0 51
0 52
0 72
0 76
0 81
0 86
0 87
0 89
0 101
0 116
0 119
0 123
0 125
0 129
0 130
0 135
0 154
0 155
0 164
0 165
0 169
0 171
0 181
0 182
0 183
0 188
0 189
0 191
0 193
1 13
1 19
1 20
1 32
1 36
1 40
1 42
1 46
1 48
1 49
1 50
1 51
1 52
1 53
1 58
1 59
1 60
1 66
1 67
1 68
1 72
1 80
1 91
1 93
1 102
1 109
1 128
1 131
1 133
1 136
1 147
1 157
1 158
1 160
1 161
1 162
1 165
1 176
2 17
2 19
2 28
2 29
2 30
2 33
2 34
2 43
2 45
2 50
2 53
2 60
2 67
2 71
2 79
2 90
2 91
2 92
2 96
2 107
2 115
2 121
2 125
2 126
2 127
2 129
2 131
2 135
2 138
2 147
2 151
2 156
2 161
2 170
2 174
2 178
2 186
2 187
3 1
3 4
3 6
3 24
3 27
3 28
3 32
3 47
3 64
3 65
3 74
3 79
3 82
3 84
3 85
3 91
3 97
3 98
3 106
3 109
3 112
3 117
3 118
3 122
3 124
3 126
3 130
3 134
3 140
3 146
3 147
3 155
3 159
3 161
3 167
3 177
3 178
3 184
3 194
4 0
4 2
4 10
4 26
4 30
4 34
4 41
4 55
4 56
4 62
4 63
4 68
4 94
4 96
4 104
4 112
4 115
4 127
4 137
4 138
4 141
4 147
4 151
4 156
4 165
4 166
4 168
4 171
4 178
4 179
4 180
4 185
4 187
4 189
5 2
5 4
5 7
5 11
5 15
5 20
5 21
5 26
5 30
5 41
5 42
5 46
5 49
5 55
5 60
5 63
5 77
5 89
5 93
5 102
5 105
5 112
5 116
5 125
5 126
5 127
5 129
5 133
5 135
5 139
5 140
5 143
5 144
5 146
5 147
5 151
5 153
5 158
5 160
5 161
5 162
5 182
5 185
5 187
5 191
6 1
6 4
6 9
6 10
6 13
6 22
6 24
6 27
6 30
6 32
6 33
6 35
6 37
6 40
6 43
6 48
6 51
6 60
6 62
6 70
6 71
6 72
6 84
6 93
6 95
6 97
6 106
6 109
6 116
6 117
6 123
6 124
6 127
6 129
6 130
6 134
6 150
6 153
6 158
6 164
6 165
6 168
6 170
6 173
6 176
6 182
6 186
6 187
6 191
7 11
7 37
7 42
7 59
7 71
7 72
7 99
7 102
7 120
7 121
7 122
7 128
7 145
7 148
7 151
7 152
7 153
7 156
7 157
7 159
7 161
7 163
7 164
7 165
7 169
7 173
7 189
7 194
8 6
8 7
8 11
8 20
8 22
8 29
8 31
8 34
8 35
8 36
8 37
8 38
8 39
8 42
8 45
8 46
8 47
8 48
8 49
8 51
8 60
8 61
8 62
8 63
8 64
8 67
8 69
8 72
8 73
8 79
8 80
8 86
8 89
8 96
8 108
8 114
8 122
8 124
8 126
8 128
8 133
8 152
8 153
8 158
8 168
8 179
8 180
8 181
8 190
8 192
9 3
9 7
9 13
9 18
9 20
9 32
9 37
9 49
9 52
9 71
9 86
9 87
9 108
9 109
9 116
9 118
9 120
9 131
9 137
9 142
9 151
9 152
9 157
9 163
9 166
9 169
9 173
9 178
9 182
9 187
10 2
10 3
10 15
10 22
10 24
10 30
10 31
10 41
10 44
10 48
10 58
10 63
10 72
10 74
10 80
10 81
10 84
10 85
10 92
10 93
10 97
10 98
10 105
10 138
10 142
10 150
10 153
10 154
10 155
10 166
10 176
10 177
10 179
10 186
10 190
11 7
11 9
11 27
11 30
11 35
11 36
11 40
11 55
11 57
11 58
11 66
11 69
11 73
11 77
11 79
11 83
11 101
11 104
11 108
11 115
11 116
11 117
11 123
11 125
11 127
11 135
11 136
11 137
11 142
11 144
11 145
11 146
11 153
11 157
11 165
11 174
11 177
11 192
11 193
12 6
12 18
12 19
12 25
12 34
12 38
12 44
12 46
12 51
12 57
12 58
12 63
12 64
12 73
12 83
12 84
12 85
12 88
12 97
12 99
12 101
12 111
12 129
12 134
12 140
12 142
12 144
12 151
12 154
12 158
12 167
12 173
12 188
13 3
13 4
13 12
13 14
13 15
13 20
13 29
13 37
13 39
13 43
13 48
13 54
13 56
13 68
13 74
13 77
13 82
13 83
13 87
13 89
13 92
13 102
13 116
13 117
13 123
13 124
13 126
13 134
13 138
13 144
13 148
13 156
13 171
13 178
13 189
13 193
14 3
14 13
14 15
14 17
14 28
14 30
14 32
14 43
14 46
14 47
14 51
14 59
14 64
14 66
14 77
14 78
14 83
14 84
14 90
14 92
14 100
14 105
14 106
14 109
14 120
14 123
14 124
14 126
14 128
14 136
14 137
14 149
14 151
14 157
14 170
14 173
14 178
14 180
14 190
14 194
15 4
15 13
15 16
15 19
15 20
15 30
15 35
15 37
15 47
15 62
15 72
15 76
15 82
15 94
15 96
15 101
15 109
15 111
15 118
15 119
15 122
15 128
15 129
15 130
15 144
15 145
15 148
15 155
15 157
15 159
15 167
15 181
15 186
15 187
16 6
16 8
16 17
16 20
16 21
16 23
16 39
16 41
16 42
16 45
16 49
16 50
16 57
16 58
16 67
16 68
16 87
16 89
16 90
16 91
16 95
16 99
16 100
16 105
16 108
16 114
16 116
16 120
16 122
16 123
16 130
16 131
16 146
16 152
16 154
16 158
16 163
16 165
16 167
16 169
16 170
16 171
16 172
16 177
16 178
16 181
16 182
17 1
17 3
17 5
17 8
17 14
17 18
17 28
17 31
17 39
17 46
17 47
17 51
17 52
17 53
17 54
17 61
17 70
17 71
17 74
17 79
17 81
17 85
17 96
17 99
17 112
17 122
17 123
17 128
17 132
17 133
17 136
17 142
17 143
17 148
17 152
17 161
17 167
17 179
17 184
17 190
17 191
18 6
18 12
18 20
18 21
18 22
18 28
18 35
18 41
18 43
18 48
18 50
18 51
18 52
18 56
18 57
18 58
18 61
18 69
18 73
18 83
18 102
18 105
18 106
18 107
18 122
18 127
18 128
18 129
18 130
18 134
18 136
18 157
18 171
18 181
18 182
18 184
18 185
19 8
19 23
19 30
19 34
19 41
19 43
19 45
19 46
19 61
19 66
19 68
19 75
19 78
19 88
19 90
19 95
19 96
19 109
19 112
19 116
19 119
19 122
19 130
19 132
19 137
19 141
19 170
19 177
19 180
19 181
19 184
19 185
20 9
20 10
20 19
20 26
20 39
20 41
20 43
20 48
20 74
20 78
20 81
20 85
20 86
20 88
20 100
20 102
20 105
20 109
20 114
20 124
20 130
20 135
20 140
20 145
20 151
20 152
20 158
20 163
20 165
20 171
20 173
20 176
20 178
21 20
21 27
21 30
21 32
21 47
21 49
21 52
21 53
21 57
21 61
21 64
21 67
21 70
21 72
21 73
21 76
21 81
21 85
21 91
21 93
21 97
21 99
21 104
21 107
21 121
21 127
21 131
21 136
21 139
21 140
21 141
21 146
21 150
21 154
21 161
21 165
21 171
21 174
21 178
21 180
21 189
21 191
22 5
22 8
22 11
22 25
22 26
22 30
22 38
22 53
22 61
22 68
22 77
22 79
22 80
22 95
22 101
22 110
22 121
22 128
22 133
22 141
22 147
22 155
22 156
22 168
22 172
22 173
22 178
22 179
22 181
22 183
22 189
22 191
22 192
23 7
23 13
23 14
23 16
23 22
23 37
23 48
23 51
23 61
23 62
23 69
23 73
23 74
23 77
23 80
23 84
23 85
23 92
23 97
23 100
23 101
23 106
23 111
23 117
23 119
23 121
23 126
23 129
23 130
23 135
23 141
23 144
23 145
23 148
23 156
23 164
23 165
23 170
23 177
23 188
23 192
23 194
24 5
24 10
24 17
24 19
24 31
24 40
24 47
24 51
24 52
24 53
24 54
24 61
24 74
24 76
24 78
24 81
24 91
24 96
24 107
24 111
24 115
24 127
24 133
24 134
24 138
24 139
24 144
24 151
24 152
24 161
24 162
24 163
24 167
24 169
24 170
24 173
24 180
24 187
25 11
25 17
25 21
25 33
25 34
25 36
25 39
25 40
25 42
25 48
25 54
25 61
25 62
25 66
25 76
25 83
25 95
25 96
25 99
25 104
25 113
25 119
25 131
25 139
25 143
25 147
25 151
25 152
25 154
25 158
25 160
25 165
25 171
25 174
25 178
25 181
25 183
25 189
25 191
26 0
26 4
26 8
26 12
26 24
26 27
26 40
26 44
26 52
26 62
26 68
26 70
26 74
26 78
26 91
26 94
26 103
26 107
26 111
26 116
26 131
26 139
26 142
26 143
26 144
26 149
26 153
26 159
26 160
26 164
26 181
26 184
26 187
26 194
27 0
27 5
27 6
27 10
27 17
27 22
27 34
27 35
27 44
27 48
27 52
27 55
27 59
27 61
27 66
27 72
27 83
27 84
27 86
27 91
27 97
27 99
27 103
27 104
27 107
27 112
27 118
27 125
27 128
27 130
27 137
27 139
27 153
27 155
27 159
27 160
27 164
27 169
27 175
27 184
27 192
27 193
28 11
28 13
28 21
28 27
28 29
28 34
28 35
28 36
28 42
28 43
28 50
28 53
28 56
28 57
28 62
28 67
28 68
28 72
28 76
28 81
28 85
28 101
28 105
28 108
28 109
28 111
28 116
28 117
28 124
28 125
28 131
28 151
28 156
28 159
28 167
28 179
28 192
28 194
29 0
29 1
29 4
29 5
29 6
29 11
29 14
29 15
29 24
29 25
29 26
29 31
29 35
29 36
29 40
29 52
29 58
29 70
29 89
29 91
29 92
29 95
29 100
29 103
29 110
29 112
29 113
29 114
29 118
29 126
29 130
29 133
29 138
29 139
29 141
29 150
29 151
29 155
29 165
29 169
29 172
29 173
29 176
29 181
29 183
29 191
30 1
30 3
30 4
30 5
30 8
30 10
30 11
30 18
30 19
30 24
30 33
30 34
30 47
30 49
30 51
30 53
30 64
30 66
30 73
30 74
30 79
30 82
30 83
30 84
30 91
30 93
30 99
30 110
30 118
30 122
30 126
30 145
30 147
30 168
30 176
30 181
30 184
30 189
31 2
31 9
31 12
31 15
31 19
31 22
31 23
31 28
31 42
31 43
31 47
31 64
31 76
31 80
31 81
31 82
31 94
31 98
31 104
31 113
31 126
31 150
31 152
31 155
31 156
31 161
31 167
31 171
31 185
32 0
32 8
32 9
32 11
32 25
32 28
32 30
32 34
32 38
32 42
32 43
32 44
32 52
32 53
32 65
32 67
32 69
32 74
32 82
32 86
32 91
32 100
32 115
32 116
32 118
32 119
32 132
32 150
32 153
32 154
32 161
32 165
32 166
32 169
32 178
32 179
32 180
32 183
32 186
32 190
33 12
33 13
33 14
33 17
33 37
33 38
33 39
33 40
33 45
33 49
33 68
33 69
33 77
33 81
33 83
33 84
33 88
33 105
33 116
33 125
33 130
33 134
33 136
33 144
33 147
33 153
33 161
33 181
33 194
34 4
34 20
34 27
34 29
34 36
34 50
34 67
34 71
34 73
34 78
34 79
34 83
34 85
34 87
34 90
34 103
34 110
34 117
34 118
34 126
34 131
34 133
34 139
34 148
34 153
34 160
34 163
34 165
34 167
34 170
34 172
34 175
34 184
34 185
34 187
34 188
34 193
35 1
35 3
35 5
35 8
35 12
35 18
35 21
35 22
35 30
35 37
35 39
35 41
35 51
35 58
35 59
35 63
35 64
35 68
35 70
35 72
35 77
35 83
35 89
35 90
35 96
35 97
35 100
35 104
35 107
35 108
35 140
35 145
35 147
35 148
35 161
35 165
35 176
35 186
35 188
35 194
36 2
36 9
36 13
36 14
36 16
36 23
36 33
36 43
36 49
36 52
36 53
36 55
36 57
36 58
36 63
36 65
36 69
36 75
36 84
36 85
36 90
36 104
36 106
36 112
36 126
36 128
36 134
36 143
36 148
36 158
36 159
36 182
36 188
36 190
36 191
37 8
37 9
37 11
37 14
37 17
37 21
37 32
37 49
37 57
37 61
37 67
37 69
37 75
37 78
37 79
37 86
37 91
37 98
37 111
37 119
37 126
37 142
37 145
37 147
37 163
37 165
37 168
37 170
37 175
37 181
37 182
37 188
37 194
38 18
38 19
38 22
38 23
38 29
38 33
38 43
38 48
38 61
38 64
38 67
38 77
38 85
38 112
38 114
38 115
38 117
38 123
38 131
38 132
38 136
38 143
38 153
38 154
38 158
38 160
38 174
38 179
38 186
38 191
39 0
39 11
39 19
39 28
39 30
39 37
39 41
39 43
39 46
39 49
39 51
39 58
39 65
39 68
39 70
39 93
39 96
39 98
39 112
39 115
39 122
39 125
39 127
39 128
39 137
39 140
39 141
39 146
39 147
39 165
39 169
39 174
39 184
39 187
39 188
39 192
40 3
40 15
40 28
40 35
40 51
40 57
40 58
40 63
40 64
40 69
40 75
40 81
40 82
40 84
40 93
40 95
40 99
40 101
40 103
40 105
40 108
40 121
40 125
40 128
40 137
40 141
40 145
40 157
40 166
40 170
40 173
40 174
40 175
40 177
40 179
40 182
40 184
40 185
40 186
40 190
40 191
40 192
41 8
41 22
41 27
41 30
41 40
41 42
41 44
41 60
41 66
41 68
41 87
41 88
41 95
41 103
41 104
41 105
41 108
41 112
41 121
41 124
41 127
41 128
41 129
41 141
41 156
41 157
41 165
41 166
41 168
41 170
41 181
41 183
41 187
42 16
42 22
42 27
42 35
42 38
42 40
42 41
42 43
42 45
42 58
42 61
42 65
42 66
42 72
42 75
42 78
42 87
42 95
42 96
42 100
42 101
42 107
42 109
42 113
42 115
42 118
42 119
42 122
42 133
42 141
42 151
42 152
42 157
42 160
42 168
42 169
42 173
42 181
42 190
42 191
42 192
43 0
43 22
43 29
43 36
43 40
43 45
43 46
43 54
43 55
43 56
43 67
43 68
43 69
43 72
43 73
43 76
43 84
43 86
43 88
43 95
43 101
43 106
43 107
43 111
43 112
43 115
43 117
43 118
43 121
43 122
43 124
43 128
43 129
43 130
43 134
43 135
43 145
43 148
43 158
43 174
43 178
43 183
43 184
43 185
44 5
44 8
44 10
44 24
44 29
44 39
44 40
44 53
44 55
44 57
44 58
44 59
44 80
44 81
44 83
44 93
44 102
44 115
44 117
44 122
44 127
44 135
44 140
44 141
44 145
44 150
44 161
44 164
44 175
44 183
44 188
44 193
44 194
45 0
45 6
45 9
45 12
45 28
45 34
45 40
45 48
45 50
45 51
45 53
45 54
45 62
45 68
45 76
45 77
45 98
45 99
45 100
45 101
45 112
45 113
45 121
45 127
45 137
45 150
45 154
45 156
45 157
45 159
45 163
45 165
45 166
45 179
45 182
45 185
46 0
46 1
46 4
46 6
46 12
46 21
46 24
46 38
46 39
46 48
46 50
46 64
46 70
46 73
46 80
46 85
46 86
46 90
46 91
46 97
46 102
46 108
46 110
46 112
46 127
46 139
46 141
46 142
46 147
46 149
46 153
46 158
46 161
46 163
46 164
46 168
46 169
46 170
46 172
46 173
46 177
46 181
46 186
46 193
47 5
47 6
47 7
47 10
47 14
47 24
47 28
47 29
47 31
47 32
47 35
47 38
47 41
47 54
47 65
47 73
47 90
47 95
47 98
47 106
47 113
47 115
47 119
47 128
47 130
47 143
47 144
47 146
47 148
47 149
47 152
47 157
47 169
47 172
47 174
47 188
47 189
48 4
48 6
48 18
48 25
48 27
48 35
48 36
48 42
48 43
48 45
48 49
48 50
48 52
48 60
48 64
48 71
48 87
48 88
48 93
48 97
48 104
48 106
48 114
48 122
48 138
48 144
48 147
48 149
48 150
48 151
48 159
48 163
48 165
48 166
48 177
48 178
48 191
48 192
49 1
49 9
49 10
49 12
49 13
49 14
49 21
49 32
49 33
49 34
49 45
49 46
49 50
49 57
49 58
49 62
49 64
49 68
49 69
49 73
49 81
49 91
49 100
49 111
49 130
49 131
49 137
49 141
49 144
49 157
49 162
49 173
49 175
49 177
49 181
49 189
49 191
50 2
50 7
50 12
50 16
50 24
50 25
50 26
50 32
50 55
50 58
50 67
50 74
50 91
50 98
50 99
50 102
50 106
50 113
50 118
50 119
50 127
50 142
50 145
50 146
50 150
50 151
50 152
50 153
50 161
50 164
50 170
50 178
50 179
50 191
51 0
51 3
51 5
51 6
51 13
51 16
51 17
51 28
51 33
51 40
51 44
51 63
51 66
51 68
51 77
51 78
51 91
51 92
51 94
51 103
51 106
51 109
51 111
51 114
51 118
51 121
51 122
51 129
51 130
51 132
51 133
51 137
51 139
51 140
51 150
51 160
51 175
51 188
51 193
51 194
52 0
52 1
52 4
52 5
52 17
52 47
52 58
52 63
52 65
52 66
52 74
52 75
52 84
52 92
52 94
52 96
52 106
52 107
52 111
52 120
52 123
52 125
52 130
52 131
52 133
52 138
52 139
52 140
52 142
52 147
52 150
52 155
52 162
52 171
52 182
52 187
52 189
52 193
53 6
53 10
53 21
53 23
53 31
53 46
53 55
53 59
53 61
53 63
53 70
53 74
53 85
53 86
53 103
53 105
53 107
53 111
53 127
53 129
53 133
53 148
53 149
53 150
53 155
53 159
53 165
53 168
53 172
53 173
53 177
53 178
53 183
53 184
53 190
54 1
54 2
54 3
54 6
54 9
54 12
54 14
54 15
54 30
54 40
54 41
54 43
54 46
54 47
54 49
54 50
54 51
54 61
54 71
54 72
54 74
54 77
54 79
54 85
54 86
54 97
54 99
54 101
54 108
54 109
54 117
54 124
54 132
54 137
54 138
54 141
54 143
54 147
54 148
54 151
54 155
54 157
54 158
54 162
54 170
54 175
54 185
54 186
54 189
54 193
55 0
55 1
55 9
55 17
55 23
55 24
55 27
55 29
55 31
55 37
55 40
55 41
55 48
55 51
55 52
55 54
55 56
55 62
55 66
55 72
55 73
55 77
55 80
55 86
55 89
55 95
55 99
55 100
55 101
55 112
55 114
55 121
55 140
55 153
55 154
55 155
55 165
55 188
55 189
55 191
55 192
56 2
56 3
56 23
56 24
56 32
56 41
56 42
56 45
56 50
56 54
56 61
56 62
56 63
56 72
56 88
56 91
56 92
56 94
56 95
56 99
56 100
56 102
56 103
56 105
56 117
56 124
56 137
56 151
56 155
56 156
56 159
56 162
56 165
56 169
56 173
56 174
56 177
56 182
56 185
56 187
56 188
56 191
57 2
57 3
57 7
57 19
57 20
57 28
57 29
57 34
57 42
57 48
57 51
57 55
57 73
57 77
57 81
57 87
57 94
57 107
57 115
57 119
57 127
57 129
57 131
57 156
57 164
57 182
57 185
57 188
57 190
57 192
57 193
58 4
58 6
58 8
58 11
58 18
58 26
58 30
58 38
58 49
58 53
58 64
58 69
58 71
58 72
58 77
58 83
58 88
58 96
58 105
58 109
58 110
58 115
58 122
58 125
58 133
58 136
58 141
58 144
58 145
58 152
58 154
58 161
58 164
58 173
58 183
58 191
58 192
58 194
59 13
59 17
59 25
59 29
59 34
59 35
59 47
59 48
59 49
59 50
59 56
59 58
59 60
59 62
59 64
59 73
59 74
59 81
59 82
59 85
59 89
59 100
59 109
59 110
59 118
59 123
59 129
59 131
59 137
59 142
59 147
59 149
59 152
59 153
59 157
59 172
59 175
59 178
59 183
60 2
60 4
60 7
60 11
60 18
60 24
60 25
60 28
60 32
60 35
60 55
60 63
60 73
60 76
60 104
60 105
60 107
60 119
60 126
60 137
60 142
60 145
60 154
60 155
60 157
60 158
60 169
60 176
60 177
60 180
60 181
60 192
61 0
61 4
61 12
61 26
61 31
61 36
61 46
61 56
61 59
61 66
61 74
61 79
61 83
61 92
61 97
61 98
61 99
61 104
61 105
61 115
61 119
61 126
61 128
61 133
61 135
61 145
61 146
61 151
61 168
61 173
61 179
61 182
61 185
61 191
62 0
62 1
62 4
62 11
62 17
62 22
62 24
62 25
62 30
62 48
62 54
62 56
62 64
62 77
62 78
62 80
62 84
62 103
62 107
62 110
62 111
62 114
62 129
62 139
62 147
62 149
62 155
62 160
62 161
62 172
62 188
62 189
62 193
62 194
63 8
63 18
63 19
63 20
63 21
63 32
63 33
63 34
63 35
63 37
63 38
63 39
63 50
63 55
63 83
63 85
63 86
63 90
63 93
63 100
63 107
63 110
63 129
63 132
63 133
63 136
63 137
63 152
63 160
63 161
63 164
63 170
63 171
63 174
63 177
63 182
63 193
63 194
64 10
64 11
64 12
64 13
64 17
64 18
64 21
64 29
64 30
64 32
64 36
64 41
64 44
64 50
64 52
64 77
64 78
64 79
64 80
64 82
64 84
64 95
64 98
64 105
64 110
64 115
64 116
64 117
64 119
64 124
64 131
64 135
64 136
64 137
64 139
64 145
64 150
64 158
64 169
64 182
65 0
65 1
65 9
65 12
65 16
65 34
65 35
65 36
65 37
65 40
65 52
65 68
65 74
65 79
65 85
65 103
65 108
65 119
65 124
65 125
65 126
65 132
65 137
65 144
65 157
65 158
65 159
65 161
65 162
65 163
65 172
65 173
65 182
65 191
65 194
66 0
66 5
66 8
66 18
66 20
66 21
66 27
66 28
66 32
66 36
66 37
66 38
66 44
66 45
66 48
66 50
66 59
66 69
66 70
66 76
66 82
66 83
66 91
66 98
66 99
66 101
66 105
66 116
66 117
66 118
66 119
66 122
66 127
66 132
66 137
66 139
66 141
66 146
66 147
66 170
66 171
66 178
66 182
66 191
67 0
67 16
67 20
67 28
67 30
67 35
67 52
67 56
67 60
67 69
67 71
67 75
67 77
67 78
67 81
67 90
67 92
67 94
67 108
67 111
67 113
67 114
67 119
67 128
67 129
67 141
67 143
67 147
67 151
67 152
67 169
67 173
67 174
67 179
67 188
67 191
68 6
68 28
68 39
68 40
68 41
68 44
68 46
68 50
68 58
68 65
68 73
68 84
68 87
68 92
68 93
68 97
68 114
68 121
68 122
68 135
68 140
68 144
68 150
68 151
68 152
68 155
68 165
68 166
68 168
68 170
68 172
68 175
68 178
68 179
68 181
68 186
68 188
68 192
69 2
69 4
69 10
69 16
69 17
69 18
69 25
69 27
69 30
69 34
69 42
69 56
69 59
69 65
69 66
69 67
69 71
69 76
69 78
69 81
69 83
69 84
69 88
69 98
69 103
69 107
69 108
69 109
69 117
69 124
69 127
69 145
69 149
69 151
69 154
69 161
69 166
69 174
69 175
69 177
69 178
69 180
69 182
69 187
70 0
70 4
70 5
70 6
70 14
70 18
70 30
70 43
70 52
70 53
70 54
70 57
70 66
70 67
70 68
70 74
70 79
70 82
70 90
70 93
70 113
70 117
70 120
70 121
70 123
70 125
70 138
70 142
70 145
70 155
70 161
70 163
70 165
70 168
70 178
70 185
71 11
71 15
71 18
71 19
71 22
71 26
71 27
71 42
71 46
71 49
71 52
71 53
71 57
71 62
71 63
71 66
71 76
71 84
71 86
71 94
71 95
71 96
71 100
71 103
71 111
71 117
71 118
71 121
71 122
71 126
71 131
71 139
71 140
71 141
71 142
71 145
71 146
71 149
71 150
71 151
71 154
71 156
71 158
71 161
71 164
71 166
71 170
71 172
71 176
71 178
71 183
71 194
72 3
72 8
72 9
72 26
72 31
72 33
72 34
72 41
72 46
72 52
72 62
72 73
72 89
72 91
72 100
72 103
72 111
72 112
72 115
72 121
72 123
72 144
72 145
72 148
72 152
72 154
72 157
72 158
72 163
72 166
72 170
72 172
72 174
72 177
72 178
72 180
72 187
72 189
73 1
73 4
73 13
73 19
73 25
73 36
73 38
73 48
73 53
73 59
73 63
73 78
73 84
73 86
73 95
73 99
73 105
73 109
73 111
73 115
73 123
73 124
73 127
73 135
73 144
73 146
73 152
73 156
73 157
73 158
73 164
73 166
73 168
73 169
73 174
73 178
73 184
73 192
74 5
74 6
74 10
74 11
74 18
74 19
74 23
74 24
74 33
74 60
74 70
74 82
74 85
74 87
74 91
74 95
74 101
74 110
74 113
74 117
74 119
74 120
74 127
74 153
74 159
74 163
74 165
74 171
74 176
74 183
74 184
75 0
75 18
75 20
75 28
75 31
75 32
75 33
75 39
75 40
75 43
75 45
75 56
75 69
75 71
75 82
75 83
75 86
75 92
75 96
75 97
75 99
75 102
75 103
75 108
75 112
75 118
75 128
75 129
75 141
75 149
75 150
75 154
75 155
75 156
75 160
75 172
75 175
75 177
75 181
75 186
75 187
75 192
76 6
76 8
76 11
76 19
76 20
76 22
76 32
76 33
76 34
76 36
76 44
76 45
76 54
76 64
76 66
76 71
76 73
76 89
76 94
76 95
76 96
76 102
76 111
76 112
76 116
76 118
76 123
76 125
76 128
76 133
76 134
76 140
76 142
76 151
76 155
76 157
76 158
76 162
76 176
76 184
76 192
76 194
77 13
77 14
77 15
77 19
77 21
77 25
77 39
77 41
77 45
77 46
77 52
77 55
77 58
77 66
77 81
77 84
77 88
77 92
77 95
77 96
77 103
77 106
77 111
77 112
77 116
77 117
77 128
77 132
77 138
77 148
77 149
77 160
77 163
77 165
77 166
77 169
77 170
77 171
77 173
77 176
77 183
77 192
77 193
78 4
78 5
78 26
78 30
78 35
78 36
78 43
78 48
78 50
78 53
78 59
78 64
78 69
78 71
78 74
78 82
78 85
78 86
78 88
78 91
78 97
78 100
78 114
78 119
78 126
78 133
78 139
78 141
78 149
78 150
78 151
78 156
78 183
78 186
78 188
78 194
79 6
79 14
79 15
79 19
79 27
79 30
79 32
79 35
79 39
79 44
79 52
79 60
79 61
79 64
79 65
79 66
79 67
79 69
79 72
79 84
79 89
79 92
79 94
79 107
79 108
79 125
79 128
79 134
79 135
79 138
79 143
79 148
79 152
79 156
79 157
79 166
79 175
79 177
79 182
79 185
80 2
80 6
80 7
80 15
80 17
80 19
80 24
80 30
80 36
80 38
80 43
80 44
80 45
80 47
80 61
80 64
80 70
80 79
80 83
80 85
80 87
80 92
80 97
80 98
80 107
80 113
80 116
80 122
80 124
80 125
80 135
80 147
80 150
80 155
80 157
80 167
80 169
80 170
80 174
80 178
80 190
81 4
81 8
81 17
81 20
81 25
81 26
81 29
81 37
81 50
81 53
81 54
81 64
81 67
81 79
81 93
81 95
81 96
81 98
81 113
81 116
81 117
81 126
81 128
81 133
81 138
81 140
81 146
81 150
81 156
81 159
81 160
81 161
81 162
81 165
81 169
81 172
81 173
81 177
81 189
81 193
82 16
82 17
82 21
82 23
82 33
82 42
82 44
82 53
82 54
82 56
82 64
82 71
82 78
82 88
82 104
82 105
82 108
82 110
82 116
82 124
82 133
82 134
82 135
82 137
82 138
82 142
82 144
82 145
82 146
82 149
82 154
82 161
82 164
82 165
82 180
82 190
82 193
83 17
83 33
83 34
83 39
83 50
83 51
83 54
83 57
83 77
83 80
83 82
83 84
83 108
83 112
83 116
83 127
83 128
83 141
83 144
83 145
83 148
83 150
83 156
83 158
83 160
83 167
83 168
83 170
83 187
83 188
83 190
83 192
83 194
84 4
84 5
84 6
84 8
84 18
84 23
84 25
84 29
84 30
84 40
84 47
84 57
84 60
84 62
84 65
84 67
84 71
84 73
84 75
84 78
84 86
84 108
84 112
84 114
84 122
84 130
84 131
84 136
84 137
84 141
84 143
84 149
84 152
84 153
84 157
84 164
84 167
84 171
84 173
84 183
84 194
85 1
85 21
85 26
85 30
85 31
85 39
85 40
85 42
85 43
85 47
85 54
85 55
85 56
85 75
85 82
85 84
85 88
85 89
85 94
85 97
85 100
85 105
85 109
85 112
85 118
85 122
85 123
85 135
85 143
85 152
85 153
85 165
85 167
85 168
85 177
85 178
85 179
85 181
85 184
85 186
85 189
85 190
86 0
86 9
86 20
86 33
86 43
86 47
86 48
86 49
86 54
86 58
86 59
86 62
86 76
86 81
86 88
86 93
86 99
86 110
86 114
86 116
86 121
86 126
86 133
86 142
86 159
86 161
86 172
86 178
86 179
86 182
86 184
86 185
86 187
86 188
87 2
87 4
87 13
87 14
87 18
87 19
87 25
87 30
87 33
87 36
87 38
87 41
87 46
87 53
87 55
87 59
87 60
87 61
87 76
87 77
87 94
87 95
87 103
87 104
87 107
87 113
87 120
87 121
87 123
87 127
87 129
87 139
87 146
87 147
87 154
87 158
87 162
87 169
87 171
87 172
87 173
87 183
88 0
88 5
88 6
88 9
88 11
88 12
88 13
88 21
88 24
88 28
88 30
88 33
88 37
88 43
88 44
88 47
88 54
88 64
88 67
88 72
88 85
88 89
88 95
88 101
88 103
88 107
88 120
88 122
88 132
88 138
88 139
88 142
88 145
88 161
88 163
88 176
88 188
88 189
89 1
89 5
89 9
89 18
89 19
89 23
89 25
89 27
89 28
89 29
89 32
89 42
89 45
89 47
89 49
89 50
89 55
89 58
89 61
89 62
89 68
89 75
89 77
89 82
89 86
89 87
89 92
89 105
89 108
89 111
89 115
89 132
89 145
89 149
89 150
89 153
89 155
89 166
89 176
89 180
90 3
90 4
90 10
90 12
90 24
90 34
90 38
90 47
90 64
90 68
90 78
90 94
90 96
90 102
90 110
90 112
90 114
90 122
90 137
90 148
90 153
90 155
90 161
90 163
90 164
90 167
90 168
90 171
90 172
90 175
90 177
90 185
90 186
90 188
90 189
90 192
91 0
91 14
91 16
91 26
91 33
91 39
91 42
91 43
91 44
91 47
91 53
91 55
91 66
91 70
91 71
91 77
91 82
91 84
91 93
91 96
91 103
91 108
91 109
91 113
91 122
91 123
91 124
91 125
91 128
91 135
91 141
91 148
91 149
91 152
91 159
91 164
91 178
91 180
91 182
91 189
92 22
92 23
92 24
92 28
92 38
92 41
92 43
92 47
92 49
92 51
92 55
92 61
92 62
92 70
92 73
92 74
92 75
92 82
92 89
92 90
92 95
92 97
92 106
92 113
92 115
92 120
92 126
92 130
92 147
92 149
92 167
92 172
92 174
92 175
92 176
92 178
92 182
92 184
92 187
93 21
93 23
93 24
93 32
93 34
93 36
93 40
93 44
93 49
93 50
93 54
93 60
93 63
93 78
93 81
93 82
93 89
93 92
93 96
93 99
93 103
93 107
93 113
93 114
93 116
93 119
93 125
93 126
93 129
93 130
93 135
93 137
93 142
93 145
93 147
93 151
93 152
93 160
93 162
93 165
93 180
93 189
94 9
94 15
94 25
94 30
94 31
94 34
94 35
94 37
94 40
94 46
94 61
94 63
94 67
94 70
94 74
94 79
94 86
94 90
94 93
94 105
94 107
94 111
94 117
94 119
94 120
94 123
94 144
94 158
94 160
94 171
94 175
94 179
94 181
94 188
94 190
95 4
95 6
95 13
95 19
95 24
95 26
95 27
95 30
95 52
95 57
95 60
95 68
95 78
95 83
95 86
95 90
95 100
95 108
95 114
95 117
95 118
95 122
95 125
95 133
95 135
95 136
95 141
95 148
95 161
95 164
95 174
95 177
95 179
95 182
95 184
96 6
96 9
96 13
96 14
96 15
96 17
96 22
96 27
96 31
96 34
96 40
96 51
96 52
96 53
96 55
96 57
96 77
96 79
96 93
96 101
96 112
96 113
96 114
96 115
96 126
96 127
96 133
96 134
96 143
96 145
96 164
96 174
96 175
96 176
96 190
96 191
96 193
97 5
97 17
97 18
97 22
97 24
97 39
97 50
97 79
97 83
97 86
97 91
97 105
97 107
97 110
97 114
97 118
97 125
97 126
97 128
97 129
97 131
97 133
97 140
97 156
97 163
97 165
97 167
97 170
97 177
97 178
97 181
97 185
97 191
97 192
98 9
98 10
98 12
98 13
98 14
98 17
98 19
98 20
98 24
98 26
98 30
98 38
98 43
98 52
98 54
98 60
98 67
98 69
98 77
98 80
98 87
98 95
98 99
98 103
98 105
98 109
98 118
98 123
98 125
98 127
98 128
98 131
98 133
98 140
98 142
98 148
98 149
98 151
98 161
98 174
98 186
98 187
99 1
99 2
99 7
99 21
99 25
99 29
99 30
99 33
99 41
99 65
99 66
99 69
99 70
99 87
99 88
99 91
99 94
99 101
99 105
99 109
99 110
99 112
99 130
99 131
99 137
99 144
99 145
99 154
99 163
99 164
99 171
99 183
99 186
99 187
100 5
100 19
100 21
100 28
100 29
100 40
100 43
100 74
100 79
100 85
100 101
100 111
100 114
100 122
100 123
100 124
100 130
100 132
100 139
100 142
100 146
100 149
100 152
100 153
100 171
100 183
100 190
100 192
101 0
101 2
101 4
101 5
101 8
101 24
101 26
101 30
101 31
101 33
101 34
101 38
101 44
101 46
101 48
101 50
101 60
101 61
101 64
101 72
101 78
101 82
101 86
101 92
101 93
101 96
101 100
101 102
101 103
101 106
101 115
101 134
101 140
101 141
101 150
101 153
101 159
101 162
101 169
101 170
101 176
101 179
101 185
101 193
102 0
102 11
102 14
102 18
102 28
102 31
102 33
102 46
102 48
102 50
102 59
102 63
102 67
102 78
102 82
102 86
102 87
102 88
102 90
102 101
102 106
102 110
102 118
102 124
102 128
102 129
102 135
102 146
102 148
102 153
102 160
102 170
102 171
102 172
102 188
103 0
103 9
103 18
103 22
103 27
103 28
103 30
103 33
103 35
103 47
103 48
103 52
103 58
103 59
103 65
103 69
103 71
103 72
103 77
103 79
103 89
103 98
103 104
103 106
103 109
103 118
103 123
103 137
103 138
103 151
103 161
103 163
103 171
103 173
103 177
103 178
103 180
104 9
104 12
104 17
104 18
104 19
104 21
104 22
104 26
104 27
104 28
104 33
104 34
104 35
104 37
104 38
104 40
104 53
104 54
104 73
104 92
104 94
104 100
104 102
104 105
104 109
104 118
104 119
104 122
104 125
104 141
104 146
104 148
104 157
104 169
104 175
104 189
105 2
105 3
105 4
105 13
105 16
105 18
105 19
105 21
105 37
105 45
105 46
105 50
105 54
105 55
105 62
105 70
105 76
105 77
105 78
105 91
105 96
105 97
105 99
105 109
105 114
105 125
105 135
105 146
105 156
105 159
105 161
105 166
105 172
105 173
105 182
106 3
106 13
106 16
106 24
106 26
106 37
106 40
106 43
106 51
106 64
106 70
106 72
106 77
106 81
106 82
106 83
106 90
106 95
106 97
106 100
106 103
106 109
106 122
106 124
106 126
106 129
106 136
106 152
106 154
106 167
106 170
106 172
106 181
106 186
106 188
106 192
107 6
107 10
107 13
107 15
107 16
107 24
107 27
107 28
107 35
107 36
107 37
107 51
107 77
107 80
107 97
107 102
107 103
107 104
107 115
107 117
107 121
107 124
107 125
107 132
107 136
107 137
107 149
107 151
107 155
107 163
107 171
107 173
107 178
107 186
107 190
107 193
108 7
108 10
108 12
108 14
108 21
108 23
108 24
108 27
108 28
108 32
108 35
108 36
108 39
108 40
108 41
108 61
108 62
108 69
108 70
108 77
108 83
108 91
108 101
108 106
108 107
108 112
108 115
108 119
108 125
108 130
108 139
108 142
108 148
108 153
108 158
108 170
108 173
108 175
108 179
108 183
109 6
109 9
109 12
109 16
109 26
109 27
109 29
109 35
109 36
109 41
109 43
109 53
109 64
109 70
109 72
109 73
109 74
109 80
109 84
109 85
109 91
109 93
109 94
109 95
109 98
109 99
109 100
109 103
109 108
109 119
109 121
109 123
109 134
109 135
109 138
109 140
109 142
109 144
109 150
109 169
109 170
109 174
109 181
109 185
109 187
110 6
110 15
110 17
110 19
110 27
110 28
110 33
110 39
110 45
110 46
110 53
110 54
110 62
110 75
110 83
110 87
110 93
110 95
110 103
110 104
110 106
110 112
110 113
110 114
110 118
110 119
110 133
110 143
110 154
110 155
110 157
110 158
110 160
110 164
110 165
110 169
110 171
110 172
110 177
110 187
110 189
110 193
111 1
111 19
111 20
111 23
111 24
111 29
111 30
111 32
111 38
111 60
111 62
111 70
111 71
111 75
111 80
111 87
111 99
111 102
111 103
111 107
111 119
111 129
111 136
111 137
111 146
111 148
111 156
111 158
111 161
111 163
111 184
111 185
111 188
111 191
112 1
112 6
112 22
112 24
112 34
112 37
112 41
112 46
112 52
112 65
112 69
112 73
112 74
112 78
112 80
112 85
112 86
112 92
112 101
112 103
112 104
112 107
112 109
112 117
112 120
112 123
112 128
112 129
112 132
112 135
112 140
112 153
112 158
112 161
112 163
112 168
112 173
112 184
113 0
113 7
113 16
113 18
113 24
113 35
113 37
113 38
113 43
113 49
113 54
113 55
113 57
113 67
113 75
113 76
113 78
113 79
113 81
113 83
113 86
113 90
113 91
113 92
113 93
113 95
113 100
113 103
113 106
113 107
113 112
113 115
113 116
113 134
113 136
113 149
113 151
113 165
113 166
113 171
113 175
113 176
113 189
113 193
114 2
114 11
114 19
114 21
114 22
114 26
114 30
114 36
114 37
114 42
114 43
114 44
114 45
114 50
114 55
114 59
114 61
114 62
114 63
114 67
114 71
114 76
114 78
114 86
114 87
114 90
114 92
114 94
114 98
114 116
114 117
114 120
114 125
114 127
114 134
114 135
114 138
114 140
114 142
114 147
114 150
114 155
114 157
114 159
114 164
114 166
114 167
114 172
114 178
114 181
114 190
115 0
115 1
115 3
115 6
115 7
115 12
115 16
115 19
115 21
115 24
115 32
115 34
115 37
115 38
115 42
115 46
115 52
115 54
115 60
115 64
115 65
115 67
115 83
115 91
115 92
115 102
115 121
115 122
115 135
115 143
115 146
115 152
115 153
115 168
115 172
115 174
115 180
115 181
115 183
115 186
116 16
116 18
116 22
116 24
116 25
116 28
116 32
116 35
116 37
116 42
116 44
116 49
116 51
116 62
116 63
116 68
116 79
116 80
116 83
116 92
116 108
116 110
116 111
116 112
116 119
116 123
116 125
116 126
116 132
116 138
116 144
116 151
116 152
116 155
116 156
116 157
116 161
116 163
116 164
116 165
116 191
117 4
117 7
117 12
117 15
117 17
117 19
117 23
117 24
117 28
117 29
117 31
117 34
117 47
117 58
117 61
117 68
117 83
117 86
117 96
117 100
117 104
117 105
117 120
117 125
117 130
117 135
117 136
117 147
117 151
117 152
117 155
117 157
117 171
117 172
117 177
117 178
117 182
117 189
118 3
118 6
118 9
118 10
118 16
118 24
118 25
118 38
118 40
118 51
118 63
118 64
118 65
118 67
118 68
118 70
118 71
118 80
118 81
118 85
118 87
118 96
118 99
118 104
118 106
118 107
118 108
118 109
118 113
118 117
118 122
118 124
118 125
118 127
118 129
118 130
118 139
118 150
118 152
118 161
118 162
118 165
118 168
118 170
118 176
118 186
118 190
118 191
119 6
119 12
119 13
119 15
119 16
119 22
119 29
119 32
119 36
119 37
119 38
119 49
119 50
119 67
119 72
119 75
119 77
119 79
119 89
119 92
119 100
119 102
119 107
119 109
119 116
119 120
119 125
119 126
119 130
119 134
119 135
119 142
119 143
119 146
119 147
119 154
119 156
119 163
119 165
119 175
119 181
119 190
120 0
120 5
120 6
120 12
120 16
120 18
120 20
120 21
120 22
120 27
120 31
120 35
120 37
120 45
120 49
120 60
120 67
120 68
120 69
120 70
120 81
120 82
120 96
120 100
120 103
120 107
120 110
120 112
120 113
120 127
120 140
120 141
120 143
120 153
120 154
120 158
120 168
120 172
120 174
120 176
120 178
120 180
120 184
120 185
121 6
121 9
121 10
121 18
121 24
121 30
121 41
121 50
121 70
121 88
121 93
121 124
121 126
121 127
121 128
121 134
121 141
121 153
121 154
121 156
121 160
121 161
121 162
121 164
121 174
121 178
122 2
122 9
122 12
122 17
122 18
122 22
122 23
122 25
122 32
122 33
122 35
122 51
122 56
122 60
122 63
122 65
122 76
122 78
122 86
122 94
122 100
122 110
122 111
122 117
122 119
122 120
122 129
122 130
122 132
122 138
122 139
122 143
122 154
122 157
122 159
122 168
122 175
122 182
122 188
123 4
123 5
123 10
123 24
123 29
123 31
123 35
123 37
123 41
123 48
123 53
123 58
123 68
123 71
123 75
123 79
123 96
123 97
123 99
123 107
123 110
123 135
123 138
123 141
123 144
123 156
123 158
123 159
123 162
123 165
123 167
123 169
123 173
123 177
123 181
123 187
123 192
123 193
123 194
124 6
124 9
124 10
124 17
124 18
124 24
124 27
124 44
124 46
124 48
124 62
124 67
124 69
124 80
124 85
124 87
124 94
124 102
124 105
124 111
124 121
124 126
124 144
124 148
124 149
124 150
124 153
124 157
124 158
124 166
124 169
124 176
124 177
124 181
125 0
125 24
125 34
125 42
125 44
125 47
125 49
125 50
125 51
125 70
125 78
125 81
125 82
125 90
125 94
125 99
125 103
125 107
125 110
125 129
125 138
125 139
125 140
125 144
125 150
125 151
125 154
125 157
125 158
125 159
125 162
125 164
125 169
125 173
125 183
125 186
125 190
126 11
126 13
126 21
126 30
126 31
126 35
126 40
126 47
126 54
126 67
126 68
126 80
126 85
126 89
126 94
126 97
126 102
126 103
126 105
126 122
126 123
126 129
126 131
126 136
126 141
126 142
126 144
126 156
126 157
126 165
126 170
126 175
126 176
126 182
126 183
126 184
126 188
127 0
127 3
127 4
127 5
127 7
127 9
127 17
127 21
127 23
127 35
127 41
127 42
127 44
127 46
127 56
127 57
127 58
127 77
127 78
127 79
127 83
127 85
127 96
127 99
127 114
127 125
127 135
127 139
127 140
127 147
127 148
127 149
127 159
127 161
127 162
127 165
127 170
127 172
127 175
127 178
127 180
127 191
127 194
128 9
128 11
128 13
128 14
128 19
128 22
128 29
128 30
128 41
128 45
128 51
128 54
128 60
128 62
128 67
128 77
128 78
128 80
128 89
128 91
128 94
128 104
128 105
128 113
128 114
128 121
128 123
128 129
128 144
128 146
128 149
128 150
128 152
128 156
128 159
128 162
128 167
128 174
128 178
128 182
128 183
128 186
128 193
128 194
129 4
129 9
129 12
129 15
129 20
129 26
129 34
129 45
129 46
129 55
129 59
129 66
129 67
129 81
129 84
129 85
129 90
129 91
129 100
129 102
129 103
129 104
129 105
129 113
129 118
129 120
129 126
129 132
129 142
129 152
129 153
129 156
129 157
129 167
129 176
129 177
129 182
129 188
130 1
130 2
130 8
130 12
130 13
130 14
130 15
130 20
130 21
130 25
130 41
130 48
130 52
130 55
130 58
130 74
130 80
130 85
130 91
130 111
130 115
130 121
130 122
130 124
130 125
130 133
130 138
130 147
130 157
130 159
130 160
130 161
130 162
130 166
130 173
130 174
130 182
130 184
130 188
130 193
131 8
131 17
131 21
131 25
131 26
131 49
131 51
131 62
131 63
131 69
131 71
131 72
131 79
131 80
131 85
131 86
131 89
131 92
131 97
131 101
131 102
131 106
131 109
131 122
131 123
131 124
131 126
131 138
131 140
131 142
131 143
131 144
131 147
131 148
131 149
131 150
131 151
131 156
131 164
131 165
131 170
131 182
131 185
131 188
132 3
132 7
132 11
132 15
132 22
132 24
132 31
132 35
132 38
132 39
132 40
132 42
132 43
132 49
132 57
132 65
132 91
132 99
132 101
132 102
132 104
132 105
132 106
132 111
132 114
132 115
132 116
132 122
132 134
132 139
132 140
132 141
132 143
132 151
132 167
132 172
132 174
132 191
132 194
133 3
133 4
133 11
133 12
133 17
133 23
133 25
133 38
133 39
133 45
133 52
133 53
133 56
133 59
133 61
133 62
133 67
133 71
133 79
133 80
133 85
133 93
133 96
133 99
133 104
133 108
133 114
133 120
133 122
133 125
133 127
133 130
133 132
133 135
133 136
133 137
133 143
133 145
133 152
133 156
133 158
133 160
133 165
133 171
133 180
133 188
133 190
134 8
134 17
134 19
134 31
134 32
134 49
134 56
134 58
134 60
134 61
134 62
134 64
134 74
134 92
134 98
134 114
134 117
134 119
134 123
134 130
134 142
134 145
134 156
134 159
134 161
134 162
134 174
134 177
134 182
134 185
134 186
134 194
135 19
135 28
135 37
135 40
135 50
135 63
135 66
135 77
135 78
135 81
135 83
135 86
135 91
135 92
135 95
135 100
135 101
135 104
135 105
135 117
135 141
135 150
135 169
135 176
135 189
135 191
135 194
136 17
136 19
136 29
136 36
136 39
136 44
136 52
136 63
136 65
136 66
136 67
136 72
136 79
136 98
136 104
136 105
136 109
136 110
136 118
136 124
136 130
136 137
136 138
136 139
136 155
136 156
136 157
136 159
136 160
136 162
136 164
136 165
136 166
136 177
136 178
136 184
136 185
136 191
136 192
137 1
137 5
137 7
137 13
137 33
137 42
137 54
137 56
137 59
137 67
137 72
137 79
137 85
137 87
137 91
137 95
137 96
137 100
137 111
137 115
137 117
137 119
137 120
137 126
137 128
137 134
137 138
137 139
137 140
137 142
137 158
137 165
137 169
137 174
137 181
137 183
137 187
137 189
138 6
138 8
138 10
138 16
138 22
138 23
138 24
138 25
138 28
138 33
138 35
138 38
138 45
138 53
138 70
138 75
138 78
138 79
138 85
138 90
138 92
138 99
138 102
138 103
138 107
138 110
138 111
138 115
138 116
138 130
138 133
138 137
138 149
138 156
138 158
138 161
138 165
138 166
138 167
138 172
138 180
138 181
138 186
138 194
139 1
139 3
139 14
139 16
139 28
139 33
139 40
139 43
139 44
139 46
139 49
139 56
139 57
139 64
139 66
139 78
139 82
139 97
139 103
139 110
139 112
139 115
139 116
139 126
139 135
139 137
139 145
139 146
139 148
139 149
139 151
139 157
139 158
139 160
139 161
139 176
139 178
139 184
140 5
140 6
140 8
140 14
140 16
140 18
140 19
140 22
140 28
140 30
140 31
140 33
140 42
140 44
140 47
140 53
140 55
140 62
140 68
140 76
140 82
140 84
140 89
140 92
140 98
140 109
140 130
140 132
140 148
140 151
140 152
140 155
140 159
140 161
140 170
140 177
140 187
141 0
141 2
141 3
141 6
141 11
141 12
141 13
141 24
141 43
141 44
141 46
141 48
141 49
141 50
141 53
141 61
141 76
141 78
141 82
141 83
141 99
141 102
141 104
141 114
141 117
141 119
141 132
141 133
141 137
141 151
141 155
141 171
141 177
141 184
141 185
141 191
141 192
141 193
142 1
142 3
142 5
142 6
142 17
142 27
142 32
142 33
142 35
142 39
142 41
142 47
142 50
142 51
142 55
142 59
142 61
142 63
142 67
142 73
142 75
142 83
142 90
142 108
142 121
142 125
142 127
142 132
142 146
142 151
142 152
142 154
142 160
142 164
142 166
142 170
142 171
142 172
142 187
143 1
143 2
143 3
143 8
143 18
143 19
143 25
143 26
143 28
143 31
143 33
143 34
143 42
143 43
143 44
143 54
143 56
143 58
143 62
143 66
143 70
143 71
143 72
143 73
143 85
143 86
143 93
143 97
143 105
143 108
143 112
143 115
143 118
143 121
143 124
143 130
143 138
143 141
143 148
143 151
143 154
143 162
143 163
143 165
143 167
143 176
143 178
143 181
143 187
143 191
143 194
144 0
144 3
144 5
144 7
144 9
144 11
144 16
144 22
144 26
144 30
144 38
144 39
144 44
144 46
144 50
144 52
144 56
144 58
144 62
144 64
144 69
144 70
144 74
144 89
144 93
144 113
144 121
144 125
144 128
144 133
144 135
144 138
144 141
144 151
144 152
144 157
144 165
144 166
144 169
144 179
144 180
144 182
144 185
144 187
144 190
145 0
145 3
145 28
145 33
145 37
145 40
145 42
145 43
145 44
145 45
145 50
145 53
145 55
145 56
145 57
145 66
145 83
145 89
145 91
145 97
145 99
145 109
145 110
145 117
145 120
145 122
145 126
145 127
145 128
145 130
145 147
145 152
145 153
145 162
145 181
145 184
145 185
145 187
146 1
146 5
146 6
146 8
146 10
146 11
146 13
146 15
146 17
146 19
146 25
146 30
146 33
146 35
146 37
146 42
146 50
146 58
146 59
146 62
146 63
146 65
146 71
146 72
146 74
146 78
146 92
146 99
146 103
146 110
146 112
146 113
146 117
146 118
146 131
146 134
146 136
146 140
146 147
146 149
146 152
146 159
146 167
146 169
146 180
146 181
146 189
146 193
147 2
147 5
147 8
147 11
147 12
147 15
147 16
147 25
147 32
147 33
147 40
147 41
147 44
147 53
147 57
147 59
147 70
147 71
147 72
147 73
147 75
147 78
147 81
147 86
147 87
147 92
147 93
147 99
147 100
147 101
147 105
147 109
147 112
147 114
147 116
147 123
147 126
147 140
147 141
147 175
147 178
147 193
148 2
148 3
148 6
148 7
148 17
148 31
148 38
148 44
148 48
148 52
148 60
148 64
148 65
148 67
148 69
148 76
148 78
148 81
148 85
148 95
148 101
148 102
148 105
148 106
148 114
148 116
148 120
148 123
148 131
148 132
148 135
148 136
148 138
148 150
148 157
148 159
148 162
148 163
148 172
148 178
148 185
148 193
149 3
149 4
149 7
149 8
149 12
149 16
149 20
149 26
149 27
149 36
149 44
149 46
149 51
149 52
149 54
149 57
149 63
149 65
149 71
149 72
149 74
149 81
149 85
149 90
149 91
149 98
149 103
149 116
149 127
149 128
149 130
149 138
149 139
149 143
149 153
149 156
149 159
149 172
149 173
149 177
149 181
149 192
149 193
150 0
150 16
150 17
150 18
150 21
150 23
150 24
150 29
150 30
150 33
150 34
150 40
150 44
150 57
150 60
150 62
150 63
150 66
150 73
150 77
150 79
150 81
150 83
150 103
150 104
150 106
150 108
150 121
150 123
150 140
150 143
150 145
150 149
150 158
150 160
150 168
150 174
150 177
150 181
150 182
150 187
150 193
151 2
151 4
151 6
151 9
151 22
151 33
151 35
151 39
151 41
151 42
151 45
151 56
151 60
151 64
151 65
151 66
151 67
151 69
151 71
151 74
151 76
151 79
151 81
151 102
151 106
151 127
151 130
151 134
151 135
151 137
151 145
151 153
151 158
151 168
151 174
151 177
151 179
151 183
151 185
151 190
151 192
152 4
152 9
152 16
152 17
152 29
152 35
152 39
152 44
152 48
152 56
152 59
152 61
152 63
152 67
152 71
152 73
152 76
152 79
152 81
152 88
152 92
152 96
152 98
152 102
152 104
152 106
152 110
152 121
152 130
152 131
152 135
152 137
152 142
152 143
152 175
152 177
152 188
152 190
152 192
153 0
153 1
153 4
153 12
153 13
153 16
153 21
153 26
153 32
153 41
153 42
153 46
153 48
153 53
153 55
153 61
153 66
153 73
153 75
153 80
153 94
153 95
153 99
153 105
153 107
153 121
153 122
153 124
153 125
153 130
153 131
153 134
153 138
153 139
153 141
153 144
153 151
153 156
153 157
153 159
153 161
153 162
153 164
153 171
153 174
153 177
153 180
153 182
153 187
154 3
154 12
154 16
154 18
154 21
154 25
154 30
154 31
154 34
154 44
154 46
154 51
154 52
154 53
154 54
154 56
154 65
154 68
154 70
154 86
154 91
154 93
154 115
154 116
154 135
154 138
154 143
154 144
154 148
154 150
154 151
154 153
154 159
154 160
154 170
154 173
154 177
154 178
154 182
154 187
154 188
154 193
154 194
155 3
155 13
155 14
155 17
155 20
155 25
155 29
155 33
155 50
155 61
155 64
155 73
155 79
155 80
155 87
155 93
155 97
155 98
155 101
155 103
155 107
155 130
155 135
155 146
155 147
155 148
155 154
155 159
155 166
155 175
155 188
155 189
155 190
156 3
156 7
156 23
156 24
156 26
156 28
156 39
156 41
156 42
156 44
156 49
156 58
156 59
156 64
156 70
156 71
156 83
156 92
156 117
156 120
156 122
156 126
156 128
156 133
156 138
156 145
156 148
156 166
156 167
156 172
156 176
156 180
156 183
156 185
156 191
157 1
157 2
157 9
157 11
157 12
157 16
157 20
157 21
157 22
157 24
157 27
157 32
157 34
157 35
157 39
157 49
157 57
157 62
157 65
157 67
157 73
157 76
157 80
157 81
157 95
157 99
157 103
157 107
157 116
157 126
157 130
157 133
157 138
157 139
157 143
157 159
157 161
157 162
157 177
157 178
157 180
157 184
158 11
158 13
158 25
158 26
158 38
158 42
158 52
158 54
158 57
158 60
158 71
158 77
158 79
158 87
158 92
158 94
158 95
158 97
158 99
158 104
158 107
158 115
158 119
158 121
158 127
158 131
158 140
158 141
158 142
158 143
158 145
158 164
158 166
158 167
158 170
158 171
158 182
158 183
158 189
159 4
159 12
159 13
159 14
159 16
159 20
159 21
159 32
159 35
159 39
159 42
159 43
159 44
159 47
159 50
159 55
159 60
159 66
159 71
159 83
159 93
159 94
159 99
159 102
159 112
159 119
159 120
159 128
159 130
159 131
159 133
159 134
159 141
159 144
159 152
159 153
159 154
159 161
159 162
159 163
159 175
159 176
159 183
159 191
160 1
160 3
160 4
160 10
160 14
160 18
160 20
160 35
160 40
160 44
160 52
160 58
160 59
160 61
160 62
160 65
160 69
160 78
160 79
160 83
160 92
160 103
160 106
160 117
160 124
160 129
160 134
160 140
160 144
160 148
160 162
160 164
160 165
160 174
160 176
160 182
160 185
161 1
161 2
161 5
161 10
161 11
161 27
161 42
161 43
161 46
161 50
161 58
161 61
161 63
161 66
161 71
161 75
161 76
161 80
161 84
161 86
161 91
161 95
161 100
161 109
161 112
161 117
161 118
161 121
161 130
161 132
161 141
161 150
161 155
161 156
161 159
161 167
161 177
161 181
161 185
161 187
161 190
162 2
162 4
162 5
162 9
162 11
162 14
162 19
162 20
162 27
162 29
162 41
162 50
162 51
162 52
162 63
162 67
162 71
162 80
162 83
162 90
162 98
162 102
162 108
162 109
162 115
162 116
162 117
162 118
162 124
162 128
162 129
162 138
162 140
162 147
162 155
162 156
162 159
162 160
162 166
162 169
162 170
162 174
162 175
162 188
162 190
162 193
163 3
163 10
163 15
163 18
163 23
163 25
163 30
163 33
163 47
163 51
163 55
163 63
163 68
163 69
163 71
163 73
163 76
163 77
163 83
163 84
163 110
163 120
163 122
163 123
163 125
163 131
163 132
163 137
163 138
163 146
163 153
163 155
163 156
163 157
163 164
163 183
163 186
163 187
163 188
163 193
164 6
164 9
164 11
164 16
164 17
164 20
164 34
164 37
164 40
164 42
164 46
164 47
164 58
164 62
164 64
164 68
164 71
164 76
164 85
164 96
164 112
164 119
164 130
164 131
164 136
164 137
164 138
164 140
164 142
164 148
164 151
164 159
164 166
164 167
164 171
164 172
164 174
164 180
164 186
164 190
164 192
164 193
165 7
165 12
165 14
165 18
165 23
165 25
165 32
165 36
165 41
165 45
165 53
165 54
165 55
165 63
165 64
165 65
165 72
165 75
165 77
165 79
165 81
165 85
165 90
165 100
165 103
165 105
165 108
165 110
165 117
165 129
165 133
165 144
165 145
165 150
165 152
165 156
165 160
165 167
165 169
165 178
165 191
165 192
166 1
166 3
166 10
166 12
166 17
166 20
166 23
166 25
166 26
166 36
166 37
166 38
166 43
166 46
166 57
166 61
166 67
166 68
166 80
166 83
166 92
166 96
166 100
166 105
166 107
166 109
166 111
166 115
166 118
166 119
166 124
166 125
166 130
166 131
166 142
166 147
166 149
166 151
166 155
166 156
166 157
166 159
166 161
166 169
166 180
166 182
166 188
166 189
167 2
167 3
167 4
167 8
167 10
167 12
167 24
167 32
167 37
167 42
167 43
167 45
167 46
167 50
167 62
167 76
167 77
167 78
167 86
167 87
167 95
167 101
167 105
167 109
167 114
167 115
167 121
167 128
167 146
167 148
167 149
167 166
167 170
167 171
167 177
167 178
167 187
167 188
167 193
168 2
168 4
168 10
168 20
168 38
168 39
168 40
168 47
168 48
168 49
168 50
168 53
168 55
168 65
168 67
168 70
168 74
168 76
168 79
168 80
168 81
168 90
168 95
168 98
168 104
168 120
168 124
168 129
168 132
168 136
168 137
168 139
168 142
168 143
168 144
168 146
168 153
168 163
168 173
168 178
168 188
169 0
169 3
169 7
169 11
169 12
169 13
169 14
169 15
169 19
169 23
169 31
169 36
169 41
169 43
169 48
169 49
169 50
169 54
169 59
169 62
169 67
169 75
169 77
169 78
169 84
169 87
169 94
169 95
169 98
169 102
169 103
169 105
169 111
169 118
169 125
169 126
169 128
169 134
169 136
169 141
169 144
169 148
169 159
169 178
169 182
169 190
170 8
170 10
170 14
170 19
170 21
170 25
170 26
170 34
170 36
170 40
170 44
170 45
170 50
170 56
170 57
170 62
170 63
170 71
170 74
170 84
170 88
170 91
170 107
170 118
170 127
170 128
170 136
170 140
170 145
170 146
170 153
170 161
170 162
170 164
170 167
170 173
170 174
170 175
170 182
170 185
170 192
170 194
171 0
171 2
171 3
171 11
171 14
171 22
171 29
171 36
171 40
171 46
171 47
171 50
171 56
171 62
171 69
171 73
171 76
171 77
171 79
171 82
171 85
171 94
171 104
171 107
171 115
171 116
171 117
171 119
171 122
171 129
171 130
171 132
171 134
171 142
171 151
171 168
171 170
171 175
171 183
171 190
171 194
172 1
172 8
172 19
172 21
172 23
172 27
172 28
172 29
172 31
172 34
172 36
172 38
172 47
172 55
172 67
172 80
172 82
172 96
172 102
172 106
172 131
172 141
172 150
172 155
172 164
172 168
172 170
172 173
172 177
172 178
172 179
172 183
172 191
172 192
172 193
173 13
173 33
173 34
173 42
173 47
173 53
173 54
173 57
173 71
173 81
173 89
173 94
173 98
173 105
173 109
173 115
173 123
173 126
173 127
173 130
173 139
173 142
173 144
173 146
173 160
173 169
173 171
173 174
173 186
174 6
174 10
174 12
174 16
174 21
174 23
174 25
174 29
174 30
174 34
174 39
174 40
174 48
174 59
174 62
174 68
174 76
174 80
174 81
174 82
174 85
174 88
174 95
174 98
174 102
174 106
174 108
174 112
174 114
174 121
174 122
174 125
174 129
174 130
174 132
174 133
174 135
174 139
174 141
174 143
174 146
174 147
174 151
174 159
174 165
174 166
174 172
174 173
174 180
174 190
174 191
174 192
174 194
175 4
175 13
175 14
175 17
175 22
175 35
175 36
175 38
175 49
175 51
175 54
175 55
175 57
175 69
175 75
175 76
175 78
175 79
175 93
175 95
175 104
175 114
175 115
175 118
175 123
175 127
175 132
175 135
175 136
175 137
175 139
175 140
175 147
175 169
175 176
175 183
175 187
176 8
176 9
176 17
176 22
176 25
176 32
176 33
176 45
176 49
176 50
176 57
176 66
176 77
176 78
176 82
176 92
176 96
176 97
176 99
176 105
176 109
176 112
176 117
176 118
176 119
176 124
176 134
176 140
176 142
176 145
176 156
176 158
176 169
176 178
176 186
176 189
176 192
177 14
177 18
177 25
177 26
177 33
177 45
177 47
177 53
177 55
177 59
177 64
177 71
177 74
177 76
177 77
177 79
177 85
177 102
177 107
177 115
177 120
177 127
177 132
177 154
177 155
177 159
177 162
177 173
177 174
177 182
177 192
177 193
178 5
178 6
178 7
178 12
178 13
178 15
178 21
178 24
178 31
178 32
178 48
178 54
178 59
178 81
178 106
178 115
178 116
178 125
178 130
178 131
178 138
178 140
178 146
178 155
178 159
178 164
178 176
178 179
178 192
178 193
179 2
179 3
179 11
179 17
179 31
179 36
179 38
179 45
179 59
179 60
179 62
179 64
179 65
179 75
179 76
179 77
179 78
179 82
179 87
179 91
179 102
179 105
179 107
179 108
179 109
179 110
179 121
179 138
179 142
179 161
179 167
179 180
179 181
180 0
180 1
180 2
180 9
180 10
180 11
180 24
180 30
180 36
180 38
180 44
180 47
180 50
180 52
180 57
180 63
180 68
180 69
180 73
180 77
180 80
180 83
180 88
180 94
180 108
180 110
180 111
180 112
180 130
180 134
180 137
180 140
180 152
180 156
180 166
180 176
180 178
180 192
181 11
181 12
181 27
181 28
181 30
181 33
181 44
181 49
181 54
181 67
181 71
181 74
181 84
181 96
181 97
181 98
181 102
181 116
181 117
181 121
181 122
181 123
181 133
181 134
181 135
181 137
181 147
181 151
181 153
181 156
181 157
181 166
181 168
181 180
181 187
181 188
181 189
181 190
182 11
182 19
182 20
182 24
182 26
182 35
182 40
182 44
182 49
182 55
182 58
182 60
182 62
182 70
182 85
182 90
182 95
182 101
182 104
182 110
182 116
182 119
182 121
182 124
182 130
182 131
182 132
182 137
182 143
182 149
182 151
182 153
182 159
182 167
182 168
182 173
182 188
182 190
183 5
183 11
183 17
183 24
183 26
183 47
183 51
183 53
183 54
183 60
183 69
183 73
183 76
183 79
183 86
183 89
183 91
183 93
183 97
183 98
183 101
183 104
183 106
183 107
183 111
183 117
183 119
183 122
183 126
183 152
183 166
183 175
183 184
183 185
183 191
184 0
184 7
184 16
184 19
184 23
184 26
184 32
184 37
184 39
184 40
184 42
184 43
184 56
184 60
184 64
184 67
184 68
184 75
184 78
184 79
184 80
184 81
184 82
184 92
184 96
184 97
184 98
184 102
184 112
184 118
184 120
184 128
184 131
184 134
184 138
184 143
184 144
184 150
184 152
184 156
184 158
184 172
184 173
184 175
184 177
184 180
184 185
184 188
184 189
184 191
185 3
185 8
185 14
185 16
185 31
185 33
185 46
185 47
185 48
185 51
185 54
185 59
185 82
185 85
185 89
185 99
185 109
185 120
185 124
185 128
185 131
185 135
185 143
185 147
185 148
185 159
185 165
185 180
185 181
185 183
185 187
185 192
186 8
186 18
186 19
186 21
186 27
186 40
186 41
186 53
186 55
186 57
186 81
186 87
186 107
186 119
186 124
186 144
186 146
186 150
186 151
186 156
186 159
186 160
186 162
186 168
186 170
186 172
187 1
187 9
187 10
187 11
187 15
187 16
187 22
187 25
187 30
187 46
187 48
187 49
187 50
187 54
187 55
187 61
187 68
187 70
187 75
187 84
187 91
187 102
187 104
187 108
187 110
187 111
187 119
187 120
187 121
187 123
187 147
187 155
187 163
187 175
187 179
188 0
188 3
188 7
188 10
188 24
188 29
188 31
188 34
188 38
188 40
188 42
188 45
188 50
188 56
188 62
188 68
188 78
188 81
188 86
188 92
188 104
188 108
188 115
188 121
188 122
188 124
188 133
188 134
188 138
188 141
188 152
188 155
188 163
188 165
188 171
188 176
188 186
188 187
188 189
188 190
188 193
188 194
189 5
189 9
189 12
189 13
189 24
189 25
189 27
189 52
189 54
189 60
189 61
189 64
189 67
189 68
189 69
189 75
189 83
189 84
189 86
189 91
189 93
189 100
189 105
189 106
189 110
189 127
189 138
189 141
189 146
189 149
189 153
189 156
189 161
189 167
189 170
189 172
189 176
189 178
189 183
189 186
189 192
190 4
190 6
190 8
190 11
190 16
190 17
190 18
190 25
190 29
190 31
190 33
190 37
190 43
190 47
190 65
190 74
190 83
190 89
190 91
190 92
190 94
190 103
190 105
190 109
190 119
190 131
190 132
190 137
190 138
190 143
190 144
190 148
190 150
190 159
190 161
190 162
190 163
190 170
190 176
190 179
190 183
190 186
190 187
190 189
191 5
191 9
191 15
191 42
191 45
191 57
191 59
191 65
191 70
191 72
191 74
191 75
191 76
191 77
191 83
191 89
191 90
191 91
191 92
191 96
191 101
191 103
191 117
191 118
191 131
191 134
191 137
191 146
191 153
191 157
191 158
191 166
191 173
191 184
191 188
192 0
192 7
192 16
192 27
192 35
192 48
192 53
192 55
192 58
192 73
192 74
192 76
192 81
192 94
192 116
192 119
192 124
192 125
192 128
192 133
192 134
192 140
192 142
192 145
192 159
192 166
192 167
192 177
192 184
193 3
193 22
193 25
193 27
193 31
193 32
193 41
193 45
193 49
193 52
193 54
193 59
193 69
193 75
193 78
193 80
193 84
193 86
193 104
193 106
193 113
193 127
193 139
193 142
193 144
193 160
193 162
193 163
193 173
193 174
193 182
193 187
193 190
193 192
193 194
194 0
194 2
194 6
194 7
194 8
194 11
194 16
194 21
194 26
194 29
194 31
194 33
194 36
194 44
194 45
194 49
194 51
194 55
194 57
194 65
194 71
194 73
194 79
194 82
194 84
194 89
194 94
194 98
194 99
194 102
194 103
194 109
194 118
194 120
194 134
194 135
194 138
194 155
194 156
194 157
194 167
194 171
194 184
194 185
194 189
