35
0 2
0 3
0 9
0 12
0 13
0 19
0 20
0 30
0 34
1 3
1 4
1 9
1 11
1 15
1 19
1 20
1 23
1 27
1 29
1 30
1 33
2 1
2 5
2 8
2 18
2 23
2 24
2 27
2 29
2 32
2 33
2 34
3 20
3 22
3 27
3 29
3 32
4 0
4 7
4 9
4 10
4 15
4 20
4 21
4 23
4 29
4 30
4 31
4 34
5 6
5 8
5 13
5 19
5 24
6 13
6 16
6 20
6 21
6 30
6 33
7 6
7 9
7 10
7 17
7 19
7 24
7 27
8 1
8 6
8 10
8 13
8 14
8 19
8 25
8 31
9 0
9 1
9 10
9 11
9 14
9 21
9 22
9 30
10 6
10 14
10 23
10 27
10 32
10 34
11 7
11 14
11 16
11 18
11 20
11 25
11 31
11 32
11 34
12 14
12 16
12 24
12 28
12 29
12 30
13 4
13 10
13 12
13 14
13 17
13 18
13 19
13 21
13 22
13 25
13 26
13 30
14 5
14 6
14 7
14 10
14 16
14 26
14 28
14 31
14 34
15 3
15 6
15 8
15 11
15 13
15 16
15 17
15 20
15 25
15 33
15 34
16 0
16 6
16 10
16 17
16 18
16 28
17 4
17 5
17 9
17 15
17 16
17 19
17 20
17 22
17 23
17 24
17 27
17 32
17 34
18 1
18 9
18 13
18 30
18 32
18 33
19 4
19 5
19 8
19 20
19 26
19 27
19 32
19 34
20 7
20 16
20 27
20 32
20 33
20 34
21 0
21 4
21 10
21 11
21 13
21 14
21 15
21 16
21 19
21 29
21 30
21 31
22 5
22 14
22 15
22 19
22 30
23 4
23 6
23 10
23 12
23 15
23 17
23 19
23 25
23 30
23 32
23 33
24 6
24 9
24 13
24 19
25 0
25 1
25 4
25 6
25 8
25 32
26 16
26 25
26 27
26 30
27 0
27 1
27 3
27 8
27 9
27 23
27 24
28 3
28 5
28 14
28 16
28 18
28 22
28 23
28 27
28 32
29 0
29 13
29 20
29 21
29 32
30 3
30 5
30 11
30 15
30 18
30 23
30 31
31 9
31 11
31 15
31 25
31 26
31 28
32 17
32 22
32 30
33 0
33 13
33 20
33 24
34 1
34 11
34 18
34 19
34 22
34 27
34 29
34 33
