125
0 5
0 13
0 21
0 24
0 30
0 35
0 37
0 40
0 45
0 57
0 61
0 66
0 70
0 73
0 78
0 80
0 83
0 84
0 87
0 89
0 90
0 103
0 104
0 109
0 113
0 114
0 117
0 122
1 11
1 12
1 17
1 23
1 24
1 30
1 36
1 38
1 43
1 54
1 61
1 66
1 74
1 76
1 79
1 82
1 90
1 91
1 92
1 97
1 112
1 120
2 5
2 7
2 11
2 17
2 21
2 31
2 37
2 39
2 61
2 64
2 65
2 74
2 76
2 80
2 84
2 91
2 92
2 93
2 98
2 104
2 109
2 117
2 123
3 1
3 6
3 8
3 11
3 14
3 16
3 28
3 33
3 35
3 38
3 46
3 48
3 50
3 51
3 63
3 64
3 70
3 76
3 79
3 85
3 88
3 89
3 98
3 99
3 109
3 110
3 111
3 112
3 123
4 1
4 3
4 9
4 11
4 14
4 28
4 38
4 44
4 48
4 60
4 63
4 65
4 68
4 69
4 71
4 73
4 74
4 76
4 81
4 84
4 93
4 95
4 97
4 99
4 103
4 105
4 115
4 116
4 122
5 10
5 15
5 20
5 21
5 23
5 24
5 29
5 33
5 42
5 64
5 67
5 71
5 75
5 77
5 82
5 88
5 89
5 108
5 118
5 123
6 1
6 3
6 4
6 5
6 7
6 15
6 16
6 20
6 21
6 40
6 42
6 45
6 55
6 62
6 65
6 68
6 76
6 81
6 82
6 83
6 88
6 95
6 99
6 115
7 0
7 29
7 36
7 38
7 40
7 48
7 58
7 67
7 81
7 82
7 85
7 86
7 88
7 90
7 93
7 103
7 105
7 111
7 112
7 116
7 118
7 119
8 2
8 6
8 9
8 12
8 16
8 19
8 24
8 27
8 28
8 30
8 36
8 38
8 41
8 42
8 47
8 51
8 53
8 60
8 61
8 67
8 70
8 77
8 81
8 96
8 101
8 105
8 107
8 109
8 112
9 0
9 1
9 7
9 10
9 13
9 14
9 16
9 19
9 29
9 31
9 32
9 38
9 41
9 44
9 46
9 53
9 55
9 58
9 67
9 69
9 71
9 74
9 76
9 81
9 92
9 100
9 106
9 111
9 114
9 120
9 122
10 1
10 12
10 14
10 17
10 18
10 19
10 22
10 27
10 29
10 30
10 32
10 47
10 48
10 49
10 61
10 70
10 73
10 75
10 77
10 82
10 89
10 90
10 94
10 96
10 104
11 3
11 7
11 8
11 10
11 14
11 21
11 36
11 46
11 61
11 73
11 75
11 76
11 101
11 108
11 109
11 121
11 122
11 123
12 0
12 7
12 11
12 14
12 20
12 21
12 22
12 23
12 26
12 39
12 52
12 53
12 55
12 68
12 69
12 75
12 81
12 93
12 98
12 102
12 123
13 0
13 1
13 6
13 8
13 16
13 17
13 28
13 31
13 34
13 35
13 40
13 59
13 73
13 76
13 79
13 81
13 90
13 92
13 111
13 112
13 115
13 117
13 121
14 0
14 2
14 3
14 5
14 6
14 8
14 9
14 18
14 27
14 39
14 47
14 61
14 74
14 86
14 90
14 91
14 92
14 101
14 102
14 103
14 110
14 111
14 119
15 2
15 12
15 17
15 18
15 19
15 22
15 24
15 39
15 41
15 52
15 60
15 64
15 89
15 93
15 98
15 104
15 105
15 109
15 113
15 116
15 119
16 18
16 27
16 29
16 31
16 51
16 57
16 63
16 71
16 76
16 77
16 78
16 87
16 89
16 91
16 92
16 97
16 101
16 104
16 114
16 117
16 121
17 10
17 12
17 24
17 25
17 29
17 30
17 37
17 42
17 47
17 52
17 58
17 62
17 64
17 72
17 73
17 75
17 83
17 85
17 87
17 93
17 98
17 107
17 113
17 121
17 122
17 123
18 4
18 8
18 15
18 23
18 28
18 29
18 33
18 53
18 57
18 63
18 74
18 88
18 89
18 95
18 99
18 106
18 115
18 117
19 4
19 21
19 27
19 28
19 29
19 30
19 35
19 38
19 39
19 41
19 43
19 53
19 57
19 58
19 63
19 68
19 76
19 80
19 81
19 85
19 86
19 96
19 99
19 101
19 104
19 109
19 115
20 8
20 19
20 23
20 24
20 43
20 52
20 61
20 62
20 69
20 70
20 74
20 75
20 77
20 78
20 81
20 83
20 86
20 87
20 89
20 98
20 106
20 111
20 119
20 122
21 0
21 4
21 18
21 23
21 26
21 27
21 30
21 31
21 35
21 36
21 44
21 48
21 50
21 72
21 79
21 80
21 81
21 82
21 89
21 94
21 102
21 104
21 107
21 115
21 119
21 123
21 124
22 0
22 1
22 9
22 13
22 27
22 44
22 47
22 56
22 64
22 67
22 69
22 74
22 77
22 81
22 84
22 101
22 114
22 118
22 121
22 124
23 4
23 10
23 13
23 14
23 15
23 19
23 28
23 33
23 35
23 37
23 46
23 52
23 53
23 57
23 59
23 62
23 64
23 65
23 67
23 71
23 73
23 76
23 78
23 81
23 85
23 87
23 88
23 89
23 92
23 99
23 101
23 109
23 113
23 114
23 115
23 118
23 119
24 1
24 3
24 10
24 15
24 17
24 19
24 26
24 28
24 32
24 40
24 43
24 46
24 48
24 49
24 51
24 53
24 54
24 59
24 67
24 71
24 72
24 76
24 79
24 83
24 89
24 91
24 92
24 100
24 116
24 117
24 120
25 0
25 3
25 9
25 11
25 13
25 22
25 30
25 31
25 36
25 40
25 44
25 45
25 52
25 64
25 69
25 75
25 78
25 80
25 83
25 87
25 95
25 100
25 102
25 105
25 107
25 113
25 115
25 117
25 118
25 123
25 124
26 0
26 4
26 7
26 17
26 22
26 23
26 25
26 31
26 33
26 35
26 36
26 40
26 43
26 44
26 49
26 54
26 58
26 64
26 68
26 81
26 86
26 87
26 88
26 91
26 92
26 93
26 94
26 95
26 99
26 113
26 114
26 117
26 122
27 3
27 5
27 9
27 17
27 21
27 24
27 26
27 30
27 37
27 42
27 53
27 54
27 70
27 78
27 81
27 82
27 84
27 88
27 91
27 101
27 106
27 108
27 112
27 115
27 122
28 6
28 12
28 23
28 29
28 34
28 35
28 37
28 38
28 39
28 40
28 42
28 47
28 49
28 50
28 56
28 60
28 63
28 64
28 65
28 66
28 71
28 84
28 85
28 87
28 88
28 89
28 120
29 7
29 13
29 14
29 37
29 45
29 46
29 49
29 59
29 64
29 65
29 68
29 73
29 76
29 82
29 87
29 91
29 94
29 95
29 98
29 112
29 113
30 0
30 5
30 12
30 15
30 25
30 37
30 47
30 57
30 61
30 62
30 70
30 77
30 84
30 87
30 88
30 89
30 90
30 91
30 96
30 97
30 101
30 102
30 107
30 111
30 117
30 120
31 2
31 10
31 13
31 17
31 21
31 23
31 32
31 49
31 64
31 79
31 80
31 81
31 84
31 101
31 107
31 111
31 113
31 116
31 120
32 3
32 7
32 8
32 10
32 13
32 15
32 16
32 24
32 25
32 26
32 34
32 35
32 39
32 53
32 57
32 60
32 61
32 63
32 88
32 90
32 99
32 106
32 108
32 112
32 115
32 121
32 124
33 17
33 22
33 24
33 25
33 31
33 45
33 52
33 53
33 70
33 73
33 79
33 96
33 104
33 111
33 114
34 14
34 17
34 21
34 23
34 24
34 29
34 30
34 33
34 50
34 53
34 54
34 61
34 72
34 75
34 77
34 81
34 83
34 88
34 91
34 117
34 124
35 3
35 4
35 9
35 19
35 37
35 47
35 49
35 52
35 57
35 59
35 60
35 63
35 70
35 72
35 83
35 92
35 101
35 103
35 104
35 105
35 111
35 120
36 2
36 9
36 18
36 25
36 28
36 31
36 51
36 53
36 54
36 55
36 64
36 71
36 72
36 74
36 77
36 81
36 88
36 89
36 93
36 94
36 98
36 115
36 121
36 123
37 5
37 8
37 10
37 22
37 27
37 49
37 58
37 66
37 76
37 81
37 91
37 93
37 106
37 113
38 3
38 7
38 9
38 14
38 15
38 17
38 22
38 23
38 24
38 37
38 41
38 44
38 55
38 62
38 64
38 66
38 76
38 78
38 80
38 81
38 86
38 90
38 91
38 104
38 111
38 116
38 120
39 4
39 5
39 8
39 18
39 27
39 34
39 41
39 53
39 61
39 62
39 69
39 72
39 78
39 83
39 84
39 96
39 98
39 100
39 109
39 116
40 3
40 8
40 16
40 25
40 28
40 31
40 35
40 42
40 44
40 46
40 47
40 50
40 51
40 55
40 56
40 61
40 62
40 65
40 66
40 79
40 85
40 91
40 99
40 105
40 109
40 117
40 118
40 121
40 123
41 1
41 3
41 11
41 15
41 31
41 32
41 38
41 46
41 51
41 52
41 56
41 58
41 60
41 61
41 64
41 65
41 69
41 77
41 79
41 86
41 93
41 95
41 103
41 113
41 116
41 124
42 2
42 7
42 9
42 12
42 17
42 32
42 38
42 50
42 52
42 54
42 63
42 68
42 72
42 78
42 83
42 92
42 95
42 97
42 100
42 101
42 102
42 103
42 104
42 106
42 109
42 117
42 119
42 123
43 3
43 18
43 24
43 32
43 33
43 37
43 46
43 47
43 49
43 51
43 54
43 55
43 56
43 57
43 58
43 64
43 67
43 71
43 78
43 82
43 85
43 86
43 89
43 91
43 93
43 105
43 110
43 113
43 115
43 119
44 1
44 5
44 6
44 11
44 15
44 16
44 20
44 21
44 23
44 24
44 26
44 27
44 32
44 33
44 35
44 37
44 41
44 42
44 46
44 48
44 49
44 55
44 59
44 64
44 71
44 77
44 80
44 83
44 90
44 93
44 99
44 101
44 113
44 114
44 121
44 124
45 2
45 4
45 11
45 18
45 24
45 28
45 29
45 31
45 32
45 35
45 42
45 56
45 57
45 59
45 65
45 81
45 86
45 92
45 93
45 96
45 98
45 100
45 103
45 107
45 109
45 112
45 113
45 116
45 118
45 120
45 121
45 123
46 1
46 7
46 11
46 14
46 16
46 18
46 19
46 25
46 27
46 28
46 37
46 43
46 52
46 53
46 58
46 61
46 69
46 71
46 72
46 74
46 78
46 87
46 90
46 94
46 100
46 102
46 115
46 119
47 1
47 8
47 13
47 15
47 19
47 22
47 25
47 37
47 39
47 46
47 49
47 50
47 54
47 55
47 62
47 64
47 66
47 68
47 70
47 72
47 77
47 98
47 112
47 118
47 119
47 124
48 3
48 5
48 6
48 14
48 15
48 16
48 18
48 19
48 20
48 23
48 37
48 38
48 49
48 57
48 59
48 61
48 68
48 69
48 82
48 85
48 94
48 97
48 103
48 110
48 118
48 120
48 122
49 3
49 9
49 12
49 15
49 18
49 27
49 28
49 31
49 36
49 39
49 40
49 46
49 58
49 69
49 70
49 76
49 77
49 78
49 80
49 82
49 84
49 85
49 92
49 96
49 97
49 98
49 99
49 101
49 108
49 114
49 115
49 117
49 123
49 124
50 8
50 9
50 26
50 32
50 36
50 41
50 42
50 45
50 56
50 59
50 61
50 65
50 66
50 67
50 68
50 71
50 73
50 74
50 77
50 85
50 88
50 94
50 98
50 99
50 110
50 112
50 117
50 119
50 121
51 3
51 7
51 26
51 36
51 38
51 40
51 41
51 53
51 56
51 64
51 67
51 68
51 69
51 71
51 77
51 78
51 94
51 97
51 103
51 107
52 1
52 2
52 4
52 7
52 12
52 16
52 22
52 23
52 29
52 42
52 47
52 63
52 67
52 70
52 71
52 72
52 74
52 80
52 89
52 95
52 100
52 106
52 112
52 118
53 6
53 11
53 14
53 17
53 25
53 31
53 32
53 33
53 35
53 37
53 38
53 41
53 50
53 54
53 89
53 94
53 104
53 115
53 117
53 122
53 124
54 0
54 1
54 20
54 23
54 25
54 27
54 31
54 33
54 36
54 41
54 44
54 62
54 68
54 71
54 83
54 89
54 94
54 95
54 96
54 110
54 113
54 114
54 117
54 120
55 2
55 6
55 9
55 24
55 28
55 43
55 48
55 49
55 54
55 67
55 81
55 85
55 88
55 93
55 98
55 103
55 104
55 107
55 122
56 9
56 14
56 17
56 21
56 35
56 39
56 40
56 41
56 48
56 58
56 66
56 67
56 69
56 71
56 75
56 76
56 85
56 88
56 96
56 102
56 104
56 115
56 116
57 8
57 11
57 22
57 23
57 26
57 30
57 46
57 50
57 56
57 60
57 61
57 65
57 73
57 77
57 82
57 85
57 90
57 91
57 98
57 102
57 104
57 105
57 111
57 116
57 123
57 124
58 1
58 3
58 5
58 17
58 18
58 34
58 46
58 55
58 62
58 64
58 65
58 73
58 75
58 80
58 81
58 82
58 88
58 117
59 2
59 6
59 7
59 9
59 13
59 19
59 20
59 29
59 31
59 44
59 50
59 55
59 58
59 62
59 66
59 77
59 80
59 86
59 90
59 114
59 115
59 117
59 119
60 1
60 6
60 17
60 25
60 26
60 29
60 31
60 35
60 36
60 43
60 45
60 57
60 66
60 68
60 72
60 91
60 99
60 102
60 104
60 108
60 113
60 122
60 124
61 2
61 9
61 11
61 13
61 16
61 19
61 20
61 24
61 27
61 37
61 40
61 42
61 51
61 56
61 82
61 89
61 100
61 101
61 105
61 109
61 110
62 9
62 19
62 22
62 23
62 27
62 40
62 43
62 49
62 57
62 64
62 65
62 70
62 79
62 85
62 90
62 91
62 94
62 96
62 99
62 101
62 102
62 103
62 109
62 110
62 113
62 115
62 116
62 121
62 122
63 6
63 29
63 34
63 35
63 40
63 41
63 43
63 51
63 56
63 64
63 66
63 71
63 73
63 75
63 77
63 86
63 92
63 95
63 104
63 105
63 106
63 108
63 114
63 118
63 120
63 122
64 2
64 3
64 7
64 23
64 28
64 33
64 35
64 39
64 43
64 47
64 48
64 51
64 54
64 55
64 57
64 58
64 62
64 68
64 71
64 75
64 77
64 78
64 80
64 82
64 83
64 91
64 92
64 96
64 98
64 101
64 102
64 103
64 120
64 121
65 8
65 16
65 26
65 30
65 32
65 34
65 41
65 46
65 55
65 61
65 63
65 64
65 66
65 69
65 72
65 73
65 75
65 82
65 101
65 105
65 115
65 124
66 3
66 6
66 7
66 12
66 14
66 16
66 21
66 22
66 25
66 30
66 33
66 35
66 36
66 38
66 39
66 54
66 57
66 73
66 77
66 83
66 87
66 93
66 94
66 96
66 100
66 109
66 112
67 0
67 2
67 7
67 8
67 9
67 12
67 19
67 25
67 26
67 28
67 43
67 44
67 45
67 46
67 47
67 48
67 64
67 72
67 74
67 76
67 78
67 80
67 81
67 89
67 103
67 116
67 121
68 0
68 5
68 8
68 20
68 31
68 32
68 33
68 34
68 35
68 39
68 41
68 54
68 63
68 78
68 81
68 83
68 85
68 91
68 92
68 93
68 97
68 100
68 104
68 111
68 115
68 118
68 120
68 122
69 7
69 8
69 23
69 25
69 26
69 36
69 37
69 38
69 40
69 44
69 45
69 46
69 50
69 55
69 59
69 65
69 66
69 73
69 78
69 80
69 82
69 85
69 86
69 87
69 88
69 92
69 93
69 98
69 99
69 102
69 105
69 107
69 108
69 113
69 122
69 124
70 9
70 10
70 24
70 26
70 30
70 33
70 48
70 56
70 57
70 58
70 59
70 64
70 68
70 71
70 72
70 75
70 76
70 78
70 81
70 82
70 84
70 92
70 93
70 99
70 101
70 104
70 111
70 114
70 124
71 2
71 4
71 6
71 7
71 12
71 37
71 38
71 39
71 41
71 51
71 56
71 57
71 61
71 63
71 65
71 70
71 74
71 76
71 77
71 92
71 101
71 102
71 104
71 107
71 109
71 111
71 119
72 0
72 3
72 5
72 11
72 12
72 14
72 25
72 26
72 30
72 31
72 33
72 37
72 42
72 56
72 57
72 64
72 65
72 70
72 78
72 81
72 83
72 85
72 86
72 87
72 90
72 93
72 94
72 97
72 104
72 106
72 110
72 112
72 121
72 123
73 1
73 11
73 12
73 14
73 15
73 16
73 26
73 28
73 48
73 49
73 57
73 83
73 85
73 86
73 90
73 93
73 98
73 100
73 113
73 116
73 120
74 2
74 8
74 10
74 20
74 23
74 27
74 33
74 36
74 38
74 58
74 65
74 73
74 77
74 79
74 85
74 101
74 102
74 113
74 121
75 1
75 12
75 27
75 28
75 37
75 58
75 61
75 62
75 64
75 66
75 67
75 93
75 100
75 102
75 103
75 114
75 117
76 4
76 10
76 20
76 23
76 26
76 29
76 32
76 34
76 44
76 55
76 58
76 60
76 68
76 74
76 77
76 88
76 92
76 95
76 102
76 108
76 112
76 118
76 120
76 121
77 3
77 23
77 26
77 34
77 36
77 39
77 40
77 49
77 50
77 58
77 66
77 72
77 78
77 84
77 85
77 89
77 90
77 93
77 102
77 106
77 114
77 116
78 2
78 3
78 4
78 6
78 7
78 8
78 13
78 23
78 25
78 39
78 41
78 44
78 47
78 49
78 50
78 59
78 62
78 71
78 74
78 81
78 83
78 91
78 99
78 106
78 107
78 111
78 113
78 121
78 124
79 9
79 11
79 15
79 17
79 19
79 23
79 32
79 33
79 35
79 40
79 49
79 56
79 61
79 62
79 64
79 68
79 88
79 89
79 96
79 99
79 102
79 112
79 115
79 116
80 2
80 8
80 25
80 29
80 30
80 31
80 46
80 56
80 57
80 69
80 72
80 73
80 79
80 85
80 93
80 95
80 96
80 109
80 111
80 115
80 117
80 119
80 120
80 122
80 124
81 0
81 2
81 5
81 9
81 13
81 16
81 20
81 22
81 28
81 31
81 35
81 37
81 41
81 46
81 47
81 51
81 53
81 55
81 67
81 68
81 69
81 71
81 77
81 83
81 85
81 90
81 98
81 100
81 108
81 110
81 116
81 118
82 0
82 1
82 12
82 13
82 18
82 43
82 59
82 66
82 70
82 76
82 79
82 89
82 107
82 113
82 116
82 118
82 123
83 7
83 11
83 16
83 25
83 26
83 32
83 33
83 35
83 46
83 47
83 50
83 56
83 62
83 65
83 70
83 77
83 85
83 95
83 97
83 99
83 110
83 117
83 122
83 124
84 1
84 2
84 9
84 26
84 28
84 36
84 52
84 61
84 70
84 108
84 110
85 10
85 11
85 14
85 15
85 16
85 25
85 27
85 29
85 42
85 43
85 51
85 54
85 57
85 58
85 59
85 66
85 68
85 70
85 81
85 84
85 89
85 94
85 101
85 103
85 108
85 109
85 114
85 116
85 118
85 121
86 5
86 6
86 9
86 11
86 12
86 25
86 30
86 39
86 49
86 54
86 60
86 82
86 88
86 90
86 92
86 94
86 100
86 102
86 112
86 122
86 124
87 2
87 3
87 11
87 13
87 16
87 21
87 23
87 32
87 37
87 41
87 44
87 46
87 47
87 48
87 54
87 57
87 62
87 64
87 82
87 93
87 107
87 110
87 111
88 1
88 5
88 11
88 14
88 16
88 18
88 23
88 24
88 38
88 39
88 50
88 52
88 53
88 63
88 66
88 84
88 92
88 101
88 102
88 105
88 115
89 10
89 16
89 21
89 29
89 34
89 35
89 50
89 54
89 55
89 58
89 61
89 76
89 78
89 83
89 87
89 93
89 101
89 102
89 103
89 105
89 110
89 111
89 114
89 118
90 10
90 11
90 12
90 15
90 20
90 25
90 33
90 52
90 53
90 54
90 62
90 67
90 73
90 75
90 85
90 88
90 92
90 95
90 102
90 109
90 111
90 112
90 113
90 119
91 1
91 5
91 7
91 12
91 16
91 18
91 24
91 28
91 29
91 37
91 39
91 42
91 43
91 44
91 45
91 62
91 68
91 75
91 84
91 87
91 89
91 100
91 106
91 108
91 110
91 117
91 124
92 5
92 14
92 20
92 27
92 28
92 32
92 38
92 50
92 58
92 64
92 67
92 72
92 76
92 82
92 84
92 86
92 96
92 98
92 99
92 110
92 113
92 119
92 120
92 121
92 122
92 124
93 1
93 10
93 11
93 22
93 26
93 52
93 56
93 58
93 66
93 82
93 83
93 85
93 89
93 96
93 97
93 98
93 100
93 103
93 110
93 114
93 115
93 121
93 124
94 4
94 10
94 12
94 15
94 19
94 20
94 30
94 43
94 44
94 46
94 48
94 49
94 51
94 55
94 84
94 87
94 93
94 96
94 106
94 108
94 112
95 5
95 6
95 7
95 18
95 19
95 27
95 31
95 32
95 36
95 46
95 47
95 56
95 57
95 58
95 67
95 70
95 77
95 79
95 83
95 85
95 99
95 104
95 112
95 122
95 123
96 6
96 7
96 8
96 9
96 10
96 20
96 26
96 28
96 36
96 37
96 45
96 51
96 54
96 61
96 84
96 94
96 101
96 102
96 103
96 106
96 107
96 116
96 119
97 1
97 2
97 3
97 4
97 9
97 11
97 14
97 17
97 26
97 27
97 28
97 39
97 54
97 59
97 74
97 76
97 78
97 79
97 81
97 83
97 88
97 91
97 99
97 103
97 104
97 106
97 117
98 3
98 7
98 10
98 11
98 15
98 23
98 24
98 25
98 26
98 34
98 41
98 50
98 54
98 67
98 72
98 81
98 87
98 93
98 96
98 108
98 111
98 119
99 0
99 6
99 9
99 16
99 17
99 30
99 32
99 42
99 49
99 60
99 65
99 76
99 79
99 82
99 86
99 102
99 103
99 119
99 123
99 124
100 3
100 8
100 14
100 17
100 19
100 23
100 28
100 34
100 50
100 51
100 57
100 71
100 79
100 82
100 84
100 87
100 89
100 97
100 104
100 114
100 115
100 117
100 119
100 120
101 8
101 15
101 16
101 18
101 20
101 23
101 26
101 29
101 31
101 35
101 37
101 44
101 51
101 59
101 66
101 73
101 87
101 89
101 97
101 102
101 108
102 3
102 6
102 9
102 15
102 16
102 25
102 26
102 28
102 29
102 34
102 41
102 49
102 50
102 56
102 57
102 58
102 64
102 66
102 68
102 75
102 81
102 84
102 87
102 88
102 89
102 91
102 93
102 94
102 101
102 103
102 105
102 117
102 119
103 2
103 11
103 14
103 18
103 21
103 24
103 25
103 28
103 52
103 55
103 56
103 77
103 80
103 83
103 89
103 93
103 99
103 100
103 102
103 106
104 7
104 11
104 12
104 20
104 32
104 37
104 41
104 50
104 51
104 52
104 74
104 76
104 77
104 83
104 93
104 94
104 98
104 100
104 102
104 103
104 116
104 119
104 120
104 124
105 0
105 3
105 4
105 9
105 10
105 16
105 22
105 27
105 29
105 42
105 47
105 49
105 52
105 55
105 60
105 65
105 70
105 71
105 73
105 83
105 91
105 102
105 106
105 112
105 118
105 124
106 8
106 9
106 13
106 17
106 28
106 39
106 46
106 47
106 49
106 50
106 51
106 55
106 56
106 57
106 61
106 65
106 69
106 72
106 78
106 84
106 86
106 92
106 96
106 100
106 101
106 103
107 2
107 4
107 5
107 12
107 19
107 35
107 37
107 39
107 57
107 61
107 62
107 71
107 85
107 87
107 88
107 101
107 118
107 119
108 2
108 4
108 8
108 12
108 15
108 21
108 25
108 31
108 38
108 39
108 54
108 59
108 70
108 73
108 96
108 99
108 117
108 119
109 9
109 11
109 14
109 22
109 33
109 44
109 66
109 79
109 85
109 89
109 90
109 92
109 93
109 94
109 98
109 123
109 124
110 7
110 11
110 18
110 21
110 26
110 27
110 34
110 48
110 49
110 56
110 57
110 59
110 64
110 72
110 73
110 82
110 84
110 98
110 100
110 107
110 120
110 122
111 9
111 10
111 11
111 18
111 21
111 22
111 24
111 27
111 34
111 35
111 36
111 42
111 53
111 54
111 57
111 79
111 83
111 91
111 104
111 108
111 114
111 115
111 118
112 3
112 4
112 23
112 24
112 25
112 33
112 34
112 38
112 63
112 70
112 73
112 74
112 81
112 82
112 92
112 94
112 99
112 108
112 109
112 111
112 119
112 124
113 2
113 9
113 10
113 20
113 25
113 38
113 42
113 46
113 48
113 52
113 54
113 71
113 80
113 89
113 96
113 98
113 101
113 112
113 114
113 115
113 118
114 2
114 6
114 8
114 10
114 15
114 16
114 19
114 24
114 30
114 32
114 36
114 42
114 46
114 49
114 52
114 56
114 59
114 66
114 73
114 95
114 109
114 113
114 117
114 121
115 2
115 10
115 11
115 13
115 14
115 16
115 19
115 20
115 26
115 30
115 46
115 47
115 48
115 54
115 55
115 57
115 58
115 74
115 90
115 91
115 92
115 95
115 99
115 105
115 116
115 123
116 1
116 2
116 3
116 6
116 9
116 10
116 14
116 24
116 25
116 28
116 29
116 30
116 31
116 37
116 39
116 51
116 57
116 65
116 78
116 80
116 88
116 89
116 93
116 94
116 103
116 107
116 115
116 119
117 10
117 11
117 14
117 18
117 20
117 25
117 27
117 28
117 38
117 41
117 42
117 43
117 44
117 50
117 51
117 54
117 62
117 64
117 73
117 75
117 77
117 81
117 82
117 84
117 90
117 92
117 94
117 98
117 101
117 107
117 109
117 112
117 116
117 119
118 0
118 1
118 12
118 13
118 20
118 22
118 23
118 26
118 31
118 32
118 35
118 41
118 45
118 51
118 63
118 72
118 76
118 77
118 78
118 82
118 83
118 94
118 97
118 100
118 103
118 105
118 115
118 116
118 122
119 9
119 19
119 22
119 24
119 35
119 36
119 41
119 48
119 53
119 54
119 57
119 61
119 69
119 71
119 87
119 89
119 99
119 106
119 110
119 111
119 114
120 4
120 5
120 14
120 18
120 19
120 20
120 28
120 39
120 42
120 47
120 52
120 59
120 66
120 67
120 75
120 88
120 91
120 93
120 97
120 98
120 99
120 110
120 114
120 121
120 124
121 2
121 6
121 9
121 11
121 38
121 39
121 43
121 48
121 49
121 51
121 53
121 54
121 60
121 69
121 70
121 75
121 78
121 89
121 94
121 95
121 106
121 109
121 110
121 113
121 115
121 124
122 6
122 23
122 24
122 33
122 39
122 41
122 44
122 48
122 52
122 53
122 58
122 61
122 67
122 75
122 81
122 87
122 90
122 99
122 104
122 105
122 119
123 1
123 2
123 3
123 4
123 8
123 13
123 22
123 23
123 24
123 25
123 27
123 32
123 38
123 41
123 45
123 51
123 55
123 62
123 69
123 72
123 75
123 78
123 80
123 97
123 101
123 107
123 109
123 110
124 3
124 5
124 9
124 12
124 21
124 25
124 26
124 29
124 33
124 34
124 38
124 40
124 42
124 44
124 45
124 47
124 49
124 56
124 58
124 68
124 74
124 80
124 82
124 91
124 103
124 116
124 120
