70
0 5
0 6
0 9
0 15
0 16
0 18
0 39
0 49
0 55
0 57
0 60
0 62
1 2
1 7
1 10
1 11
1 12
1 14
1 18
1 19
1 21
1 24
1 28
1 33
1 34
1 39
1 48
1 54
1 57
2 0
2 9
2 12
2 14
2 20
2 23
2 25
2 27
2 33
2 34
2 41
2 46
2 50
2 51
2 52
2 63
2 67
3 9
3 12
3 16
3 17
3 23
3 26
3 27
3 41
3 47
3 62
3 69
4 11
4 13
4 22
4 23
4 31
4 34
4 39
4 43
4 46
4 47
4 49
4 50
4 52
5 3
5 12
5 23
5 27
5 31
5 41
5 48
5 51
5 53
5 54
5 64
5 66
5 68
6 7
6 11
6 31
6 32
6 33
6 34
6 53
6 57
6 60
6 67
6 68
7 2
7 3
7 15
7 18
7 19
7 22
7 31
7 33
7 39
7 66
7 68
8 1
8 2
8 6
8 13
8 17
8 29
8 33
8 36
8 39
8 48
8 56
8 62
8 63
9 5
9 6
9 13
9 16
9 23
9 24
9 27
9 29
9 35
9 41
9 45
9 48
9 50
9 54
9 55
9 56
9 60
9 63
10 3
10 22
10 26
10 27
10 36
10 38
10 41
10 43
10 50
10 52
10 55
10 59
10 65
10 69
11 0
11 2
11 4
11 13
11 19
11 26
11 46
11 53
11 54
11 60
11 67
12 0
12 3
12 7
12 11
12 16
12 24
12 28
12 33
12 35
12 41
12 46
12 47
12 50
12 51
12 55
12 60
12 65
13 2
13 3
13 5
13 9
13 12
13 24
13 25
13 27
13 30
13 34
13 35
13 41
13 44
13 46
13 49
13 55
13 63
14 0
14 2
14 5
14 7
14 11
14 16
14 18
14 20
14 21
14 25
14 26
14 33
14 36
14 43
14 46
14 47
14 49
14 58
14 61
14 65
14 66
15 6
15 10
15 22
15 32
15 48
15 55
15 59
15 62
15 64
15 65
16 6
16 13
16 19
16 25
16 38
16 48
16 55
16 57
16 62
16 69
17 0
17 4
17 8
17 9
17 20
17 24
17 28
17 32
17 44
17 47
17 49
17 53
17 54
17 61
17 65
18 8
18 10
18 15
18 24
18 26
18 30
18 31
18 32
18 38
18 40
18 41
18 43
18 46
18 59
18 60
19 9
19 15
19 16
19 17
19 23
19 25
19 29
19 33
19 35
19 37
19 45
19 54
19 57
19 60
19 69
20 2
20 4
20 6
20 9
20 11
20 14
20 21
20 26
20 35
20 37
20 39
20 43
20 54
20 57
20 65
20 69
21 4
21 19
21 36
21 51
21 55
21 64
21 69
22 1
22 12
22 14
22 28
22 31
22 42
22 45
22 46
22 53
22 58
22 59
22 62
22 64
23 17
23 25
23 26
23 37
23 38
23 40
23 45
23 51
23 52
23 59
23 61
23 68
24 0
24 28
24 36
24 38
24 39
24 41
24 42
24 46
24 49
24 53
24 57
24 58
24 61
24 68
25 3
25 5
25 7
25 8
25 11
25 18
25 22
25 26
25 27
25 31
25 37
25 39
25 43
25 51
25 54
25 57
25 59
25 63
25 65
25 67
25 68
26 0
26 5
26 8
26 18
26 23
26 31
26 38
26 48
26 51
26 53
26 56
26 60
26 68
27 0
27 4
27 7
27 14
27 15
27 18
27 28
27 29
27 31
27 34
27 38
27 43
27 45
27 46
27 47
27 52
27 53
28 7
28 15
28 17
28 19
28 20
28 22
28 30
28 36
28 39
28 47
28 56
28 58
28 59
28 68
29 7
29 9
29 16
29 22
29 23
29 24
29 27
29 31
29 32
29 34
29 41
29 42
29 47
29 61
29 63
29 69
30 5
30 10
30 13
30 20
30 23
30 26
30 36
30 37
30 43
30 50
30 51
30 56
30 58
30 66
30 68
30 69
31 12
31 17
31 18
31 20
31 23
31 26
31 43
31 45
31 47
31 49
31 55
31 66
31 69
32 4
32 6
32 13
32 15
32 17
32 24
32 28
32 30
32 33
32 43
32 47
32 49
32 52
32 54
32 64
33 0
33 2
33 7
33 9
33 10
33 11
33 13
33 22
33 23
33 24
33 25
33 29
33 32
33 34
33 40
33 43
33 55
33 57
33 58
33 65
34 2
34 3
34 10
34 15
34 16
34 18
34 19
34 21
34 28
34 33
34 40
34 43
34 49
34 51
34 55
34 63
34 67
35 2
35 4
35 6
35 14
35 22
35 23
35 26
35 28
35 29
35 31
35 32
35 45
35 52
35 66
35 68
36 2
36 7
36 19
36 24
36 27
36 37
36 41
36 55
36 58
36 61
36 66
37 7
37 21
37 26
37 30
37 34
37 39
37 41
37 42
37 47
37 51
37 53
37 58
37 59
37 62
37 63
37 69
38 6
38 8
38 11
38 13
38 19
38 36
38 43
38 45
38 49
38 52
38 56
38 58
38 64
38 65
38 67
38 68
39 5
39 6
39 10
39 23
39 33
39 34
39 36
39 38
39 40
39 41
39 54
39 59
39 61
39 62
39 63
39 67
40 1
40 5
40 6
40 14
40 15
40 17
40 21
40 26
40 30
40 36
40 37
40 41
40 44
40 49
40 54
40 61
41 0
41 4
41 17
41 18
41 19
41 22
41 39
41 40
41 45
41 48
41 57
41 68
41 69
42 0
42 6
42 7
42 9
42 14
42 18
42 20
42 21
42 23
42 29
42 31
42 32
42 38
42 39
42 40
42 43
42 49
42 51
42 52
42 53
42 62
42 64
43 7
43 19
43 20
43 26
43 29
43 31
43 32
43 41
43 59
43 61
44 1
44 9
44 12
44 40
44 41
44 45
44 47
44 48
44 50
44 51
44 57
44 66
44 69
45 11
45 18
45 21
45 34
45 37
45 41
45 50
45 51
45 60
45 63
46 12
46 13
46 24
46 26
46 27
46 32
46 34
46 37
46 43
46 53
46 57
46 61
46 67
46 69
47 16
47 20
47 27
47 30
47 36
47 43
47 52
47 59
47 61
47 63
47 68
48 0
48 6
48 11
48 15
48 16
48 26
48 27
48 29
48 31
48 40
48 42
48 50
48 52
48 60
48 65
48 66
49 0
49 5
49 6
49 8
49 13
49 21
49 23
49 27
49 29
49 30
49 32
49 36
49 45
49 47
49 52
49 55
49 58
49 66
49 67
49 68
49 69
50 10
50 13
50 14
50 18
50 28
50 47
50 56
50 59
50 63
50 68
50 69
51 4
51 5
51 9
51 10
51 11
51 15
51 18
51 19
51 21
51 22
51 23
51 26
51 29
51 43
51 49
51 50
51 52
51 57
51 59
52 1
52 5
52 6
52 10
52 14
52 15
52 16
52 20
52 22
52 23
52 27
52 30
52 38
52 41
52 42
52 47
52 51
52 53
52 59
52 63
52 67
53 14
53 17
53 18
53 26
53 37
53 39
53 44
53 46
53 62
53 63
53 69
54 5
54 16
54 24
54 38
54 40
54 41
54 47
54 50
54 56
54 61
54 65
55 2
55 3
55 13
55 15
55 19
55 21
55 25
55 37
55 48
55 54
55 62
56 3
56 4
56 12
56 14
56 21
56 31
56 39
56 49
56 54
56 58
56 60
56 66
57 9
57 12
57 13
57 19
57 20
57 22
57 30
57 33
57 38
57 40
57 45
57 59
57 61
57 66
58 10
58 20
58 24
58 27
58 30
58 32
58 34
58 48
58 50
58 54
58 57
58 64
58 69
59 5
59 8
59 12
59 27
59 30
59 31
59 45
59 46
59 51
59 67
60 3
60 4
60 19
60 21
60 26
60 28
60 30
60 34
60 39
60 44
60 49
60 57
60 59
60 61
60 66
61 3
61 10
61 14
61 19
61 22
61 23
61 28
61 29
61 31
61 40
61 42
61 43
61 47
61 53
61 55
61 56
61 57
61 60
61 64
61 66
62 0
62 2
62 10
62 17
62 19
62 22
62 23
62 27
62 28
62 29
62 32
62 34
62 35
62 43
62 49
62 54
62 63
62 65
62 67
63 2
63 8
63 10
63 15
63 22
63 26
63 33
63 34
63 37
63 40
63 42
63 43
63 50
63 54
63 65
64 1
64 5
64 9
64 13
64 19
64 37
64 51
64 53
64 59
64 66
65 1
65 4
65 10
65 21
65 25
65 36
65 38
65 39
65 43
65 45
65 57
65 61
65 63
65 66
66 0
66 9
66 10
66 11
66 30
66 36
66 41
66 50
66 56
66 64
66 68
67 3
67 14
67 16
67 23
67 41
67 42
67 45
68 1
68 8
68 19
68 21
68 29
68 32
68 33
68 35
68 42
68 44
68 49
68 55
68 56
68 57
68 59
68 61
68 62
68 64
68 65
69 0
69 7
69 8
69 13
69 14
69 15
69 18
69 21
69 31
69 32
69 36
69 41
69 46
69 51
69 63
69 64
69 68
