175
0 5
0 29
0 35
0 37
0 43
0 57
0 66
0 67
0 69
0 78
0 79
0 89
0 90
0 94
0 99
0 102
0 117
0 123
0 127
0 130
0 136
0 139
0 141
0 145
0 151
0 161
0 174
1 2
1 5
1 7
1 13
1 14
1 17
1 19
1 21
1 22
1 25
1 30
1 39
1 40
1 46
1 47
1 48
1 54
1 57
1 61
1 62
1 65
1 69
1 70
1 71
1 76
1 82
1 84
1 85
1 91
1 95
1 100
1 103
1 107
1 110
1 111
1 114
1 116
1 117
1 120
1 134
1 136
1 147
1 154
1 156
1 162
1 164
1 168
1 170
2 1
2 3
2 4
2 25
2 30
2 31
2 32
2 39
2 40
2 41
2 50
2 54
2 55
2 58
2 63
2 64
2 65
2 67
2 69
2 70
2 74
2 79
2 80
2 83
2 84
2 85
2 91
2 93
2 94
2 95
2 96
2 98
2 107
2 111
2 119
2 121
2 122
2 133
2 134
2 139
2 146
2 160
2 162
2 165
2 168
2 169
3 1
3 15
3 27
3 28
3 33
3 53
3 57
3 61
3 62
3 63
3 66
3 71
3 86
3 90
3 94
3 103
3 109
3 120
3 121
3 123
3 135
3 137
3 139
3 140
3 141
3 142
3 144
3 145
3 147
3 148
3 149
4 0
4 2
4 15
4 34
4 41
4 46
4 61
4 66
4 67
4 70
4 78
4 83
4 88
4 93
4 95
4 102
4 112
4 115
4 116
4 118
4 120
4 122
4 123
4 135
4 151
4 152
4 154
4 169
4 173
5 1
5 16
5 18
5 19
5 20
5 24
5 28
5 31
5 33
5 36
5 39
5 41
5 42
5 46
5 48
5 51
5 52
5 56
5 60
5 63
5 64
5 65
5 66
5 73
5 90
5 92
5 93
5 107
5 115
5 119
5 124
5 127
5 134
5 135
5 147
5 153
5 154
5 163
5 164
5 166
6 5
6 15
6 32
6 42
6 49
6 53
6 55
6 56
6 60
6 61
6 64
6 66
6 68
6 70
6 76
6 79
6 87
6 89
6 90
6 94
6 95
6 98
6 104
6 105
6 109
6 113
6 114
6 125
6 128
6 134
6 136
6 137
6 144
6 149
6 152
6 153
6 165
6 169
6 173
7 10
7 13
7 16
7 19
7 26
7 27
7 36
7 39
7 44
7 47
7 50
7 59
7 62
7 65
7 66
7 69
7 71
7 77
7 84
7 91
7 123
7 126
7 127
7 132
7 133
7 137
7 144
7 145
7 160
7 163
7 167
7 172
8 4
8 5
8 6
8 15
8 29
8 31
8 33
8 36
8 40
8 43
8 46
8 48
8 49
8 50
8 54
8 56
8 60
8 65
8 66
8 76
8 84
8 86
8 89
8 95
8 97
8 100
8 105
8 119
8 127
8 137
8 138
8 139
8 145
8 147
8 154
8 157
8 160
9 3
9 12
9 13
9 16
9 30
9 34
9 44
9 46
9 52
9 55
9 59
9 69
9 75
9 76
9 80
9 81
9 82
9 84
9 87
9 91
9 92
9 95
9 104
9 117
9 119
9 121
9 122
9 128
9 129
9 136
9 138
9 144
9 145
9 151
9 157
9 159
9 160
9 171
9 172
10 1
10 4
10 14
10 17
10 21
10 30
10 31
10 32
10 44
10 46
10 49
10 51
10 61
10 64
10 79
10 81
10 83
10 85
10 100
10 101
10 116
10 117
10 118
10 119
10 123
10 125
10 130
10 137
10 146
10 150
10 153
10 155
10 159
10 160
10 162
10 166
10 172
11 3
11 12
11 15
11 16
11 17
11 19
11 21
11 25
11 29
11 32
11 37
11 40
11 54
11 58
11 59
11 68
11 75
11 80
11 85
11 87
11 90
11 91
11 105
11 106
11 109
11 120
11 123
11 129
11 132
11 140
11 141
11 154
11 155
11 159
11 165
12 1
12 5
12 7
12 9
12 14
12 16
12 20
12 23
12 30
12 32
12 33
12 34
12 36
12 40
12 44
12 47
12 49
12 54
12 56
12 61
12 78
12 81
12 86
12 88
12 95
12 96
12 100
12 105
12 112
12 118
12 132
12 135
12 136
12 153
12 161
13 0
13 1
13 9
13 18
13 20
13 22
13 27
13 39
13 41
13 43
13 48
13 53
13 54
13 66
13 74
13 75
13 80
13 89
13 93
13 101
13 107
13 113
13 117
13 120
13 132
13 143
13 144
13 153
13 156
13 158
13 164
13 166
13 168
13 169
14 7
14 10
14 17
14 24
14 26
14 27
14 35
14 50
14 52
14 58
14 59
14 61
14 67
14 68
14 83
14 85
14 86
14 90
14 92
14 99
14 100
14 101
14 106
14 116
14 120
14 126
14 129
14 130
14 139
14 143
14 146
14 150
14 153
14 155
14 157
14 158
14 172
15 2
15 3
15 12
15 18
15 23
15 26
15 27
15 30
15 35
15 41
15 47
15 48
15 53
15 56
15 66
15 69
15 77
15 79
15 80
15 81
15 84
15 86
15 89
15 106
15 107
15 110
15 112
15 113
15 119
15 121
15 124
15 130
15 138
15 146
15 149
15 151
15 152
15 154
15 155
15 161
15 164
15 169
15 171
15 172
15 173
15 174
16 0
16 4
16 5
16 6
16 8
16 9
16 10
16 15
16 26
16 27
16 41
16 46
16 48
16 61
16 66
16 74
16 79
16 81
16 85
16 90
16 92
16 97
16 107
16 113
16 121
16 123
16 124
16 131
16 132
16 134
16 141
16 142
16 145
16 147
16 150
16 167
17 11
17 12
17 16
17 23
17 24
17 25
17 27
17 33
17 35
17 38
17 44
17 52
17 56
17 62
17 63
17 64
17 73
17 74
17 86
17 87
17 92
17 97
17 100
17 110
17 117
17 123
17 145
17 150
17 153
17 170
17 171
18 1
18 8
18 9
18 22
18 24
18 28
18 44
18 46
18 48
18 52
18 58
18 62
18 71
18 79
18 89
18 93
18 98
18 100
18 101
18 104
18 107
18 114
18 124
18 128
18 132
18 138
18 140
18 141
18 143
18 149
18 151
18 156
18 159
18 164
18 165
18 170
18 174
19 3
19 9
19 10
19 22
19 27
19 30
19 32
19 35
19 49
19 65
19 70
19 73
19 104
19 107
19 114
19 122
19 124
19 125
19 127
19 132
19 135
19 137
19 139
19 149
19 156
19 159
19 173
20 0
20 1
20 5
20 16
20 17
20 21
20 24
20 27
20 33
20 35
20 39
20 40
20 42
20 45
20 46
20 55
20 62
20 64
20 67
20 68
20 70
20 72
20 81
20 91
20 94
20 95
20 101
20 104
20 107
20 108
20 130
20 131
20 140
20 150
20 153
20 154
20 157
20 170
20 172
21 0
21 4
21 14
21 15
21 16
21 24
21 26
21 33
21 36
21 37
21 39
21 44
21 64
21 75
21 84
21 87
21 88
21 94
21 97
21 99
21 114
21 119
21 122
21 125
21 130
21 136
21 138
21 140
21 142
21 146
21 157
21 163
21 167
21 169
22 6
22 7
22 10
22 17
22 19
22 21
22 30
22 34
22 48
22 49
22 54
22 57
22 60
22 63
22 67
22 72
22 75
22 87
22 91
22 92
22 94
22 104
22 107
22 109
22 114
22 126
22 130
22 139
22 142
22 150
22 151
22 152
22 157
22 160
22 168
22 172
23 14
23 15
23 17
23 27
23 29
23 35
23 36
23 48
23 53
23 59
23 68
23 71
23 79
23 90
23 92
23 99
23 103
23 106
23 118
23 120
23 122
23 127
23 129
23 130
23 131
23 135
23 137
23 143
23 145
23 147
23 148
23 161
23 174
24 6
24 7
24 16
24 17
24 21
24 27
24 48
24 52
24 55
24 64
24 68
24 73
24 74
24 79
24 92
24 93
24 95
24 105
24 107
24 113
24 116
24 121
24 123
24 125
24 128
24 131
24 135
24 136
24 147
24 155
24 161
24 167
25 2
25 4
25 11
25 14
25 15
25 18
25 20
25 24
25 34
25 39
25 42
25 47
25 50
25 52
25 61
25 62
25 67
25 79
25 86
25 90
25 93
25 111
25 112
25 117
25 120
25 121
25 124
25 127
25 138
25 141
25 149
25 154
25 161
25 170
25 174
26 1
26 12
26 17
26 19
26 20
26 22
26 33
26 42
26 46
26 49
26 54
26 72
26 74
26 85
26 86
26 87
26 88
26 93
26 95
26 100
26 102
26 103
26 109
26 118
26 119
26 122
26 124
26 125
26 131
26 137
26 140
26 143
26 148
26 156
26 161
26 166
26 167
27 2
27 12
27 16
27 19
27 23
27 24
27 33
27 41
27 44
27 53
27 56
27 71
27 82
27 83
27 89
27 93
27 98
27 100
27 101
27 104
27 106
27 110
27 111
27 115
27 124
27 135
27 141
27 144
27 151
27 159
27 165
27 170
28 0
28 7
28 13
28 16
28 21
28 23
28 26
28 29
28 31
28 42
28 45
28 47
28 51
28 56
28 60
28 61
28 76
28 82
28 92
28 98
28 104
28 108
28 117
28 119
28 124
28 129
28 130
28 140
28 143
28 147
28 149
28 154
28 165
29 12
29 14
29 16
29 20
29 27
29 30
29 31
29 41
29 47
29 60
29 79
29 82
29 88
29 91
29 98
29 99
29 100
29 109
29 118
29 120
29 131
29 134
29 136
29 138
29 143
29 146
29 150
29 151
29 154
29 161
29 164
29 173
30 8
30 12
30 15
30 17
30 22
30 23
30 24
30 34
30 42
30 45
30 49
30 50
30 53
30 54
30 57
30 63
30 67
30 68
30 78
30 81
30 82
30 86
30 88
30 90
30 94
30 99
30 104
30 107
30 110
30 111
30 113
30 121
30 124
30 125
30 126
30 128
30 136
30 140
30 143
30 148
30 151
30 154
30 155
30 159
30 166
30 170
30 171
30 172
31 4
31 11
31 12
31 25
31 30
31 33
31 37
31 42
31 43
31 45
31 46
31 47
31 50
31 51
31 52
31 54
31 66
31 72
31 75
31 85
31 89
31 91
31 94
31 99
31 101
31 107
31 108
31 110
31 112
31 119
31 124
31 125
31 143
31 144
31 150
31 151
31 161
31 164
31 166
32 1
32 4
32 6
32 25
32 28
32 37
32 44
32 48
32 51
32 52
32 53
32 58
32 64
32 76
32 77
32 80
32 82
32 85
32 95
32 97
32 105
32 115
32 123
32 126
32 127
32 129
32 130
32 136
32 138
32 139
32 141
32 143
32 145
32 147
32 150
32 155
32 161
32 168
32 169
32 172
32 173
33 1
33 6
33 28
33 35
33 36
33 37
33 40
33 45
33 47
33 78
33 82
33 83
33 87
33 88
33 100
33 101
33 104
33 105
33 108
33 118
33 121
33 125
33 133
33 136
33 137
33 138
33 141
33 153
33 157
33 163
33 166
33 170
34 4
34 6
34 30
34 32
34 38
34 39
34 40
34 41
34 60
34 61
34 65
34 67
34 81
34 82
34 83
34 85
34 86
34 103
34 109
34 111
34 123
34 124
34 126
34 136
34 145
34 146
34 147
34 155
34 157
34 159
34 168
34 171
34 174
35 8
35 12
35 29
35 37
35 39
35 43
35 46
35 47
35 49
35 50
35 55
35 56
35 66
35 68
35 69
35 73
35 74
35 78
35 79
35 82
35 86
35 89
35 91
35 100
35 108
35 118
35 126
35 136
35 137
35 143
35 146
35 153
35 154
35 155
35 156
35 160
35 170
36 1
36 9
36 10
36 19
36 20
36 25
36 30
36 33
36 35
36 44
36 51
36 57
36 60
36 63
36 70
36 71
36 72
36 73
36 80
36 85
36 88
36 96
36 100
36 101
36 102
36 103
36 109
36 117
36 119
36 120
36 126
36 131
36 139
36 144
36 148
36 149
36 154
36 155
36 156
36 165
36 171
37 5
37 14
37 23
37 32
37 34
37 38
37 46
37 57
37 58
37 61
37 73
37 80
37 84
37 85
37 89
37 95
37 105
37 108
37 117
37 120
37 122
37 126
37 134
37 136
37 139
37 141
37 142
37 143
37 145
37 150
37 159
37 163
37 166
37 169
37 170
37 171
37 172
37 173
37 174
38 12
38 21
38 24
38 25
38 28
38 37
38 47
38 49
38 50
38 53
38 54
38 61
38 67
38 68
38 78
38 81
38 92
38 93
38 95
38 101
38 103
38 122
38 123
38 124
38 125
38 133
38 140
38 142
38 144
38 150
38 157
38 158
38 162
38 166
38 172
39 0
39 4
39 18
39 19
39 28
39 29
39 30
39 44
39 46
39 47
39 51
39 56
39 61
39 69
39 86
39 94
39 97
39 107
39 128
39 132
39 138
39 139
39 141
39 149
39 154
39 163
39 167
39 170
40 3
40 4
40 6
40 25
40 26
40 27
40 35
40 39
40 44
40 45
40 47
40 61
40 66
40 78
40 79
40 91
40 102
40 104
40 107
40 110
40 113
40 121
40 122
40 126
40 131
40 133
40 138
41 11
41 14
41 16
41 17
41 24
41 25
41 28
41 37
41 40
41 61
41 64
41 77
41 78
41 80
41 83
41 86
41 87
41 88
41 94
41 95
41 99
41 102
41 105
41 107
41 115
41 116
41 117
41 126
41 127
41 129
41 133
41 135
41 137
41 140
41 141
41 149
41 154
41 161
41 167
41 171
41 173
42 0
42 7
42 12
42 21
42 28
42 33
42 38
42 50
42 52
42 57
42 70
42 72
42 75
42 76
42 82
42 85
42 88
42 89
42 90
42 97
42 99
42 100
42 102
42 104
42 106
42 109
42 114
42 117
42 120
42 140
42 144
42 159
42 160
42 161
42 162
42 163
42 164
43 11
43 18
43 20
43 29
43 30
43 31
43 34
43 36
43 37
43 38
43 45
43 48
43 49
43 55
43 56
43 59
43 65
43 67
43 68
43 79
43 90
43 95
43 96
43 104
43 109
43 113
43 126
43 131
43 137
43 142
43 147
43 152
43 157
43 158
43 159
43 165
44 2
44 5
44 7
44 12
44 13
44 17
44 25
44 29
44 30
44 31
44 32
44 37
44 38
44 41
44 46
44 50
44 52
44 55
44 62
44 73
44 78
44 83
44 84
44 85
44 102
44 113
44 115
44 124
44 127
44 129
44 140
44 142
44 153
44 155
44 163
44 164
44 166
44 174
45 11
45 15
45 17
45 25
45 27
45 35
45 42
45 43
45 51
45 54
45 59
45 61
45 72
45 85
45 86
45 88
45 89
45 90
45 94
45 95
45 97
45 108
45 115
45 128
45 130
45 131
45 135
45 136
45 140
45 150
45 156
45 162
45 163
45 165
45 169
45 174
46 0
46 1
46 4
46 6
46 8
46 30
46 57
46 58
46 59
46 60
46 62
46 66
46 76
46 79
46 87
46 88
46 93
46 100
46 104
46 105
46 112
46 115
46 117
46 118
46 120
46 122
46 137
46 143
46 145
46 150
46 154
46 162
46 165
46 167
46 173
47 9
47 10
47 13
47 28
47 31
47 36
47 37
47 45
47 54
47 63
47 75
47 82
47 84
47 90
47 93
47 121
47 122
47 129
47 133
47 136
47 153
47 154
47 156
47 157
47 158
47 159
47 163
48 3
48 11
48 12
48 16
48 17
48 19
48 24
48 27
48 29
48 36
48 41
48 63
48 70
48 77
48 88
48 92
48 101
48 102
48 104
48 107
48 108
48 114
48 116
48 125
48 130
48 131
48 133
48 135
48 140
48 143
48 147
48 154
48 163
48 168
49 9
49 24
49 29
49 34
49 36
49 41
49 43
49 44
49 48
49 74
49 76
49 80
49 85
49 86
49 88
49 90
49 93
49 99
49 101
49 103
49 108
49 109
49 116
49 119
49 125
49 130
49 138
49 141
49 150
49 154
49 155
49 156
49 158
49 159
49 164
49 167
50 5
50 8
50 11
50 13
50 37
50 39
50 40
50 41
50 53
50 60
50 78
50 81
50 94
50 96
50 97
50 103
50 105
50 114
50 115
50 119
50 126
50 129
50 130
50 140
50 144
50 152
50 154
50 173
50 174
51 3
51 14
51 18
51 22
51 25
51 26
51 27
51 28
51 29
51 37
51 39
51 48
51 54
51 57
51 58
51 60
51 80
51 81
51 85
51 87
51 88
51 89
51 94
51 95
51 100
51 108
51 118
51 125
51 129
51 131
51 132
51 134
51 137
51 143
51 144
51 147
51 151
51 159
51 162
51 169
52 2
52 3
52 8
52 11
52 32
52 35
52 38
52 48
52 50
52 51
52 57
52 67
52 68
52 75
52 77
52 84
52 88
52 93
52 98
52 101
52 135
52 140
52 141
52 145
52 155
52 164
52 165
52 170
53 0
53 12
53 14
53 29
53 33
53 35
53 39
53 40
53 51
53 62
53 63
53 65
53 67
53 73
53 74
53 76
53 79
53 80
53 84
53 86
53 91
53 94
53 98
53 100
53 101
53 104
53 105
53 108
53 112
53 114
53 116
53 124
53 126
53 133
53 139
53 151
53 152
53 154
53 162
53 163
53 164
53 168
53 171
53 172
53 173
54 4
54 12
54 15
54 19
54 21
54 22
54 24
54 28
54 34
54 37
54 61
54 63
54 66
54 69
54 74
54 81
54 89
54 93
54 95
54 98
54 101
54 107
54 112
54 114
54 119
54 127
54 130
54 141
54 144
54 145
54 159
54 161
54 162
54 164
54 169
54 170
55 2
55 7
55 10
55 15
55 25
55 33
55 38
55 40
55 47
55 49
55 54
55 70
55 73
55 74
55 82
55 84
55 85
55 92
55 94
55 105
55 106
55 110
55 114
55 118
55 132
55 134
55 137
55 148
55 151
55 152
55 159
55 163
55 164
55 170
55 171
55 174
56 0
56 11
56 12
56 15
56 20
56 34
56 38
56 41
56 51
56 61
56 62
56 63
56 69
56 77
56 93
56 95
56 96
56 105
56 106
56 119
56 120
56 121
56 130
56 132
56 143
56 151
56 154
56 171
56 173
57 7
57 26
57 27
57 33
57 37
57 42
57 52
57 64
57 69
57 70
57 72
57 83
57 92
57 96
57 97
57 110
57 111
57 114
57 120
57 121
57 137
57 140
57 149
57 159
57 167
58 5
58 10
58 11
58 17
58 20
58 24
58 26
58 40
58 42
58 45
58 49
58 59
58 62
58 65
58 72
58 77
58 79
58 82
58 90
58 103
58 105
58 106
58 107
58 108
58 114
58 117
58 128
58 129
58 132
58 134
58 136
58 142
58 147
58 149
58 155
58 157
58 158
58 173
59 1
59 3
59 4
59 5
59 20
59 22
59 25
59 26
59 28
59 34
59 37
59 39
59 41
59 45
59 48
59 55
59 58
59 60
59 65
59 74
59 79
59 110
59 116
59 118
59 124
59 127
59 128
59 131
59 141
59 142
59 149
59 152
59 153
59 158
59 165
59 174
60 0
60 1
60 8
60 10
60 12
60 13
60 17
60 24
60 26
60 27
60 33
60 35
60 38
60 40
60 44
60 51
60 58
60 66
60 85
60 93
60 107
60 108
60 109
60 112
60 113
60 115
60 117
60 119
60 122
60 124
60 125
60 126
60 141
60 142
60 144
60 147
60 154
60 157
60 159
60 161
61 4
61 5
61 6
61 9
61 11
61 27
61 32
61 36
61 37
61 40
61 46
61 50
61 51
61 60
61 65
61 79
61 87
61 88
61 100
61 101
61 106
61 108
61 110
61 126
61 130
61 134
61 137
61 139
61 144
61 149
61 150
61 155
61 167
61 172
62 3
62 5
62 7
62 11
62 15
62 17
62 20
62 23
62 24
62 25
62 29
62 35
62 37
62 38
62 40
62 52
62 53
62 56
62 67
62 78
62 88
62 94
62 95
62 101
62 103
62 105
62 110
62 113
62 117
62 119
62 122
62 128
62 135
62 137
62 140
62 150
62 153
62 154
62 164
62 167
62 168
62 172
63 1
63 3
63 10
63 17
63 18
63 19
63 25
63 27
63 31
63 38
63 40
63 45
63 49
63 56
63 57
63 60
63 62
63 89
63 96
63 106
63 107
63 113
63 125
63 129
63 134
63 145
63 147
63 148
63 150
63 154
63 162
63 170
64 0
64 1
64 2
64 4
64 12
64 13
64 24
64 29
64 32
64 38
64 44
64 50
64 58
64 61
64 65
64 79
64 82
64 84
64 85
64 86
64 96
64 100
64 106
64 109
64 116
64 123
64 129
64 132
64 139
64 145
64 150
64 155
64 156
64 165
64 167
64 170
64 173
65 9
65 26
65 31
65 35
65 37
65 41
65 46
65 50
65 55
65 56
65 57
65 61
65 70
65 73
65 87
65 88
65 89
65 98
65 105
65 106
65 115
65 116
65 117
65 120
65 121
65 131
65 146
65 157
65 164
66 4
66 8
66 11
66 13
66 21
66 23
66 27
66 29
66 30
66 31
66 32
66 37
66 39
66 42
66 45
66 48
66 50
66 54
66 57
66 65
66 73
66 75
66 79
66 86
66 90
66 97
66 99
66 113
66 121
66 126
66 128
66 132
66 133
66 141
66 144
66 150
66 152
66 155
66 173
67 1
67 6
67 7
67 14
67 17
67 19
67 24
67 37
67 49
67 57
67 66
67 77
67 81
67 82
67 91
67 101
67 110
67 113
67 115
67 119
67 129
67 135
67 137
67 139
67 140
67 151
67 172
68 6
68 14
68 18
68 19
68 22
68 23
68 29
68 33
68 35
68 37
68 39
68 41
68 42
68 43
68 49
68 53
68 55
68 56
68 66
68 70
68 71
68 75
68 82
68 83
68 87
68 94
68 95
68 104
68 111
68 112
68 116
68 123
68 127
68 137
68 142
68 143
68 145
68 151
68 161
68 165
68 172
68 173
69 3
69 6
69 11
69 17
69 18
69 25
69 26
69 34
69 40
69 45
69 50
69 53
69 59
69 62
69 66
69 80
69 82
69 83
69 92
69 93
69 102
69 103
69 104
69 105
69 107
69 109
69 114
69 116
69 126
69 129
69 130
69 134
69 135
69 139
69 144
69 150
69 157
69 161
69 162
69 163
69 167
69 169
70 9
70 18
70 19
70 39
70 40
70 45
70 54
70 56
70 64
70 67
70 69
70 74
70 82
70 88
70 90
70 91
70 92
70 93
70 94
70 111
70 125
70 129
70 133
70 135
70 137
70 138
70 143
70 144
70 146
70 147
70 153
70 154
70 156
70 158
70 162
70 166
70 168
70 169
71 12
71 21
71 23
71 28
71 35
71 38
71 45
71 48
71 52
71 58
71 60
71 65
71 81
71 82
71 84
71 86
71 87
71 88
71 98
71 103
71 107
71 120
71 127
71 130
71 131
71 145
71 150
71 152
71 155
71 160
71 161
71 164
71 166
71 170
72 20
72 21
72 26
72 34
72 43
72 49
72 53
72 56
72 65
72 66
72 68
72 70
72 81
72 84
72 89
72 107
72 122
72 132
72 134
72 135
72 144
72 149
72 151
72 152
72 157
72 160
72 162
72 167
72 169
72 171
73 4
73 5
73 9
73 20
73 25
73 28
73 32
73 36
73 38
73 40
73 42
73 43
73 45
73 46
73 47
73 48
73 55
73 60
73 65
73 87
73 93
73 97
73 106
73 108
73 113
73 116
73 123
73 124
73 127
73 139
73 141
73 146
73 149
73 150
73 164
74 5
74 9
74 10
74 11
74 15
74 17
74 18
74 22
74 23
74 27
74 40
74 45
74 52
74 57
74 64
74 67
74 86
74 93
74 96
74 100
74 116
74 120
74 121
74 133
74 136
74 137
74 138
74 142
74 144
74 146
74 148
74 149
74 153
74 158
74 171
75 12
75 14
75 21
75 23
75 26
75 31
75 33
75 34
75 35
75 36
75 38
75 40
75 45
75 51
75 58
75 63
75 70
75 79
75 80
75 86
75 87
75 94
75 99
75 102
75 106
75 109
75 111
75 113
75 117
75 119
75 126
75 127
75 133
75 141
75 164
75 168
75 173
76 6
76 21
76 24
76 41
76 43
76 45
76 47
76 48
76 53
76 57
76 62
76 64
76 74
76 84
76 93
76 102
76 104
76 106
76 126
76 128
76 144
76 145
76 147
76 150
76 154
76 155
76 161
76 163
76 165
76 169
76 171
77 2
77 4
77 11
77 13
77 18
77 29
77 37
77 48
77 52
77 54
77 72
77 74
77 75
77 80
77 87
77 94
77 100
77 104
77 105
77 110
77 113
77 114
77 122
77 135
77 136
77 139
77 140
77 146
77 148
77 153
77 155
77 156
77 167
77 172
78 0
78 6
78 13
78 21
78 24
78 43
78 48
78 49
78 54
78 55
78 56
78 58
78 63
78 64
78 75
78 80
78 84
78 85
78 89
78 97
78 98
78 100
78 101
78 102
78 105
78 111
78 117
78 120
78 121
78 122
78 126
78 128
78 135
78 139
78 153
78 160
78 166
78 167
78 169
78 173
78 174
79 0
79 4
79 5
79 30
79 32
79 36
79 52
79 56
79 61
79 62
79 75
79 109
79 110
79 126
79 132
79 135
79 136
79 139
79 140
79 146
79 148
79 149
79 156
79 157
79 161
79 172
79 174
80 3
80 12
80 13
80 18
80 23
80 26
80 33
80 41
80 47
80 54
80 57
80 60
80 63
80 68
80 69
80 73
80 77
80 79
80 91
80 96
80 97
80 102
80 112
80 116
80 118
80 121
80 135
80 137
80 144
80 148
80 152
80 153
80 162
81 2
81 10
81 11
81 12
81 17
81 32
81 38
81 47
81 48
81 57
81 64
81 71
81 73
81 75
81 79
81 80
81 82
81 83
81 87
81 89
81 98
81 99
81 109
81 113
81 119
81 122
81 126
81 132
81 137
81 144
81 152
81 166
81 168
81 173
82 2
82 7
82 8
82 10
82 15
82 18
82 20
82 23
82 28
82 45
82 53
82 55
82 67
82 78
82 84
82 85
82 90
82 91
82 94
82 100
82 102
82 112
82 121
82 129
82 133
82 139
82 140
82 144
82 145
82 148
82 154
82 155
82 157
82 159
82 170
82 171
83 2
83 3
83 12
83 13
83 14
83 19
83 20
83 28
83 34
83 41
83 49
83 50
83 52
83 56
83 62
83 67
83 74
83 77
83 81
83 89
83 90
83 92
83 93
83 100
83 101
83 102
83 112
83 119
83 128
83 143
83 144
83 145
83 147
83 152
83 156
83 157
83 158
83 161
83 168
83 170
83 172
83 173
84 0
84 5
84 15
84 20
84 26
84 28
84 34
84 43
84 44
84 51
84 58
84 60
84 64
84 67
84 69
84 76
84 77
84 86
84 92
84 97
84 98
84 102
84 108
84 119
84 120
84 124
84 126
84 127
84 131
84 134
84 137
84 138
84 149
84 153
84 156
84 165
84 167
85 2
85 9
85 10
85 11
85 14
85 19
85 20
85 32
85 41
85 42
85 43
85 48
85 52
85 66
85 86
85 88
85 95
85 96
85 100
85 117
85 121
85 124
85 131
85 134
85 138
85 143
85 145
85 148
85 152
85 154
85 155
85 158
85 160
85 168
85 170
86 2
86 4
86 8
86 12
86 13
86 14
86 20
86 28
86 29
86 33
86 37
86 38
86 46
86 48
86 51
86 52
86 56
86 57
86 65
86 67
86 69
86 80
86 83
86 84
86 98
86 102
86 104
86 111
86 112
86 124
86 127
86 147
86 148
86 159
86 170
86 172
87 0
87 1
87 2
87 4
87 10
87 16
87 19
87 27
87 37
87 41
87 52
87 53
87 54
87 79
87 85
87 86
87 93
87 98
87 99
87 107
87 118
87 122
87 138
87 141
87 144
87 146
87 147
87 151
87 155
87 161
87 162
87 164
87 170
88 0
88 2
88 7
88 9
88 12
88 16
88 17
88 25
88 27
88 28
88 29
88 32
88 33
88 34
88 43
88 44
88 47
88 51
88 53
88 63
88 77
88 78
88 80
88 82
88 85
88 86
88 91
88 95
88 106
88 107
88 113
88 120
88 127
88 136
88 139
88 151
88 152
88 154
88 160
88 161
88 168
88 169
88 171
89 6
89 10
89 12
89 15
89 16
89 26
89 27
89 32
89 39
89 41
89 53
89 55
89 60
89 61
89 70
89 75
89 77
89 79
89 80
89 82
89 90
89 94
89 95
89 96
89 99
89 101
89 102
89 106
89 110
89 112
89 133
89 142
89 146
89 153
89 154
89 155
89 160
89 162
89 165
90 0
90 6
90 7
90 12
90 15
90 25
90 28
90 29
90 42
90 43
90 45
90 47
90 50
90 55
90 62
90 63
90 65
90 67
90 70
90 71
90 72
90 74
90 81
90 82
90 83
90 84
90 86
90 95
90 98
90 103
90 107
90 110
90 111
90 119
90 126
90 128
90 141
90 148
90 156
90 161
90 162
90 164
90 169
91 1
91 3
91 16
91 17
91 21
91 24
91 29
91 33
91 39
91 44
91 47
91 49
91 50
91 61
91 62
91 88
91 104
91 105
91 106
91 110
91 111
91 114
91 116
91 121
91 124
91 131
91 132
91 136
91 140
91 145
91 152
91 156
91 157
91 158
91 160
92 11
92 21
92 25
92 36
92 38
92 42
92 59
92 62
92 64
92 67
92 71
92 79
92 82
92 83
92 102
92 103
92 106
92 107
92 111
92 112
92 113
92 116
92 120
92 121
92 122
92 127
92 139
92 140
92 141
92 144
92 146
92 150
92 152
92 154
92 160
92 161
92 164
92 167
92 171
93 2
93 5
93 7
93 13
93 20
93 21
93 29
93 45
93 63
93 65
93 72
93 79
93 81
93 86
93 90
93 99
93 101
93 104
93 110
93 112
93 113
93 115
93 125
93 138
93 141
93 142
93 143
93 146
93 153
93 159
93 162
93 163
93 164
93 171
93 173
94 7
94 13
94 14
94 17
94 23
94 26
94 28
94 31
94 33
94 36
94 42
94 48
94 52
94 56
94 57
94 59
94 63
94 69
94 73
94 77
94 85
94 86
94 87
94 91
94 93
94 101
94 106
94 117
94 118
94 129
94 130
94 131
94 137
94 150
94 151
94 152
94 153
94 162
94 165
94 166
94 167
95 1
95 8
95 10
95 14
95 19
95 21
95 33
95 34
95 37
95 39
95 41
95 43
95 44
95 48
95 49
95 56
95 61
95 63
95 68
95 69
95 76
95 78
95 83
95 90
95 93
95 97
95 101
95 115
95 116
95 124
95 132
95 133
95 136
95 137
95 138
95 139
95 140
95 141
95 143
95 145
95 150
95 152
95 159
95 174
96 21
96 22
96 34
96 41
96 45
96 46
96 47
96 53
96 54
96 60
96 64
96 73
96 74
96 78
96 93
96 94
96 95
96 97
96 99
96 108
96 117
96 126
96 146
96 148
96 149
96 152
96 163
96 169
96 172
96 174
97 2
97 10
97 11
97 16
97 20
97 22
97 23
97 31
97 32
97 34
97 37
97 38
97 40
97 45
97 57
97 62
97 86
97 90
97 91
97 112
97 114
97 115
97 116
97 118
97 120
97 133
97 136
97 152
97 155
97 173
97 174
98 0
98 1
98 9
98 15
98 27
98 28
98 31
98 38
98 43
98 66
98 68
98 69
98 73
98 74
98 76
98 77
98 83
98 84
98 97
98 115
98 123
98 130
98 132
98 137
98 138
98 144
98 148
98 151
98 159
98 164
98 170
98 172
99 32
99 34
99 40
99 43
99 47
99 54
99 58
99 60
99 78
99 83
99 86
99 87
99 88
99 91
99 94
99 98
99 103
99 108
99 113
99 123
99 132
99 133
99 137
99 139
99 141
99 142
99 143
99 148
99 150
99 151
99 153
99 155
99 163
99 173
99 174
100 3
100 12
100 19
100 20
100 28
100 34
100 42
100 45
100 48
100 50
100 51
100 53
100 55
100 63
100 64
100 66
100 70
100 74
100 78
100 79
100 84
100 92
100 94
100 101
100 103
100 104
100 106
100 116
100 118
100 119
100 120
100 121
100 122
100 135
100 139
100 140
100 142
100 143
100 145
100 146
100 147
100 156
100 157
100 158
100 163
100 166
100 174
101 1
101 3
101 6
101 7
101 11
101 20
101 28
101 32
101 33
101 39
101 44
101 50
101 52
101 55
101 68
101 75
101 79
101 91
101 98
101 99
101 102
101 112
101 115
101 116
101 119
101 124
101 126
101 130
101 131
101 136
101 137
101 142
101 151
101 154
101 155
101 162
101 165
101 173
102 5
102 15
102 19
102 21
102 23
102 24
102 38
102 39
102 42
102 58
102 67
102 70
102 73
102 74
102 76
102 81
102 94
102 97
102 105
102 119
102 121
102 126
102 138
102 143
102 145
102 147
102 148
102 149
102 151
102 153
102 158
102 161
102 168
102 171
103 2
103 16
103 23
103 28
103 37
103 46
103 51
103 52
103 66
103 74
103 80
103 83
103 84
103 86
103 87
103 91
103 93
103 94
103 98
103 99
103 121
103 127
103 128
103 129
103 130
103 131
103 136
103 140
103 143
103 145
103 149
103 151
103 154
103 159
103 174
104 2
104 22
104 28
104 42
104 43
104 44
104 61
104 65
104 67
104 74
104 81
104 88
104 105
104 106
104 108
104 110
104 116
104 117
104 119
104 124
104 133
104 135
104 137
104 146
104 149
104 150
104 154
104 160
104 161
104 162
104 164
104 165
104 172
105 2
105 5
105 10
105 12
105 13
105 14
105 32
105 35
105 39
105 41
105 42
105 46
105 47
105 55
105 60
105 63
105 66
105 81
105 86
105 89
105 91
105 99
105 104
105 109
105 111
105 113
105 131
105 140
105 147
105 152
105 155
105 157
105 160
105 168
105 171
105 174
106 8
106 11
106 19
106 24
106 33
106 35
106 40
106 41
106 42
106 46
106 47
106 50
106 52
106 59
106 61
106 69
106 71
106 75
106 76
106 80
106 83
106 95
106 101
106 102
106 114
106 120
106 149
106 154
106 161
106 162
107 6
107 7
107 11
107 13
107 14
107 15
107 18
107 24
107 39
107 47
107 59
107 70
107 76
107 85
107 87
107 89
107 101
107 104
107 105
107 106
107 122
107 123
107 125
107 132
107 138
107 140
107 143
107 146
107 147
107 150
107 154
107 165
107 167
108 1
108 7
108 8
108 9
108 13
108 19
108 20
108 27
108 37
108 41
108 42
108 47
108 52
108 55
108 56
108 65
108 74
108 80
108 83
108 84
108 92
108 97
108 109
108 111
108 113
108 125
108 126
108 130
108 133
108 135
108 142
108 144
108 148
108 149
108 156
108 161
108 162
108 167
108 169
109 4
109 6
109 14
109 17
109 20
109 39
109 40
109 43
109 51
109 62
109 66
109 71
109 73
109 80
109 81
109 90
109 96
109 97
109 108
109 113
109 115
109 121
109 122
109 124
109 126
109 128
109 137
109 152
109 154
109 157
109 158
109 170
110 5
110 6
110 7
110 10
110 13
110 16
110 18
110 19
110 36
110 37
110 48
110 58
110 66
110 67
110 72
110 76
110 78
110 88
110 92
110 101
110 108
110 109
110 112
110 117
110 122
110 125
110 127
110 135
110 139
110 152
110 153
110 158
110 162
110 167
110 174
111 0
111 3
111 6
111 16
111 17
111 21
111 31
111 35
111 36
111 39
111 45
111 48
111 49
111 51
111 55
111 60
111 67
111 71
111 73
111 81
111 91
111 95
111 99
111 104
111 112
111 116
111 124
111 125
111 131
111 134
111 135
111 136
111 144
111 151
111 154
111 161
111 162
111 165
111 166
111 170
111 174
112 24
112 26
112 32
112 35
112 36
112 41
112 50
112 53
112 60
112 61
112 70
112 72
112 73
112 85
112 86
112 94
112 95
112 97
112 101
112 104
112 105
112 113
112 120
112 128
112 131
112 134
112 136
112 139
112 144
112 150
112 152
112 153
112 158
112 161
112 170
112 173
112 174
113 5
113 6
113 8
113 12
113 13
113 23
113 25
113 27
113 28
113 30
113 31
113 34
113 38
113 43
113 53
113 55
113 58
113 60
113 66
113 70
113 75
113 78
113 81
113 83
113 85
113 102
113 106
113 108
113 109
113 112
113 118
113 121
113 133
113 135
113 136
113 142
113 146
113 148
113 153
113 155
113 165
113 170
114 6
114 8
114 9
114 10
114 19
114 20
114 31
114 39
114 42
114 46
114 50
114 52
114 56
114 63
114 69
114 75
114 90
114 94
114 96
114 97
114 99
114 104
114 108
114 110
114 117
114 121
114 126
114 127
114 128
114 131
114 140
114 142
114 143
114 151
114 156
114 157
114 166
114 167
114 169
114 171
115 1
115 7
115 21
115 36
115 46
115 47
115 50
115 63
115 64
115 66
115 67
115 77
115 90
115 97
115 102
115 105
115 106
115 109
115 111
115 121
115 131
115 138
115 139
115 140
115 147
115 150
115 157
115 158
115 163
115 164
115 165
115 173
116 0
116 7
116 11
116 22
116 33
116 36
116 39
116 44
116 51
116 57
116 58
116 60
116 61
116 74
116 85
116 86
116 93
116 95
116 99
116 106
116 112
116 117
116 122
116 126
116 127
116 128
116 136
116 142
116 149
116 150
116 155
116 156
116 158
116 162
116 164
116 169
116 170
117 2
117 5
117 11
117 13
117 14
117 15
117 19
117 25
117 29
117 35
117 38
117 39
117 42
117 50
117 55
117 56
117 59
117 72
117 73
117 74
117 75
117 80
117 83
117 85
117 88
117 93
117 94
117 101
117 102
117 104
117 106
117 108
117 119
117 120
117 121
117 125
117 133
117 143
117 148
117 158
117 162
117 166
117 171
118 2
118 5
118 15
118 20
118 21
118 22
118 23
118 30
118 31
118 35
118 51
118 52
118 56
118 62
118 70
118 75
118 84
118 90
118 92
118 97
118 99
118 100
118 105
118 106
118 115
118 119
118 124
118 126
118 132
118 133
118 140
118 148
118 157
118 161
118 162
119 1
119 4
119 8
119 16
119 20
119 35
119 37
119 38
119 40
119 44
119 49
119 52
119 55
119 58
119 73
119 82
119 83
119 85
119 88
119 91
119 99
119 112
119 113
119 131
119 137
119 143
119 146
119 149
119 152
119 154
119 155
119 158
119 162
120 3
120 17
120 19
120 27
120 30
120 39
120 41
120 44
120 46
120 47
120 50
120 54
120 58
120 60
120 64
120 74
120 77
120 78
120 84
120 92
120 94
120 97
120 106
120 111
120 114
120 116
120 119
120 130
120 131
120 134
120 139
120 141
120 142
120 143
120 157
120 161
120 162
120 164
120 168
121 11
121 15
121 26
121 29
121 30
121 35
121 38
121 44
121 52
121 58
121 59
121 67
121 68
121 71
121 73
121 84
121 92
121 97
121 103
121 112
121 120
121 162
121 166
121 172
122 0
122 6
122 13
122 17
122 22
122 29
122 30
122 35
122 38
122 41
122 49
122 80
122 81
122 83
122 89
122 90
122 95
122 101
122 104
122 108
122 130
122 143
122 145
122 156
122 166
122 172
123 0
123 1
123 2
123 3
123 4
123 8
123 9
123 11
123 15
123 18
123 19
123 20
123 22
123 24
123 25
123 26
123 35
123 39
123 48
123 54
123 65
123 68
123 71
123 73
123 74
123 75
123 77
123 79
123 80
123 82
123 84
123 85
123 86
123 98
123 111
123 113
123 114
123 119
123 126
123 131
123 132
123 141
123 147
123 150
123 158
123 167
123 169
123 172
123 174
124 3
124 5
124 8
124 9
124 19
124 21
124 31
124 33
124 37
124 41
124 45
124 50
124 53
124 60
124 61
124 62
124 65
124 68
124 79
124 80
124 81
124 91
124 94
124 99
124 102
124 111
124 112
124 119
124 125
124 129
124 132
124 145
124 146
124 147
124 154
124 157
124 158
124 159
124 164
124 169
124 171
124 173
125 0
125 1
125 4
125 10
125 12
125 20
125 21
125 29
125 36
125 39
125 53
125 64
125 67
125 76
125 86
125 92
125 97
125 98
125 106
125 116
125 124
125 126
125 133
125 134
125 135
125 138
125 154
125 159
125 161
125 168
125 172
125 174
126 3
126 9
126 11
126 21
126 38
126 45
126 47
126 50
126 60
126 62
126 67
126 70
126 75
126 86
126 92
126 96
126 99
126 100
126 108
126 113
126 115
126 117
126 123
126 130
126 134
126 136
126 137
126 141
126 146
126 153
126 156
126 160
126 168
126 171
127 0
127 1
127 3
127 4
127 5
127 6
127 7
127 10
127 11
127 16
127 19
127 28
127 35
127 45
127 46
127 58
127 59
127 62
127 80
127 85
127 89
127 93
127 95
127 102
127 105
127 115
127 116
127 120
127 130
127 132
127 135
127 136
127 145
127 151
127 154
127 157
127 160
127 165
127 169
127 171
128 9
128 11
128 24
128 25
128 30
128 31
128 36
128 43
128 57
128 72
128 74
128 86
128 103
128 104
128 105
128 114
128 119
128 123
128 131
128 141
128 156
128 167
129 3
129 5
129 6
129 14
129 33
129 34
129 46
129 48
129 49
129 56
129 60
129 61
129 83
129 85
129 86
129 91
129 99
129 100
129 105
129 116
129 117
129 123
129 142
129 146
129 156
129 157
129 162
129 169
129 172
130 0
130 3
130 10
130 12
130 24
130 26
130 29
130 33
130 36
130 39
130 44
130 50
130 54
130 68
130 69
130 70
130 73
130 74
130 79
130 92
130 94
130 95
130 99
130 114
130 118
130 119
130 131
130 135
130 136
130 140
130 150
130 151
130 152
130 159
130 162
130 165
130 167
130 171
131 0
131 4
131 8
131 9
131 12
131 14
131 16
131 40
131 43
131 44
131 52
131 61
131 64
131 77
131 82
131 88
131 90
131 91
131 93
131 97
131 99
131 108
131 109
131 113
131 116
131 119
131 123
131 127
131 129
131 136
131 137
131 144
131 149
131 150
131 151
131 154
131 157
131 168
131 169
131 172
131 174
132 0
132 1
132 13
132 30
132 32
132 33
132 45
132 56
132 62
132 63
132 68
132 70
132 76
132 84
132 97
132 108
132 116
132 122
132 124
132 131
132 137
132 141
132 155
132 158
132 167
132 169
133 3
133 6
133 14
133 18
133 23
133 25
133 28
133 42
133 47
133 58
133 70
133 73
133 74
133 76
133 78
133 85
133 90
133 93
133 98
133 105
133 106
133 115
133 116
133 117
133 120
133 123
133 132
133 135
133 140
133 142
133 143
133 168
134 1
134 3
134 5
134 8
134 11
134 20
134 26
134 31
134 34
134 35
134 36
134 43
134 44
134 66
134 72
134 82
134 116
134 117
134 138
134 142
134 144
134 151
134 160
134 162
134 164
134 170
135 4
135 7
135 10
135 13
135 18
135 21
135 23
135 30
135 32
135 35
135 38
135 39
135 41
135 43
135 44
135 45
135 46
135 47
135 52
135 64
135 80
135 81
135 87
135 88
135 101
135 104
135 111
135 113
135 116
135 120
135 133
135 136
135 140
135 141
135 143
135 150
135 151
135 157
135 161
135 169
135 173
136 11
136 15
136 20
136 26
136 28
136 29
136 40
136 45
136 50
136 53
136 56
136 59
136 61
136 62
136 66
136 69
136 76
136 77
136 78
136 79
136 85
136 87
136 88
136 105
136 112
136 120
136 130
136 131
136 137
136 141
136 147
136 166
136 170
137 0
137 3
137 4
137 6
137 16
137 20
137 22
137 26
137 30
137 39
137 47
137 52
137 56
137 69
137 73
137 82
137 83
137 89
137 100
137 110
137 111
137 120
137 129
137 143
137 155
137 158
137 160
137 163
137 172
138 5
138 7
138 21
138 26
138 33
138 42
138 56
138 57
138 58
138 70
138 75
138 77
138 79
138 81
138 82
138 87
138 88
138 90
138 106
138 109
138 110
138 112
138 123
138 126
138 140
138 146
138 148
138 160
139 16
139 20
139 21
139 22
139 24
139 33
139 34
139 37
139 44
139 47
139 54
139 56
139 58
139 64
139 82
139 84
139 88
139 93
139 98
139 100
139 103
139 108
139 109
139 112
139 113
139 117
139 118
139 133
139 134
139 143
139 149
139 151
139 152
139 158
139 159
139 160
139 163
139 170
140 6
140 8
140 28
140 29
140 35
140 39
140 45
140 55
140 56
140 64
140 69
140 72
140 73
140 75
140 78
140 81
140 83
140 88
140 92
140 94
140 97
140 99
140 100
140 111
140 115
140 121
140 127
140 133
140 137
140 156
140 161
140 163
140 168
141 2
141 3
141 13
141 17
141 26
141 27
141 29
141 31
141 39
141 40
141 42
141 44
141 51
141 54
141 62
141 69
141 72
141 82
141 90
141 92
141 98
141 102
141 106
141 108
141 112
141 118
141 120
141 121
141 124
141 129
141 134
141 136
141 137
141 142
141 144
141 146
141 148
141 149
141 150
141 153
141 155
141 168
141 172
141 174
142 8
142 13
142 19
142 25
142 31
142 39
142 49
142 55
142 58
142 69
142 74
142 75
142 78
142 86
142 88
142 89
142 98
142 99
142 107
142 108
142 121
142 124
142 129
142 130
142 133
142 138
142 147
142 148
142 152
142 158
142 163
142 166
142 167
142 171
143 7
143 8
143 11
143 21
143 23
143 25
143 27
143 28
143 32
143 35
143 48
143 50
143 60
143 66
143 87
143 104
143 105
143 111
143 116
143 117
143 123
143 140
143 141
143 149
143 152
143 154
143 172
144 2
144 4
144 8
144 9
144 19
144 30
144 32
144 43
144 45
144 52
144 59
144 67
144 70
144 74
144 80
144 88
144 91
144 97
144 109
144 114
144 123
144 125
144 135
144 141
144 148
144 155
144 159
144 162
144 163
144 174
145 2
145 8
145 14
145 19
145 20
145 22
145 31
145 33
145 37
145 38
145 40
145 49
145 50
145 53
145 61
145 74
145 78
145 81
145 82
145 91
145 105
145 106
145 110
145 115
145 116
145 125
145 128
145 138
145 140
145 141
145 149
145 158
145 160
145 168
145 173
146 0
146 1
146 6
146 7
146 9
146 10
146 16
146 22
146 28
146 34
146 36
146 39
146 43
146 47
146 50
146 51
146 54
146 61
146 64
146 67
146 77
146 78
146 83
146 84
146 85
146 99
146 105
146 109
146 110
146 114
146 116
146 117
146 122
146 131
146 133
146 135
146 149
146 166
146 170
147 2
147 4
147 6
147 13
147 17
147 18
147 19
147 27
147 33
147 39
147 44
147 45
147 54
147 56
147 61
147 67
147 69
147 72
147 73
147 78
147 84
147 86
147 94
147 102
147 109
147 121
147 126
147 128
147 129
147 136
147 152
147 158
147 165
147 167
148 10
148 13
148 20
148 21
148 25
148 31
148 38
148 40
148 41
148 42
148 45
148 47
148 48
148 50
148 53
148 54
148 58
148 59
148 62
148 67
148 69
148 74
148 75
148 81
148 82
148 84
148 96
148 102
148 106
148 107
148 109
148 114
148 132
148 136
148 137
148 141
148 142
148 143
148 147
148 159
149 5
149 6
149 7
149 8
149 15
149 19
149 23
149 24
149 28
149 38
149 39
149 47
149 53
149 55
149 58
149 62
149 63
149 68
149 81
149 86
149 99
149 101
149 105
149 108
149 112
149 116
149 117
149 118
149 120
149 121
149 125
149 127
149 132
149 135
149 140
149 143
149 148
149 150
149 155
149 159
149 160
149 164
149 166
150 4
150 6
150 8
150 9
150 16
150 17
150 26
150 27
150 38
150 50
150 60
150 61
150 62
150 64
150 72
150 78
150 79
150 80
150 83
150 88
150 96
150 101
150 105
150 107
150 121
150 122
150 130
150 137
150 140
150 143
150 145
150 146
150 156
150 161
150 167
150 172
151 0
151 2
151 12
151 38
151 41
151 46
151 48
151 51
151 55
151 57
151 59
151 64
151 76
151 81
151 91
151 92
151 97
151 100
151 104
151 105
151 107
151 109
151 118
151 122
151 124
151 125
151 126
151 129
151 132
151 139
151 146
151 148
151 159
151 163
151 164
152 3
152 20
152 24
152 33
152 41
152 46
152 51
152 52
152 53
152 54
152 56
152 60
152 66
152 67
152 76
152 77
152 78
152 79
152 80
152 84
152 88
152 92
152 93
152 103
152 104
152 111
152 116
152 120
152 121
152 129
152 133
152 135
152 138
152 145
152 149
152 150
152 155
152 158
152 159
152 164
152 165
152 172
152 174
153 2
153 3
153 6
153 8
153 12
153 13
153 27
153 34
153 36
153 37
153 38
153 46
153 49
153 58
153 61
153 67
153 68
153 77
153 79
153 81
153 90
153 95
153 102
153 106
153 108
153 111
153 130
153 131
153 135
153 138
153 139
153 145
153 160
153 161
153 168
153 169
153 171
153 172
153 174
154 3
154 11
154 16
154 18
154 19
154 24
154 31
154 34
154 38
154 40
154 42
154 46
154 49
154 51
154 56
154 59
154 70
154 82
154 84
154 92
154 95
154 100
154 106
154 108
154 110
154 111
154 120
154 128
154 132
154 136
154 139
154 145
154 147
154 149
154 158
154 159
154 161
154 166
155 10
155 18
155 29
155 58
155 61
155 81
155 83
155 84
155 89
155 94
155 101
155 102
155 104
155 105
155 131
155 136
155 142
155 146
155 153
155 160
155 170
156 7
156 20
156 22
156 24
156 42
156 46
156 52
156 75
156 76
156 79
156 82
156 85
156 86
156 98
156 102
156 107
156 108
156 109
156 110
156 115
156 117
156 121
156 126
156 127
156 134
156 146
156 150
156 151
156 163
156 170
156 173
157 18
157 20
157 28
157 35
157 37
157 39
157 53
157 58
157 62
157 70
157 71
157 72
157 80
157 82
157 88
157 89
157 107
157 109
157 110
157 111
157 112
157 116
157 121
157 129
157 131
157 132
157 149
157 150
157 152
157 159
157 160
157 165
157 170
158 0
158 2
158 8
158 17
158 31
158 33
158 35
158 36
158 40
158 46
158 50
158 51
158 55
158 60
158 74
158 75
158 76
158 78
158 80
158 85
158 94
158 95
158 97
158 104
158 105
158 107
158 120
158 125
158 128
158 133
158 139
158 141
158 146
158 148
158 154
158 157
158 160
158 163
158 174
159 0
159 9
159 21
159 27
159 32
159 33
159 38
159 42
159 45
159 47
159 55
159 59
159 68
159 71
159 84
159 90
159 109
159 112
159 114
159 123
159 125
159 126
159 127
159 129
159 134
159 139
159 154
159 160
160 3
160 5
160 8
160 9
160 14
160 15
160 18
160 19
160 20
160 23
160 25
160 26
160 27
160 31
160 44
160 64
160 66
160 68
160 73
160 93
160 107
160 110
160 112
160 114
160 119
160 127
160 129
160 131
160 134
160 142
160 143
160 145
160 148
160 151
160 155
160 157
160 163
160 169
160 171
161 3
161 6
161 21
161 22
161 23
161 32
161 51
161 57
161 60
161 64
161 69
161 79
161 80
161 96
161 99
161 102
161 107
161 116
161 118
161 120
161 123
161 142
161 144
161 147
161 156
161 160
161 163
161 164
161 167
161 174
162 10
162 18
162 20
162 24
162 30
162 31
162 35
162 38
162 42
162 53
162 70
162 75
162 79
162 81
162 98
162 104
162 107
162 110
162 115
162 119
162 123
162 126
162 139
162 140
162 142
162 143
162 147
162 164
162 168
162 171
162 173
163 3
163 5
163 10
163 11
163 14
163 19
163 24
163 28
163 30
163 36
163 39
163 45
163 52
163 58
163 60
163 66
163 67
163 69
163 70
163 71
163 72
163 75
163 77
163 79
163 87
163 88
163 93
163 96
163 101
163 104
163 105
163 110
163 111
163 134
163 137
163 140
163 142
163 166
163 167
163 173
164 2
164 9
164 15
164 16
164 17
164 18
164 19
164 33
164 35
164 43
164 51
164 64
164 73
164 74
164 75
164 82
164 83
164 92
164 94
164 104
164 105
164 108
164 138
164 146
164 153
164 160
164 161
164 162
164 172
165 5
165 9
165 10
165 13
165 31
165 32
165 35
165 38
165 40
165 48
165 60
165 67
165 74
165 75
165 81
165 85
165 89
165 93
165 102
165 104
165 106
165 126
165 136
165 141
165 145
165 146
165 159
165 160
165 166
165 173
166 14
166 17
166 18
166 21
166 22
166 29
166 30
166 42
166 43
166 44
166 47
166 52
166 55
166 56
166 60
166 61
166 64
166 65
166 66
166 71
166 75
166 78
166 84
166 85
166 99
166 100
166 113
166 116
166 133
166 155
166 168
166 172
167 3
167 4
167 13
167 18
167 19
167 25
167 28
167 29
167 32
167 41
167 42
167 43
167 49
167 50
167 52
167 53
167 59
167 66
167 73
167 74
167 75
167 83
167 86
167 93
167 95
167 97
167 99
167 103
167 104
167 105
167 107
167 112
167 125
167 126
167 127
167 131
167 135
167 145
167 151
167 156
167 158
167 161
167 162
167 164
167 165
167 168
168 2
168 4
168 9
168 10
168 14
168 19
168 28
168 37
168 52
168 54
168 63
168 67
168 75
168 80
168 91
168 97
168 99
168 102
168 103
168 110
168 111
168 112
168 122
168 125
168 127
168 135
168 139
168 140
168 145
168 147
168 157
168 165
169 3
169 4
169 9
169 13
169 14
169 19
169 30
169 34
169 35
169 38
169 42
169 47
169 48
169 52
169 57
169 60
169 65
169 67
169 72
169 74
169 78
169 81
169 88
169 90
169 92
169 95
169 97
169 101
169 108
169 118
169 138
169 140
169 141
169 146
169 151
169 155
169 161
170 6
170 15
170 18
170 21
170 24
170 30
170 41
170 52
170 56
170 57
170 59
170 63
170 64
170 72
170 77
170 89
170 90
170 92
170 95
170 98
170 104
170 111
170 112
170 116
170 119
170 120
170 121
170 122
170 124
170 126
170 132
170 136
170 142
170 148
170 153
170 154
170 168
170 169
170 172
170 173
171 2
171 13
171 20
171 29
171 30
171 31
171 38
171 41
171 46
171 53
171 57
171 67
171 72
171 77
171 80
171 83
171 90
171 91
171 95
171 103
171 104
171 107
171 112
171 116
171 117
171 120
171 122
171 127
171 132
171 137
171 138
171 151
171 157
171 158
171 164
171 167
172 7
172 20
172 21
172 28
172 40
172 42
172 47
172 50
172 54
172 66
172 70
172 79
172 80
172 85
172 95
172 96
172 102
172 104
172 105
172 109
172 110
172 112
172 125
172 133
172 139
172 143
172 152
172 153
173 1
173 2
173 5
173 14
173 16
173 24
173 27
173 35
173 37
173 39
173 47
173 48
173 52
173 55
173 67
173 75
173 81
173 100
173 117
173 119
173 125
173 127
173 132
173 136
173 139
173 141
173 142
173 144
173 148
173 150
173 152
173 155
173 172
174 1
174 2
174 10
174 14
174 18
174 30
174 32
174 42
174 46
174 48
174 50
174 59
174 60
174 66
174 70
174 75
174 76
174 77
174 86
174 88
174 94
174 95
174 96
174 98
174 101
174 104
174 109
174 111
174 112
174 114
174 117
174 132
174 138
174 142
174 156
174 157
174 171
