85
0 2
0 6
0 7
0 9
0 11
0 13
0 18
0 23
0 24
0 46
0 56
0 57
0 59
0 67
0 76
1 3
1 8
1 14
1 19
1 30
1 31
1 36
1 40
1 42
1 55
1 58
1 65
1 71
1 73
1 74
2 3
2 4
2 5
2 21
2 25
2 41
2 42
2 43
2 49
2 51
2 58
2 62
2 78
2 81
3 0
3 7
3 10
3 12
3 14
3 15
3 17
3 33
3 34
3 38
3 42
3 43
3 45
3 49
3 60
3 61
3 66
3 70
3 72
3 75
3 76
3 77
3 78
3 79
4 1
4 5
4 18
4 27
4 35
4 38
4 46
4 50
4 63
4 68
4 72
4 75
4 84
5 4
5 6
5 10
5 11
5 19
5 37
5 47
5 49
5 54
5 55
5 60
5 62
5 64
5 66
5 81
5 84
6 2
6 3
6 4
6 13
6 15
6 20
6 36
6 46
6 64
6 71
6 73
6 74
6 80
6 82
6 83
7 14
7 26
7 35
7 37
7 52
7 53
7 54
7 55
7 56
7 59
7 67
7 71
7 72
7 74
8 5
8 7
8 17
8 18
8 20
8 23
8 25
8 26
8 28
8 33
8 36
8 37
8 43
8 44
8 60
8 63
8 67
8 73
8 75
8 77
8 80
9 3
9 7
9 8
9 15
9 17
9 25
9 26
9 29
9 30
9 49
9 52
9 60
9 65
9 66
9 68
9 69
9 79
10 7
10 9
10 11
10 17
10 19
10 22
10 24
10 28
10 34
10 38
10 44
10 45
10 49
10 54
10 58
10 59
10 63
10 64
10 66
10 69
10 72
10 80
11 4
11 5
11 6
11 7
11 10
11 13
11 15
11 26
11 29
11 39
11 42
11 45
11 46
11 48
11 55
11 59
11 64
11 78
11 81
12 4
12 5
12 7
12 8
12 27
12 30
12 38
12 41
12 44
12 46
12 53
12 63
12 70
12 72
12 80
13 2
13 10
13 11
13 19
13 26
13 30
13 38
13 39
13 50
13 51
13 54
13 58
13 65
13 73
13 74
13 75
13 76
13 77
13 78
13 83
13 84
14 2
14 3
14 15
14 24
14 28
14 40
14 41
14 42
14 44
14 54
14 57
14 58
14 60
14 62
14 63
14 65
14 69
14 79
14 80
14 83
15 0
15 2
15 19
15 35
15 37
15 44
15 45
15 46
15 47
15 48
15 50
15 66
15 68
15 70
15 72
16 0
16 10
16 11
16 15
16 27
16 31
16 38
16 40
16 47
16 53
16 65
16 68
16 69
16 75
17 10
17 16
17 24
17 25
17 28
17 32
17 33
17 34
17 37
17 41
17 49
17 52
17 53
17 55
17 58
17 62
17 72
17 77
18 0
18 1
18 14
18 16
18 19
18 27
18 33
18 58
18 65
18 69
18 70
18 73
19 6
19 7
19 10
19 13
19 21
19 23
19 24
19 25
19 27
19 30
19 41
19 42
19 46
19 47
19 60
19 69
19 81
20 13
20 17
20 19
20 23
20 32
20 33
20 36
20 39
20 41
20 48
20 51
20 52
20 53
20 55
20 82
21 3
21 11
21 19
21 24
21 39
21 40
21 44
21 47
21 48
21 59
21 60
21 61
21 67
21 68
21 72
21 83
22 6
22 8
22 10
22 11
22 12
22 14
22 19
22 21
22 24
22 30
22 31
22 34
22 37
22 39
22 43
22 47
22 59
22 77
22 84
23 1
23 14
23 21
23 25
23 33
23 43
23 57
23 62
23 72
23 76
24 1
24 6
24 7
24 16
24 41
24 42
24 57
24 58
24 62
24 70
24 73
24 84
25 8
25 12
25 14
25 16
25 17
25 19
25 21
25 31
25 32
25 35
25 49
25 54
25 56
25 58
25 67
25 73
25 82
25 83
25 84
26 0
26 6
26 13
26 22
26 25
26 27
26 29
26 37
26 41
26 45
26 46
26 51
26 63
26 64
26 74
26 75
26 76
26 78
26 80
26 82
27 6
27 11
27 16
27 20
27 25
27 31
27 37
27 43
27 50
27 52
27 53
27 56
27 66
27 81
28 0
28 1
28 2
28 18
28 20
28 26
28 31
28 35
28 36
28 37
28 47
28 54
28 56
28 57
28 58
28 68
28 78
28 84
29 4
29 17
29 19
29 21
29 24
29 32
29 33
29 42
29 44
29 48
29 55
29 60
29 62
29 67
29 68
29 79
29 82
30 13
30 21
30 28
30 33
30 46
30 55
30 56
30 57
30 58
30 59
30 73
30 84
31 1
31 3
31 6
31 9
31 10
31 12
31 18
31 19
31 23
31 27
31 30
31 44
31 48
31 49
31 50
31 54
31 55
31 57
31 60
31 63
31 67
31 70
31 72
31 75
31 79
31 84
32 1
32 5
32 14
32 24
32 29
32 36
32 41
32 52
32 53
32 54
32 57
32 61
32 69
32 70
32 71
32 83
33 1
33 2
33 28
33 38
33 43
33 47
33 55
33 59
33 61
33 63
33 64
33 65
33 69
33 71
33 77
33 81
33 83
34 8
34 14
34 24
34 27
34 28
34 40
34 44
34 64
34 70
34 73
34 79
34 84
35 1
35 11
35 15
35 20
35 23
35 31
35 33
35 36
35 38
35 40
35 43
35 47
35 53
35 54
35 58
35 60
35 63
35 68
35 70
35 71
35 76
35 80
35 83
36 2
36 3
36 4
36 6
36 9
36 14
36 24
36 26
36 27
36 34
36 39
36 41
36 45
36 48
36 58
36 60
36 73
36 74
36 76
36 81
37 1
37 3
37 5
37 7
37 9
37 10
37 12
37 31
37 34
37 35
37 50
37 58
37 65
37 66
37 68
37 70
37 71
37 81
37 82
37 84
38 2
38 8
38 9
38 13
38 19
38 23
38 32
38 36
38 39
38 59
38 61
38 63
38 65
38 67
38 69
38 74
38 76
38 79
38 82
39 7
39 11
39 12
39 22
39 31
39 32
39 40
39 43
39 45
39 48
39 50
39 58
39 62
39 64
39 65
39 80
40 13
40 24
40 31
40 33
40 37
40 51
40 55
40 65
40 66
40 72
40 73
40 84
41 1
41 5
41 7
41 18
41 19
41 20
41 26
41 27
41 28
41 32
41 40
41 43
41 53
41 55
41 56
41 60
41 63
41 68
41 69
41 74
41 84
42 0
42 1
42 4
42 7
42 13
42 14
42 22
42 24
42 31
42 32
42 37
42 39
42 40
42 41
42 46
42 51
42 60
42 68
42 76
42 77
42 79
42 81
43 1
43 6
43 11
43 13
43 14
43 17
43 18
43 21
43 28
43 29
43 36
43 38
43 40
43 46
43 47
43 48
43 53
43 57
43 63
43 70
43 71
43 74
44 11
44 12
44 18
44 20
44 21
44 22
44 23
44 26
44 34
44 36
44 46
44 47
44 50
44 51
44 52
44 67
44 79
45 3
45 6
45 8
45 10
45 15
45 16
45 24
45 32
45 40
45 44
45 48
45 49
45 51
45 57
45 61
45 62
45 63
45 67
45 77
45 78
45 82
45 84
46 0
46 7
46 10
46 17
46 28
46 31
46 34
46 36
46 38
46 40
46 43
46 49
46 58
46 60
46 69
46 81
47 5
47 8
47 9
47 18
47 22
47 23
47 31
47 34
47 40
47 42
47 46
47 48
47 55
47 64
47 66
47 67
47 68
47 71
47 75
47 77
47 84
48 0
48 5
48 6
48 9
48 10
48 16
48 20
48 25
48 27
48 40
48 41
48 42
48 51
48 57
48 60
48 61
48 65
48 69
48 73
48 80
48 82
48 83
49 3
49 4
49 8
49 20
49 22
49 24
49 26
49 29
49 31
49 37
49 40
49 53
49 66
50 9
50 12
50 15
50 17
50 20
50 32
50 44
50 54
50 56
50 57
50 68
50 72
50 77
50 83
51 2
51 11
51 15
51 21
51 27
51 31
51 40
51 53
51 55
51 57
51 58
51 62
51 66
51 78
51 83
52 9
52 12
52 17
52 24
52 29
52 34
52 35
52 43
52 48
52 49
52 65
52 72
52 77
53 0
53 1
53 3
53 6
53 12
53 16
53 19
53 23
53 29
53 33
53 34
53 44
53 50
53 51
53 57
53 61
53 65
53 71
53 73
54 0
54 2
54 3
54 20
54 34
54 36
54 41
54 43
54 48
54 55
54 72
54 75
54 80
55 2
55 4
55 7
55 11
55 13
55 18
55 34
55 40
55 41
55 42
55 46
55 51
55 54
55 65
55 72
55 74
55 76
55 80
55 82
55 83
56 1
56 15
56 21
56 23
56 25
56 30
56 38
56 45
56 49
56 51
56 62
56 63
56 64
56 69
56 76
57 0
57 4
57 8
57 21
57 24
57 28
57 32
57 35
57 49
57 54
57 58
57 61
57 62
57 68
57 75
57 77
58 0
58 4
58 6
58 13
58 28
58 34
58 36
58 43
58 45
58 50
58 51
58 52
58 59
58 61
58 63
58 64
58 65
58 66
58 77
59 4
59 7
59 8
59 12
59 28
59 34
59 54
59 66
59 68
59 70
59 81
59 84
60 11
60 13
60 15
60 16
60 18
60 26
60 28
60 42
60 48
60 59
60 67
60 78
60 79
61 4
61 5
61 6
61 7
61 14
61 15
61 22
61 33
61 36
61 39
61 49
61 52
61 58
61 62
61 63
61 65
61 69
61 70
61 71
61 74
61 79
61 80
61 81
62 4
62 5
62 12
62 16
62 17
62 20
62 27
62 31
62 32
62 40
62 47
62 48
62 52
62 53
62 65
62 66
62 73
62 78
62 79
63 5
63 7
63 12
63 15
63 18
63 19
63 24
63 30
63 31
63 35
63 38
63 44
63 62
63 67
63 75
63 81
64 3
64 5
64 12
64 15
64 17
64 19
64 22
64 23
64 24
64 25
64 26
64 31
64 34
64 36
64 43
64 51
64 52
64 55
64 57
64 58
64 63
64 70
64 71
64 72
64 73
64 74
64 81
64 84
65 5
65 7
65 18
65 19
65 20
65 22
65 32
65 39
65 41
65 42
65 43
65 51
65 53
65 60
65 68
65 79
66 12
66 15
66 17
66 28
66 35
66 42
66 44
66 47
66 71
66 75
66 76
66 78
67 5
67 6
67 23
67 24
67 27
67 34
67 45
67 48
67 55
67 65
67 83
68 1
68 5
68 7
68 12
68 19
68 24
68 38
68 44
68 46
68 50
68 51
68 52
68 57
68 73
68 74
68 83
69 2
69 4
69 7
69 10
69 14
69 17
69 19
69 27
69 29
69 33
69 38
69 45
69 46
69 48
69 54
69 59
69 64
69 77
69 81
69 82
69 83
70 3
70 14
70 27
70 30
70 43
70 49
70 59
70 61
70 74
70 75
71 4
71 9
71 13
71 19
71 36
71 45
71 55
71 56
71 60
71 67
71 74
71 80
72 5
72 7
72 9
72 12
72 17
72 18
72 26
72 27
72 34
72 41
72 47
72 48
72 54
72 55
72 66
72 73
72 74
73 4
73 5
73 13
73 15
73 19
73 24
73 25
73 30
73 31
73 32
73 33
73 37
73 56
73 62
73 68
73 69
73 70
73 75
73 76
73 77
73 80
73 82
73 84
74 3
74 4
74 5
74 8
74 13
74 24
74 26
74 35
74 53
74 56
74 57
74 75
74 80
75 5
75 8
75 11
75 25
75 26
75 31
75 34
75 35
75 36
75 39
75 40
75 49
75 51
75 52
75 54
75 71
75 74
75 76
75 80
75 83
76 0
76 17
76 18
76 25
76 31
76 33
76 37
76 39
76 44
76 47
76 54
76 56
76 59
76 63
76 66
76 69
76 75
76 77
77 0
77 11
77 12
77 15
77 16
77 26
77 28
77 32
77 33
77 50
77 54
77 57
77 74
77 81
78 0
78 13
78 15
78 18
78 29
78 30
78 39
78 50
78 56
78 60
78 62
78 65
78 66
78 67
78 70
78 73
78 82
79 7
79 9
79 14
79 15
79 17
79 22
79 23
79 29
79 33
79 39
79 46
79 53
79 55
79 56
79 58
79 64
79 66
80 2
80 17
80 18
80 29
80 34
80 38
80 40
80 42
80 43
80 44
80 45
80 49
80 56
80 62
80 67
80 69
80 70
80 81
81 2
81 4
81 12
81 23
81 25
81 30
81 35
81 36
81 41
81 52
81 53
81 60
81 64
81 65
81 70
81 73
81 76
81 79
82 18
82 23
82 24
82 30
82 31
82 32
82 36
82 48
82 55
82 57
82 58
82 66
82 68
82 70
82 72
82 80
83 3
83 8
83 9
83 11
83 17
83 20
83 27
83 28
83 34
83 42
83 73
83 74
83 76
83 77
83 80
84 4
84 18
84 20
84 30
84 32
84 43
84 44
84 47
84 48
84 50
84 57
84 64
84 66
84 81
84 83
