225
0 1
0 2
0 4
0 6
0 11
0 16
0 21
0 22
0 40
0 41
0 44
0 51
0 59
0 65
0 68
0 73
0 76
0 78
0 87
0 88
0 104
0 116
0 124
0 130
0 134
0 143
0 162
0 166
0 168
0 177
0 178
0 181
0 189
0 192
0 197
0 207
1 8
1 12
1 13
1 15
1 18
1 19
1 30
1 46
1 53
1 54
1 65
1 67
1 70
1 72
1 80
1 81
1 88
1 93
1 95
1 97
1 105
1 108
1 112
1 114
1 121
1 122
1 132
1 135
1 136
1 144
1 152
1 156
1 158
1 161
1 163
1 173
1 178
1 184
1 201
1 208
1 216
1 221
2 3
2 4
2 9
2 16
2 20
2 27
2 35
2 40
2 42
2 45
2 47
2 52
2 54
2 56
2 62
2 63
2 73
2 75
2 80
2 82
2 86
2 87
2 89
2 91
2 97
2 100
2 101
2 102
2 103
2 108
2 113
2 116
2 119
2 122
2 126
2 127
2 135
2 136
2 141
2 145
2 152
2 161
2 186
2 193
2 203
2 204
2 221
2 222
2 223
3 5
3 8
3 22
3 25
3 27
3 29
3 33
3 35
3 42
3 44
3 49
3 56
3 59
3 64
3 70
3 73
3 81
3 88
3 94
3 101
3 104
3 110
3 113
3 114
3 126
3 129
3 130
3 132
3 134
3 141
3 143
3 154
3 155
3 162
3 169
3 172
3 182
3 191
3 200
3 201
3 209
3 214
3 220
4 1
4 26
4 29
4 34
4 35
4 38
4 41
4 45
4 49
4 60
4 64
4 73
4 80
4 81
4 96
4 98
4 105
4 106
4 131
4 132
4 135
4 139
4 140
4 146
4 149
4 157
4 160
4 161
4 165
4 166
4 168
4 171
4 175
4 176
4 178
4 183
4 191
4 192
4 193
4 200
4 201
4 212
4 214
4 216
4 220
4 222
5 8
5 12
5 13
5 14
5 17
5 23
5 27
5 34
5 40
5 45
5 48
5 51
5 53
5 60
5 65
5 73
5 83
5 85
5 89
5 107
5 117
5 125
5 127
5 134
5 137
5 142
5 145
5 149
5 150
5 153
5 155
5 167
5 168
5 170
5 176
5 182
5 183
5 190
5 191
5 197
5 198
5 203
5 204
5 215
5 216
5 224
6 2
6 3
6 4
6 5
6 10
6 13
6 18
6 22
6 24
6 25
6 26
6 27
6 30
6 34
6 35
6 65
6 67
6 68
6 74
6 76
6 80
6 81
6 83
6 86
6 88
6 95
6 99
6 101
6 104
6 105
6 126
6 130
6 133
6 135
6 137
6 152
6 153
6 170
6 179
6 183
6 187
6 188
6 189
6 200
6 209
6 211
6 213
6 214
6 216
7 8
7 10
7 14
7 25
7 34
7 42
7 48
7 52
7 56
7 64
7 71
7 72
7 75
7 82
7 89
7 95
7 96
7 98
7 99
7 101
7 103
7 107
7 111
7 112
7 114
7 116
7 117
7 118
7 123
7 125
7 131
7 137
7 142
7 143
7 152
7 154
7 160
7 162
7 181
7 182
7 183
7 184
7 189
7 190
7 191
7 192
7 197
7 199
7 200
7 203
7 210
7 214
7 215
7 217
7 218
8 0
8 1
8 3
8 5
8 15
8 21
8 25
8 31
8 37
8 39
8 49
8 50
8 51
8 54
8 61
8 64
8 66
8 68
8 72
8 74
8 81
8 84
8 91
8 95
8 102
8 103
8 106
8 109
8 110
8 111
8 112
8 113
8 128
8 131
8 135
8 140
8 146
8 147
8 156
8 158
8 164
8 166
8 172
8 178
8 189
8 193
8 196
8 200
8 201
8 202
8 213
8 223
9 6
9 8
9 13
9 14
9 19
9 23
9 31
9 37
9 41
9 43
9 48
9 53
9 56
9 61
9 64
9 68
9 71
9 79
9 83
9 91
9 94
9 97
9 98
9 100
9 104
9 114
9 121
9 135
9 139
9 140
9 143
9 147
9 150
9 151
9 152
9 156
9 157
9 159
9 161
9 166
9 177
9 181
9 186
9 188
9 189
9 196
9 199
9 202
9 210
9 213
9 219
9 222
10 20
10 25
10 31
10 35
10 40
10 45
10 53
10 56
10 60
10 65
10 69
10 74
10 75
10 76
10 85
10 86
10 93
10 98
10 102
10 104
10 105
10 106
10 109
10 113
10 120
10 123
10 132
10 145
10 149
10 151
10 155
10 158
10 159
10 165
10 173
10 190
10 193
10 198
10 204
10 206
10 208
10 211
10 218
11 5
11 18
11 22
11 33
11 34
11 35
11 36
11 38
11 47
11 50
11 63
11 64
11 66
11 67
11 68
11 82
11 89
11 91
11 95
11 100
11 103
11 104
11 107
11 139
11 150
11 157
11 159
11 160
11 172
11 175
11 187
11 189
11 191
11 194
11 195
11 201
11 204
11 207
11 213
12 4
12 20
12 44
12 45
12 46
12 49
12 56
12 58
12 61
12 64
12 67
12 69
12 76
12 78
12 80
12 85
12 88
12 94
12 96
12 97
12 99
12 103
12 105
12 113
12 120
12 132
12 156
12 159
12 161
12 162
12 171
12 173
12 174
12 180
12 182
12 183
12 184
12 185
12 189
12 191
12 193
12 205
13 1
13 3
13 7
13 11
13 18
13 20
13 32
13 41
13 42
13 44
13 46
13 48
13 50
13 55
13 56
13 57
13 70
13 79
13 82
13 85
13 93
13 105
13 110
13 124
13 130
13 135
13 142
13 146
13 148
13 154
13 161
13 162
13 163
13 164
13 166
13 183
13 184
13 185
13 187
13 188
13 190
13 198
13 207
13 208
13 209
13 211
13 212
13 224
14 3
14 4
14 5
14 6
14 7
14 22
14 27
14 29
14 46
14 50
14 52
14 53
14 61
14 69
14 70
14 73
14 77
14 79
14 87
14 88
14 100
14 101
14 105
14 107
14 110
14 119
14 127
14 130
14 132
14 135
14 146
14 148
14 149
14 153
14 160
14 162
14 169
14 174
14 180
14 182
14 189
14 191
14 203
14 207
14 221
14 222
15 13
15 14
15 20
15 21
15 23
15 25
15 27
15 45
15 51
15 61
15 70
15 72
15 82
15 86
15 91
15 93
15 99
15 100
15 111
15 113
15 114
15 115
15 121
15 128
15 137
15 138
15 141
15 154
15 166
15 168
15 171
15 175
15 178
15 187
15 188
15 189
15 198
15 201
15 202
15 206
15 211
15 219
16 2
16 6
16 14
16 32
16 39
16 41
16 43
16 44
16 50
16 52
16 55
16 58
16 60
16 68
16 81
16 82
16 83
16 90
16 108
16 121
16 136
16 139
16 143
16 150
16 154
16 161
16 168
16 175
16 182
16 183
16 196
16 201
16 205
16 206
16 213
16 216
17 3
17 5
17 8
17 16
17 18
17 20
17 28
17 29
17 36
17 41
17 43
17 45
17 46
17 54
17 58
17 65
17 70
17 72
17 74
17 75
17 88
17 92
17 98
17 99
17 101
17 109
17 115
17 117
17 119
17 137
17 138
17 142
17 158
17 161
17 166
17 172
17 174
17 184
17 185
17 192
17 194
17 200
17 201
17 203
17 215
17 216
17 220
18 3
18 8
18 19
18 22
18 29
18 32
18 35
18 45
18 47
18 48
18 51
18 59
18 61
18 62
18 63
18 64
18 73
18 77
18 79
18 91
18 95
18 100
18 103
18 105
18 107
18 112
18 119
18 128
18 129
18 138
18 141
18 145
18 146
18 149
18 152
18 159
18 168
18 170
18 173
18 175
18 184
18 188
18 196
18 197
18 202
18 207
18 209
18 211
18 214
18 215
18 218
18 221
18 222
19 2
19 5
19 11
19 16
19 21
19 34
19 51
19 55
19 66
19 72
19 73
19 76
19 83
19 86
19 97
19 103
19 108
19 112
19 117
19 126
19 131
19 139
19 164
19 168
19 174
19 179
19 195
19 196
19 197
19 200
19 203
19 207
19 215
20 0
20 2
20 6
20 13
20 19
20 21
20 29
20 31
20 35
20 41
20 43
20 45
20 51
20 53
20 62
20 67
20 68
20 71
20 78
20 83
20 90
20 94
20 105
20 113
20 117
20 121
20 123
20 126
20 133
20 135
20 140
20 141
20 143
20 160
20 168
20 174
20 178
20 183
20 204
20 208
20 210
20 215
20 218
20 220
20 223
21 5
21 6
21 10
21 12
21 17
21 20
21 26
21 35
21 38
21 42
21 43
21 48
21 53
21 65
21 74
21 77
21 78
21 79
21 81
21 84
21 85
21 91
21 93
21 97
21 98
21 99
21 109
21 120
21 121
21 134
21 137
21 141
21 147
21 164
21 167
21 168
21 170
21 171
21 179
21 180
21 188
21 190
21 191
21 196
21 198
21 203
21 204
21 205
21 211
21 224
22 1
22 2
22 4
22 12
22 15
22 21
22 23
22 26
22 31
22 33
22 43
22 45
22 52
22 59
22 72
22 75
22 76
22 80
22 83
22 86
22 87
22 88
22 90
22 91
22 94
22 102
22 108
22 129
22 134
22 140
22 145
22 153
22 178
22 179
22 189
22 190
22 194
22 199
22 201
22 204
22 205
22 207
22 208
22 209
22 210
22 211
22 221
22 224
23 8
23 11
23 19
23 22
23 25
23 30
23 32
23 37
23 38
23 42
23 48
23 59
23 62
23 63
23 69
23 70
23 74
23 75
23 78
23 80
23 82
23 87
23 93
23 98
23 111
23 116
23 117
23 122
23 125
23 126
23 134
23 137
23 140
23 145
23 146
23 147
23 152
23 159
23 161
23 168
23 175
23 176
23 178
23 187
23 189
23 190
23 198
23 200
23 205
23 206
23 208
23 214
23 220
24 2
24 5
24 8
24 35
24 37
24 43
24 45
24 52
24 53
24 56
24 62
24 64
24 66
24 68
24 72
24 78
24 81
24 95
24 101
24 102
24 118
24 125
24 132
24 136
24 143
24 150
24 153
24 159
24 163
24 172
24 176
24 179
24 182
24 185
24 193
24 195
24 201
24 221
25 10
25 18
25 33
25 42
25 46
25 51
25 52
25 59
25 62
25 63
25 67
25 68
25 72
25 75
25 78
25 86
25 94
25 97
25 98
25 104
25 105
25 111
25 114
25 123
25 127
25 130
25 136
25 139
25 141
25 151
25 153
25 156
25 159
25 172
25 173
25 178
25 186
25 192
25 197
25 199
25 201
25 216
25 218
25 219
26 17
26 29
26 45
26 46
26 48
26 49
26 50
26 54
26 56
26 65
26 72
26 77
26 88
26 90
26 95
26 102
26 103
26 105
26 108
26 110
26 114
26 117
26 119
26 120
26 122
26 138
26 143
26 147
26 148
26 149
26 151
26 158
26 174
26 177
26 181
26 190
26 203
26 204
26 211
26 212
26 215
26 218
26 221
26 223
27 4
27 7
27 9
27 11
27 23
27 25
27 37
27 40
27 43
27 70
27 71
27 78
27 90
27 103
27 106
27 110
27 119
27 122
27 127
27 128
27 136
27 146
27 158
27 160
27 164
27 168
27 172
27 174
27 178
27 179
27 199
27 213
27 215
27 219
28 9
28 12
28 17
28 20
28 30
28 57
28 62
28 75
28 77
28 87
28 88
28 89
28 91
28 97
28 110
28 118
28 122
28 124
28 129
28 145
28 154
28 155
28 163
28 164
28 169
28 178
28 179
28 184
28 185
28 188
28 190
28 195
28 204
28 205
28 208
28 210
28 212
29 1
29 5
29 6
29 13
29 17
29 18
29 19
29 31
29 32
29 33
29 38
29 39
29 43
29 44
29 49
29 51
29 53
29 59
29 60
29 63
29 70
29 80
29 90
29 94
29 97
29 100
29 104
29 106
29 113
29 115
29 120
29 133
29 136
29 139
29 142
29 145
29 149
29 161
29 167
29 172
29 173
29 177
29 180
29 194
29 198
29 203
29 209
29 215
29 219
29 221
29 223
30 2
30 10
30 16
30 20
30 21
30 23
30 27
30 29
30 38
30 42
30 54
30 62
30 64
30 66
30 67
30 78
30 82
30 96
30 102
30 110
30 111
30 112
30 119
30 123
30 137
30 152
30 157
30 162
30 163
30 171
30 173
30 174
30 177
30 178
30 182
30 187
30 194
30 195
30 201
30 203
30 204
30 206
30 210
30 211
30 213
30 214
30 218
30 223
31 2
31 3
31 22
31 33
31 42
31 43
31 53
31 54
31 68
31 69
31 72
31 82
31 96
31 99
31 107
31 112
31 113
31 118
31 121
31 124
31 129
31 138
31 139
31 140
31 146
31 150
31 152
31 171
31 177
31 181
31 197
32 4
32 5
32 11
32 14
32 16
32 18
32 26
32 29
32 36
32 37
32 39
32 59
32 64
32 65
32 78
32 84
32 85
32 99
32 100
32 102
32 103
32 112
32 114
32 116
32 118
32 136
32 141
32 142
32 143
32 147
32 149
32 154
32 155
32 163
32 168
32 169
32 171
32 175
32 181
32 183
32 192
32 194
32 205
32 210
32 215
32 216
32 222
33 4
33 5
33 15
33 17
33 18
33 23
33 26
33 30
33 31
33 45
33 46
33 50
33 54
33 61
33 62
33 63
33 65
33 66
33 69
33 71
33 75
33 76
33 78
33 80
33 91
33 95
33 113
33 115
33 123
33 124
33 126
33 131
33 136
33 137
33 138
33 144
33 145
33 151
33 156
33 159
33 163
33 166
33 173
33 174
33 175
33 187
33 194
33 195
33 199
33 220
33 222
34 1
34 2
34 3
34 9
34 16
34 17
34 23
34 25
34 35
34 50
34 54
34 62
34 67
34 70
34 71
34 72
34 79
34 80
34 83
34 84
34 85
34 89
34 93
34 105
34 108
34 114
34 120
34 123
34 124
34 130
34 131
34 133
34 150
34 151
34 155
34 156
34 164
34 172
34 179
34 181
34 189
34 191
34 193
34 201
34 205
34 213
34 214
35 1
35 4
35 6
35 7
35 19
35 24
35 49
35 56
35 57
35 58
35 59
35 61
35 66
35 71
35 75
35 83
35 84
35 85
35 96
35 112
35 113
35 114
35 126
35 130
35 138
35 139
35 146
35 150
35 156
35 159
35 163
35 169
35 171
35 172
35 179
35 182
35 186
35 189
35 201
35 202
35 206
35 208
35 210
35 214
35 215
35 216
35 220
35 222
35 223
36 4
36 7
36 13
36 14
36 16
36 18
36 20
36 24
36 26
36 29
36 39
36 41
36 42
36 44
36 48
36 52
36 55
36 60
36 61
36 65
36 66
36 68
36 69
36 70
36 76
36 84
36 96
36 97
36 103
36 107
36 108
36 111
36 113
36 114
36 117
36 118
36 123
36 126
36 127
36 130
36 131
36 133
36 136
36 137
36 140
36 143
36 146
36 151
36 152
36 156
36 165
36 167
36 169
36 170
36 179
36 181
36 189
36 195
36 201
36 202
36 211
36 218
36 220
36 223
37 5
37 6
37 7
37 8
37 13
37 15
37 17
37 26
37 29
37 30
37 32
37 33
37 36
37 40
37 46
37 47
37 49
37 51
37 57
37 61
37 67
37 71
37 75
37 81
37 87
37 94
37 96
37 97
37 107
37 115
37 116
37 118
37 123
37 124
37 131
37 137
37 143
37 144
37 151
37 152
37 159
37 182
37 187
37 189
37 205
37 209
37 211
37 212
37 219
37 221
38 3
38 5
38 10
38 18
38 21
38 30
38 31
38 32
38 37
38 52
38 53
38 54
38 66
38 71
38 73
38 82
38 84
38 89
38 97
38 100
38 104
38 105
38 107
38 114
38 115
38 118
38 119
38 122
38 125
38 127
38 129
38 140
38 144
38 149
38 168
38 182
38 183
38 191
38 203
38 210
38 213
39 5
39 11
39 16
39 20
39 21
39 23
39 26
39 27
39 32
39 37
39 40
39 43
39 46
39 51
39 54
39 60
39 65
39 71
39 75
39 77
39 78
39 81
39 89
39 92
39 94
39 97
39 110
39 123
39 126
39 129
39 135
39 136
39 137
39 142
39 147
39 148
39 150
39 152
39 162
39 165
39 166
39 167
39 169
39 170
39 171
39 177
39 185
39 195
39 198
39 199
39 202
39 205
39 208
39 209
39 211
39 220
39 223
40 6
40 8
40 9
40 12
40 26
40 28
40 35
40 36
40 42
40 44
40 45
40 48
40 60
40 61
40 70
40 76
40 78
40 79
40 81
40 84
40 85
40 87
40 92
40 96
40 97
40 103
40 105
40 106
40 111
40 113
40 114
40 116
40 120
40 136
40 142
40 144
40 145
40 147
40 149
40 150
40 157
40 163
40 164
40 167
40 168
40 179
40 181
40 210
40 213
41 4
41 5
41 12
41 15
41 19
41 40
41 46
41 51
41 52
41 54
41 59
41 61
41 63
41 69
41 71
41 77
41 80
41 90
41 95
41 98
41 104
41 105
41 106
41 107
41 111
41 124
41 129
41 131
41 138
41 140
41 149
41 158
41 168
41 179
41 183
41 190
41 191
41 202
41 208
41 210
41 213
41 214
41 216
41 217
41 222
42 2
42 6
42 10
42 14
42 15
42 16
42 20
42 31
42 34
42 39
42 50
42 60
42 62
42 63
42 68
42 74
42 79
42 81
42 84
42 86
42 88
42 99
42 102
42 105
42 113
42 114
42 117
42 124
42 126
42 130
42 133
42 137
42 141
42 143
42 146
42 150
42 155
42 159
42 160
42 164
42 167
42 176
42 179
42 182
42 183
42 185
42 188
42 191
42 202
42 207
42 215
42 217
42 224
43 4
43 8
43 10
43 13
43 24
43 25
43 26
43 33
43 34
43 44
43 45
43 49
43 50
43 52
43 54
43 57
43 59
43 64
43 65
43 66
43 70
43 72
43 84
43 86
43 90
43 97
43 101
43 102
43 105
43 110
43 121
43 151
43 153
43 160
43 166
43 167
43 173
43 179
43 183
43 195
43 198
43 205
43 214
43 218
44 1
44 6
44 7
44 11
44 15
44 25
44 33
44 35
44 41
44 43
44 46
44 48
44 50
44 59
44 60
44 66
44 67
44 73
44 76
44 77
44 104
44 113
44 117
44 119
44 121
44 125
44 127
44 132
44 135
44 137
44 141
44 142
44 143
44 144
44 147
44 153
44 158
44 162
44 165
44 167
44 168
44 171
44 178
44 184
44 186
44 188
44 189
44 190
44 195
44 196
44 197
44 205
44 215
44 222
45 4
45 7
45 9
45 14
45 23
45 34
45 35
45 41
45 42
45 49
45 50
45 105
45 118
45 123
45 127
45 135
45 136
45 139
45 145
45 151
45 157
45 162
45 163
45 169
45 171
45 183
45 195
45 197
45 199
45 206
45 218
45 220
46 0
46 1
46 9
46 11
46 14
46 21
46 24
46 25
46 27
46 35
46 37
46 39
46 49
46 51
46 70
46 76
46 86
46 87
46 95
46 101
46 102
46 106
46 107
46 121
46 124
46 127
46 128
46 129
46 131
46 133
46 134
46 135
46 136
46 139
46 141
46 145
46 148
46 151
46 152
46 160
46 164
46 168
46 171
46 174
46 183
46 188
46 189
46 193
46 196
46 203
46 204
46 210
46 214
46 217
46 222
47 0
47 3
47 6
47 7
47 8
47 24
47 25
47 26
47 28
47 31
47 33
47 44
47 50
47 64
47 72
47 73
47 81
47 96
47 102
47 115
47 123
47 124
47 126
47 136
47 139
47 140
47 142
47 150
47 152
47 159
47 161
47 168
47 174
47 177
47 178
47 196
47 203
47 210
47 211
47 212
47 223
48 1
48 9
48 13
48 20
48 21
48 22
48 23
48 28
48 33
48 40
48 52
48 60
48 64
48 69
48 83
48 85
48 86
48 87
48 88
48 98
48 106
48 107
48 110
48 111
48 113
48 114
48 116
48 117
48 124
48 127
48 128
48 130
48 133
48 134
48 137
48 151
48 158
48 166
48 169
48 172
48 176
48 177
48 181
48 183
48 184
48 185
48 188
48 190
48 194
48 198
48 199
48 204
48 207
48 220
48 221
49 0
49 2
49 9
49 29
49 50
49 52
49 55
49 58
49 60
49 62
49 64
49 70
49 72
49 74
49 77
49 87
49 96
49 101
49 102
49 108
49 121
49 122
49 125
49 130
49 139
49 140
49 143
49 146
49 149
49 153
49 162
49 164
49 174
49 177
49 183
49 185
49 199
49 200
49 206
49 207
49 209
49 213
49 220
49 223
50 1
50 7
50 9
50 28
50 31
50 37
50 39
50 53
50 56
50 57
50 61
50 65
50 68
50 74
50 75
50 78
50 83
50 93
50 101
50 103
50 105
50 106
50 107
50 109
50 117
50 118
50 119
50 120
50 123
50 126
50 128
50 131
50 132
50 139
50 141
50 143
50 157
50 158
50 160
50 171
50 173
50 175
50 177
50 179
50 192
50 193
50 197
50 199
50 200
50 210
50 220
50 224
51 1
51 7
51 12
51 13
51 17
51 19
51 22
51 27
51 33
51 44
51 45
51 49
51 50
51 60
51 75
51 91
51 98
51 107
51 112
51 113
51 127
51 128
51 130
51 138
51 143
51 147
51 149
51 150
51 152
51 164
51 165
51 166
51 170
51 180
51 183
51 204
52 2
52 5
52 10
52 13
52 16
52 44
52 46
52 48
52 57
52 61
52 63
52 72
52 80
52 81
52 85
52 86
52 89
52 92
52 99
52 101
52 102
52 112
52 118
52 120
52 124
52 126
52 129
52 132
52 146
52 149
52 154
52 156
52 174
52 199
52 211
52 212
52 216
53 8
53 17
53 20
53 22
53 23
53 31
53 39
53 40
53 47
53 52
53 69
53 72
53 85
53 89
53 99
53 100
53 108
53 109
53 110
53 117
53 133
53 139
53 140
53 145
53 149
53 152
53 158
53 159
53 167
53 175
53 177
53 178
53 182
53 184
53 188
53 194
53 201
53 206
53 207
53 213
53 215
53 221
53 224
54 3
54 5
54 13
54 17
54 19
54 39
54 40
54 44
54 45
54 52
54 53
54 63
54 65
54 68
54 74
54 77
54 78
54 79
54 84
54 86
54 94
54 96
54 98
54 103
54 108
54 119
54 122
54 124
54 126
54 128
54 141
54 147
54 156
54 169
54 171
54 174
54 175
54 179
54 182
54 183
54 194
54 205
54 207
54 208
54 214
54 218
54 222
55 2
55 6
55 12
55 17
55 25
55 28
55 30
55 35
55 39
55 44
55 50
55 53
55 60
55 66
55 70
55 77
55 82
55 85
55 86
55 91
55 92
55 94
55 95
55 96
55 102
55 117
55 122
55 130
55 143
55 157
55 158
55 162
55 165
55 166
55 167
55 178
55 179
55 181
55 182
55 187
55 188
55 189
55 191
55 193
55 199
55 213
55 216
55 221
56 2
56 10
56 14
56 17
56 20
56 30
56 32
56 37
56 54
56 60
56 65
56 68
56 75
56 79
56 86
56 93
56 94
56 97
56 100
56 111
56 113
56 118
56 121
56 125
56 132
56 135
56 153
56 155
56 163
56 164
56 165
56 166
56 168
56 177
56 182
56 184
56 187
56 195
56 205
56 211
56 212
56 217
56 223
57 0
57 3
57 9
57 16
57 20
57 23
57 24
57 31
57 43
57 46
57 59
57 63
57 72
57 80
57 88
57 92
57 112
57 113
57 114
57 115
57 116
57 121
57 124
57 128
57 129
57 136
57 138
57 145
57 147
57 149
57 153
57 160
57 170
57 171
57 177
57 179
57 207
57 211
57 221
58 1
58 3
58 15
58 16
58 17
58 23
58 25
58 26
58 29
58 31
58 38
58 40
58 41
58 42
58 45
58 62
58 67
58 69
58 72
58 75
58 76
58 83
58 87
58 92
58 94
58 95
58 97
58 98
58 100
58 103
58 107
58 110
58 112
58 126
58 132
58 134
58 142
58 143
58 152
58 154
58 156
58 157
58 177
58 179
58 180
58 183
58 199
58 209
58 217
58 219
58 223
59 1
59 4
59 6
59 20
59 22
59 24
59 32
59 39
59 40
59 44
59 48
59 50
59 51
59 57
59 60
59 64
59 67
59 69
59 71
59 73
59 74
59 82
59 84
59 85
59 86
59 90
59 97
59 101
59 105
59 114
59 115
59 126
59 127
59 129
59 131
59 133
59 140
59 146
59 154
59 155
59 161
59 170
59 171
59 178
59 184
59 185
59 187
59 190
59 196
59 201
59 202
59 207
59 208
59 214
59 216
60 1
60 7
60 13
60 22
60 25
60 30
60 40
60 42
60 44
60 59
60 61
60 62
60 63
60 66
60 72
60 79
60 85
60 107
60 109
60 112
60 114
60 116
60 119
60 122
60 124
60 128
60 138
60 142
60 146
60 147
60 157
60 160
60 162
60 176
60 186
60 187
60 191
60 193
60 200
60 206
60 207
60 213
60 219
60 223
61 7
61 9
61 13
61 16
61 22
61 27
61 31
61 34
61 35
61 36
61 45
61 47
61 59
61 66
61 69
61 72
61 73
61 76
61 77
61 78
61 81
61 83
61 91
61 93
61 95
61 96
61 99
61 104
61 107
61 119
61 127
61 129
61 140
61 145
61 146
61 151
61 157
61 166
61 168
61 169
61 171
61 184
61 186
61 193
61 201
61 202
61 207
61 210
61 215
61 221
62 7
62 31
62 32
62 35
62 54
62 57
62 64
62 65
62 68
62 69
62 74
62 75
62 76
62 79
62 81
62 82
62 86
62 91
62 92
62 93
62 94
62 103
62 105
62 106
62 120
62 121
62 131
62 132
62 133
62 135
62 143
62 146
62 154
62 159
62 163
62 166
62 168
62 173
62 176
62 181
62 185
62 187
62 194
62 205
62 206
62 211
62 212
63 1
63 5
63 15
63 24
63 28
63 38
63 39
63 46
63 56
63 64
63 80
63 91
63 93
63 101
63 104
63 109
63 111
63 115
63 127
63 132
63 138
63 157
63 159
63 161
63 163
63 164
63 166
63 169
63 172
63 197
63 199
63 215
63 218
63 221
64 4
64 6
64 33
64 34
64 37
64 38
64 43
64 47
64 50
64 80
64 89
64 92
64 108
64 110
64 111
64 114
64 117
64 122
64 123
64 128
64 133
64 137
64 151
64 155
64 162
64 167
64 169
64 176
64 181
64 186
64 187
64 191
64 192
64 195
64 202
64 210
64 212
64 214
64 216
64 222
65 5
65 10
65 13
65 17
65 21
65 45
65 55
65 62
65 66
65 71
65 73
65 76
65 89
65 92
65 96
65 104
65 110
65 112
65 113
65 117
65 120
65 129
65 132
65 137
65 138
65 140
65 142
65 159
65 164
65 168
65 171
65 188
65 207
65 212
65 215
65 221
65 222
66 1
66 7
66 10
66 14
66 23
66 25
66 30
66 31
66 43
66 45
66 47
66 49
66 51
66 55
66 60
66 63
66 65
66 72
66 85
66 89
66 90
66 93
66 99
66 103
66 106
66 116
66 120
66 121
66 123
66 132
66 134
66 135
66 137
66 141
66 149
66 151
66 152
66 168
66 169
66 177
66 178
66 184
66 190
66 194
66 198
66 205
66 211
66 213
66 217
67 2
67 9
67 14
67 18
67 22
67 25
67 27
67 30
67 40
67 46
67 47
67 48
67 51
67 54
67 56
67 59
67 69
67 72
67 73
67 75
67 81
67 85
67 89
67 90
67 91
67 99
67 106
67 107
67 111
67 122
67 123
67 126
67 136
67 146
67 155
67 157
67 158
67 169
67 173
67 183
67 193
67 201
67 204
67 206
67 223
68 3
68 6
68 27
68 28
68 29
68 31
68 40
68 41
68 44
68 47
68 49
68 54
68 56
68 57
68 60
68 63
68 65
68 66
68 70
68 75
68 76
68 83
68 91
68 92
68 113
68 116
68 123
68 124
68 127
68 128
68 131
68 144
68 145
68 147
68 151
68 155
68 166
68 168
68 183
68 185
68 190
68 202
68 208
68 211
68 219
68 223
69 2
69 5
69 9
69 10
69 12
69 16
69 25
69 28
69 29
69 31
69 33
69 35
69 38
69 42
69 47
69 48
69 50
69 58
69 60
69 71
69 75
69 77
69 80
69 81
69 82
69 86
69 89
69 91
69 95
69 98
69 106
69 111
69 117
69 123
69 124
69 128
69 133
69 134
69 136
69 142
69 149
69 152
69 158
69 161
69 164
69 165
69 167
69 178
69 186
69 188
69 193
69 198
69 204
69 212
69 213
69 214
69 220
69 222
69 223
70 4
70 10
70 12
70 18
70 19
70 21
70 27
70 32
70 34
70 44
70 48
70 54
70 58
70 59
70 62
70 63
70 67
70 68
70 73
70 78
70 82
70 90
70 101
70 102
70 124
70 131
70 136
70 139
70 140
70 145
70 148
70 152
70 156
70 157
70 166
70 173
70 177
70 190
70 193
70 203
70 211
70 220
71 6
71 7
71 14
71 18
71 22
71 26
71 35
71 36
71 37
71 41
71 46
71 54
71 55
71 56
71 58
71 61
71 62
71 63
71 64
71 66
71 68
71 69
71 72
71 79
71 80
71 82
71 85
71 86
71 88
71 92
71 93
71 98
71 100
71 120
71 121
71 122
71 124
71 125
71 128
71 136
71 138
71 142
71 145
71 148
71 152
71 153
71 162
71 164
71 172
71 173
71 178
71 181
71 184
71 185
71 186
71 188
71 195
71 197
71 198
71 207
71 215
72 6
72 10
72 15
72 16
72 18
72 26
72 28
72 37
72 39
72 43
72 56
72 57
72 58
72 59
72 61
72 74
72 85
72 90
72 92
72 94
72 97
72 99
72 112
72 125
72 132
72 139
72 140
72 149
72 153
72 154
72 159
72 161
72 184
72 186
72 187
72 190
72 193
72 194
72 197
72 198
72 199
72 202
72 209
72 212
72 213
72 219
72 224
73 3
73 4
73 6
73 13
73 22
73 24
73 26
73 30
73 31
73 32
73 33
73 34
73 37
73 46
73 49
73 51
73 53
73 55
73 56
73 60
73 67
73 69
73 70
73 75
73 81
73 86
73 94
73 103
73 104
73 109
73 119
73 128
73 130
73 134
73 138
73 141
73 144
73 147
73 150
73 152
73 167
73 183
73 189
73 199
73 203
73 213
73 220
73 223
74 2
74 14
74 15
74 17
74 19
74 20
74 27
74 30
74 31
74 33
74 34
74 45
74 49
74 51
74 55
74 56
74 58
74 68
74 78
74 85
74 89
74 90
74 92
74 93
74 98
74 108
74 112
74 119
74 120
74 123
74 131
74 141
74 142
74 143
74 159
74 161
74 164
74 168
74 170
74 183
74 184
74 188
74 192
74 198
74 203
74 204
74 212
74 214
74 215
74 224
75 5
75 9
75 13
75 14
75 20
75 24
75 25
75 27
75 28
75 32
75 42
75 43
75 47
75 51
75 56
75 57
75 64
75 71
75 76
75 83
75 87
75 95
75 103
75 106
75 115
75 118
75 119
75 127
75 133
75 135
75 145
75 146
75 149
75 150
75 153
75 157
75 159
75 160
75 163
75 167
75 175
75 177
75 189
75 194
75 195
75 201
75 202
75 206
75 220
75 224
76 7
76 15
76 18
76 21
76 33
76 37
76 43
76 48
76 65
76 68
76 69
76 72
76 89
76 100
76 103
76 105
76 127
76 128
76 130
76 131
76 148
76 154
76 163
76 166
76 170
76 187
76 189
76 191
76 193
76 194
76 196
76 197
76 199
76 201
76 209
76 216
76 218
76 220
77 2
77 3
77 7
77 11
77 17
77 23
77 24
77 27
77 28
77 29
77 30
77 34
77 37
77 71
77 75
77 78
77 81
77 85
77 87
77 94
77 106
77 115
77 119
77 120
77 127
77 142
77 143
77 150
77 152
77 153
77 157
77 165
77 173
77 176
77 183
77 201
77 202
77 204
77 209
77 210
77 215
78 5
78 14
78 18
78 19
78 26
78 32
78 33
78 38
78 39
78 40
78 56
78 67
78 71
78 73
78 77
78 81
78 91
78 98
78 104
78 106
78 108
78 110
78 112
78 122
78 124
78 133
78 135
78 136
78 140
78 149
78 150
78 158
78 160
78 163
78 164
78 168
78 173
78 175
78 180
78 185
78 188
78 189
78 195
78 200
78 203
78 218
78 219
78 220
79 20
79 26
79 28
79 34
79 35
79 44
79 46
79 49
79 53
79 59
79 66
79 87
79 91
79 92
79 100
79 109
79 111
79 118
79 120
79 121
79 138
79 142
79 149
79 150
79 155
79 170
79 171
79 177
79 180
79 182
79 190
79 194
79 199
79 205
79 206
79 214
79 216
79 220
80 8
80 9
80 10
80 16
80 17
80 22
80 38
80 44
80 52
80 58
80 59
80 67
80 68
80 69
80 72
80 76
80 77
80 92
80 95
80 97
80 103
80 107
80 113
80 122
80 124
80 126
80 127
80 135
80 140
80 143
80 145
80 149
80 151
80 156
80 168
80 179
80 182
80 186
80 188
80 206
80 207
80 215
80 222
81 0
81 1
81 4
81 14
81 23
81 27
81 33
81 41
81 45
81 47
81 50
81 52
81 59
81 63
81 65
81 68
81 73
81 86
81 90
81 103
81 105
81 106
81 108
81 112
81 114
81 118
81 126
81 127
81 128
81 152
81 158
81 177
81 178
81 187
81 192
81 195
81 200
81 207
81 209
81 210
81 219
82 0
82 2
82 8
82 11
82 16
82 17
82 32
82 37
82 38
82 41
82 49
82 51
82 54
82 64
82 79
82 80
82 93
82 105
82 106
82 111
82 112
82 113
82 117
82 138
82 151
82 157
82 161
82 163
82 172
82 173
82 175
82 176
82 177
82 194
82 196
82 202
82 203
82 204
82 216
82 217
83 0
83 5
83 7
83 9
83 10
83 11
83 12
83 19
83 23
83 25
83 30
83 44
83 47
83 48
83 49
83 62
83 64
83 69
83 70
83 71
83 77
83 79
83 95
83 97
83 100
83 103
83 107
83 113
83 119
83 120
83 126
83 127
83 128
83 129
83 130
83 131
83 140
83 141
83 143
83 151
83 155
83 158
83 161
83 163
83 169
83 170
83 171
83 174
83 177
83 183
83 187
83 192
83 198
83 199
83 210
83 214
83 217
83 223
84 0
84 5
84 11
84 12
84 13
84 18
84 28
84 35
84 44
84 62
84 63
84 65
84 77
84 80
84 104
84 110
84 119
84 120
84 127
84 134
84 153
84 156
84 157
84 164
84 174
84 179
84 180
84 185
84 190
84 195
84 205
84 207
84 214
85 8
85 12
85 15
85 31
85 34
85 35
85 37
85 38
85 45
85 46
85 57
85 61
85 62
85 66
85 67
85 71
85 74
85 90
85 97
85 103
85 105
85 120
85 126
85 129
85 133
85 154
85 156
85 159
85 162
85 178
85 180
85 193
85 202
85 207
85 211
85 220
86 5
86 7
86 16
86 27
86 42
86 44
86 53
86 54
86 55
86 64
86 87
86 89
86 92
86 97
86 99
86 103
86 113
86 117
86 125
86 131
86 136
86 138
86 143
86 144
86 148
86 153
86 160
86 164
86 168
86 177
86 183
86 185
86 196
86 198
86 206
86 211
86 214
86 220
87 0
87 5
87 11
87 13
87 14
87 22
87 33
87 34
87 45
87 46
87 47
87 58
87 59
87 60
87 65
87 67
87 74
87 77
87 78
87 79
87 81
87 82
87 86
87 89
87 90
87 91
87 105
87 113
87 119
87 121
87 135
87 140
87 148
87 155
87 157
87 162
87 166
87 168
87 178
87 187
87 189
87 192
87 208
87 209
87 215
87 216
87 218
87 220
87 223
87 224
88 0
88 2
88 3
88 8
88 12
88 17
88 24
88 34
88 36
88 43
88 48
88 52
88 56
88 61
88 64
88 68
88 75
88 80
88 83
88 89
88 95
88 98
88 103
88 104
88 113
88 132
88 133
88 135
88 143
88 147
88 149
88 150
88 151
88 177
88 179
88 184
88 197
88 199
88 201
88 202
88 203
88 206
88 207
88 208
88 216
89 1
89 3
89 8
89 10
89 11
89 15
89 16
89 22
89 29
89 44
89 46
89 50
89 54
89 57
89 59
89 60
89 68
89 76
89 80
89 81
89 84
89 88
89 95
89 101
89 103
89 104
89 112
89 115
89 123
89 127
89 135
89 138
89 141
89 142
89 148
89 150
89 152
89 155
89 162
89 163
89 164
89 168
89 174
89 183
89 186
89 187
89 195
89 196
89 205
89 214
89 215
89 217
89 222
90 1
90 2
90 4
90 5
90 6
90 13
90 17
90 19
90 22
90 23
90 25
90 44
90 45
90 51
90 53
90 59
90 63
90 65
90 70
90 76
90 77
90 82
90 88
90 92
90 95
90 103
90 105
90 121
90 123
90 124
90 125
90 140
90 147
90 158
90 166
90 173
90 183
90 184
90 190
90 191
90 194
90 195
90 196
90 204
90 209
90 214
90 217
90 220
91 7
91 11
91 17
91 18
91 20
91 22
91 23
91 24
91 26
91 28
91 36
91 48
91 49
91 50
91 51
91 54
91 59
91 62
91 66
91 68
91 77
91 78
91 81
91 86
91 94
91 98
91 103
91 108
91 110
91 111
91 117
91 118
91 120
91 121
91 122
91 124
91 127
91 142
91 149
91 151
91 157
91 160
91 165
91 170
91 171
91 172
91 173
91 176
91 184
91 185
91 192
91 202
91 204
91 208
91 212
91 214
91 216
92 1
92 9
92 11
92 24
92 25
92 33
92 37
92 42
92 47
92 52
92 65
92 66
92 67
92 69
92 75
92 77
92 83
92 95
92 97
92 101
92 102
92 104
92 108
92 116
92 118
92 121
92 122
92 126
92 128
92 139
92 141
92 146
92 157
92 159
92 162
92 167
92 187
92 194
92 196
92 208
92 209
92 210
92 215
92 218
92 221
93 0
93 29
93 30
93 32
93 38
93 40
93 46
93 52
93 65
93 68
93 72
93 79
93 84
93 87
93 94
93 95
93 98
93 103
93 107
93 108
93 109
93 113
93 122
93 129
93 133
93 136
93 142
93 149
93 156
93 160
93 162
93 171
93 180
93 181
93 184
93 197
93 207
93 208
93 217
93 220
94 1
94 5
94 9
94 19
94 20
94 24
94 28
94 31
94 35
94 38
94 39
94 43
94 44
94 47
94 49
94 50
94 53
94 54
94 57
94 78
94 79
94 93
94 95
94 103
94 107
94 112
94 116
94 122
94 125
94 126
94 127
94 138
94 141
94 142
94 147
94 148
94 150
94 164
94 169
94 172
94 173
94 174
94 176
94 180
94 186
94 188
94 189
94 209
94 213
94 218
94 219
94 220
94 221
94 222
94 223
95 3
95 6
95 9
95 14
95 17
95 21
95 34
95 39
95 48
95 54
95 59
95 68
95 71
95 73
95 76
95 88
95 92
95 98
95 101
95 114
95 121
95 124
95 125
95 131
95 134
95 137
95 141
95 150
95 156
95 160
95 169
95 174
95 176
95 184
95 194
95 195
95 198
95 200
95 201
95 206
95 211
95 214
95 216
95 224
96 17
96 18
96 21
96 26
96 27
96 43
96 48
96 52
96 54
96 57
96 58
96 65
96 66
96 68
96 70
96 72
96 75
96 78
96 84
96 85
96 87
96 91
96 94
96 102
96 114
96 122
96 126
96 146
96 153
96 155
96 156
96 162
96 169
96 180
96 185
96 189
96 191
96 192
96 201
96 208
96 212
97 11
97 15
97 19
97 28
97 35
97 38
97 40
97 41
97 42
97 58
97 69
97 75
97 80
97 82
97 86
97 89
97 98
97 99
97 100
97 108
97 115
97 121
97 125
97 126
97 133
97 137
97 140
97 145
97 160
97 161
97 171
97 172
97 174
97 176
97 183
97 192
97 195
97 196
97 197
97 198
97 207
97 209
97 210
97 213
97 216
98 1
98 3
98 4
98 5
98 7
98 9
98 11
98 20
98 31
98 34
98 36
98 44
98 47
98 52
98 56
98 60
98 61
98 62
98 67
98 69
98 79
98 81
98 83
98 86
98 90
98 102
98 103
98 107
98 113
98 115
98 147
98 148
98 161
98 162
98 169
98 170
98 175
98 177
98 180
98 181
98 183
98 188
98 194
98 200
98 209
98 211
98 213
98 218
99 13
99 17
99 19
99 21
99 28
99 30
99 38
99 44
99 47
99 53
99 57
99 70
99 84
99 88
99 90
99 98
99 106
99 107
99 111
99 116
99 118
99 119
99 123
99 126
99 132
99 133
99 138
99 139
99 141
99 147
99 149
99 151
99 152
99 156
99 157
99 158
99 159
99 160
99 165
99 171
99 175
99 179
99 180
99 182
99 183
99 184
99 196
99 203
99 210
99 214
99 219
99 221
100 5
100 7
100 10
100 12
100 13
100 15
100 17
100 23
100 26
100 27
100 34
100 36
100 39
100 48
100 50
100 57
100 60
100 64
100 66
100 68
100 73
100 84
100 92
100 94
100 95
100 96
100 101
100 108
100 116
100 127
100 133
100 135
100 138
100 140
100 146
100 154
100 156
100 164
100 166
100 167
100 171
100 173
100 176
100 183
100 186
100 188
100 191
100 194
100 199
100 200
100 204
100 206
100 216
100 222
100 223
101 5
101 8
101 20
101 21
101 22
101 25
101 26
101 27
101 30
101 44
101 45
101 68
101 73
101 79
101 84
101 90
101 93
101 96
101 99
101 103
101 122
101 130
101 131
101 132
101 138
101 141
101 144
101 149
101 152
101 162
101 170
101 175
101 187
101 192
101 197
101 200
101 205
101 207
101 217
101 220
102 1
102 9
102 10
102 14
102 18
102 28
102 29
102 30
102 34
102 35
102 58
102 65
102 75
102 77
102 85
102 87
102 98
102 120
102 121
102 132
102 147
102 148
102 150
102 166
102 168
102 170
102 179
102 181
102 190
102 192
102 204
102 205
102 209
102 220
103 2
103 4
103 5
103 6
103 17
103 18
103 24
103 26
103 30
103 34
103 36
103 40
103 56
103 66
103 70
103 72
103 73
103 77
103 79
103 81
103 82
103 85
103 96
103 116
103 117
103 118
103 121
103 123
103 126
103 131
103 136
103 137
103 142
103 149
103 150
103 158
103 160
103 162
103 163
103 186
103 187
103 192
103 193
103 196
103 198
103 202
103 208
103 210
103 217
103 220
104 1
104 2
104 4
104 5
104 12
104 20
104 30
104 40
104 45
104 47
104 49
104 54
104 58
104 60
104 74
104 82
104 87
104 88
104 89
104 95
104 105
104 106
104 109
104 112
104 113
104 114
104 117
104 126
104 127
104 141
104 144
104 145
104 148
104 153
104 158
104 159
104 161
104 168
104 169
104 180
104 189
104 191
104 204
104 205
104 212
104 216
104 224
105 1
105 4
105 13
105 19
105 24
105 25
105 26
105 27
105 29
105 31
105 38
105 44
105 45
105 46
105 47
105 49
105 54
105 63
105 65
105 72
105 79
105 82
105 86
105 100
105 104
105 107
105 108
105 113
105 118
105 119
105 121
105 123
105 125
105 127
105 128
105 135
105 136
105 138
105 142
105 144
105 152
105 158
105 187
105 194
105 200
105 206
105 213
105 215
106 1
106 4
106 16
106 17
106 28
106 30
106 39
106 42
106 46
106 52
106 53
106 58
106 72
106 78
106 80
106 82
106 85
106 91
106 95
106 97
106 107
106 109
106 120
106 122
106 125
106 131
106 146
106 161
106 164
106 166
106 173
106 175
106 178
106 179
106 185
106 187
106 207
106 208
106 215
106 219
106 223
107 0
107 2
107 5
107 7
107 10
107 19
107 23
107 26
107 37
107 51
107 58
107 60
107 66
107 77
107 79
107 80
107 84
107 86
107 87
107 94
107 96
107 99
107 104
107 110
107 112
107 116
107 117
107 119
107 124
107 139
107 140
107 145
107 147
107 148
107 150
107 153
107 159
107 164
107 165
107 169
107 174
107 178
107 186
107 187
107 188
107 192
107 196
107 206
107 210
107 213
107 217
108 2
108 9
108 16
108 23
108 26
108 35
108 49
108 53
108 56
108 64
108 70
108 75
108 77
108 78
108 79
108 92
108 95
108 98
108 99
108 103
108 105
108 116
108 121
108 123
108 129
108 132
108 140
108 150
108 154
108 155
108 157
108 158
108 164
108 167
108 176
108 185
108 192
108 198
108 202
108 203
108 205
108 209
108 212
108 217
108 223
109 6
109 19
109 25
109 26
109 27
109 30
109 39
109 40
109 65
109 67
109 79
109 94
109 100
109 105
109 106
109 114
109 117
109 119
109 126
109 133
109 147
109 188
109 191
109 192
109 194
109 197
109 206
109 213
109 216
109 220
109 221
109 222
110 7
110 11
110 16
110 18
110 27
110 33
110 35
110 39
110 42
110 44
110 48
110 63
110 67
110 72
110 73
110 76
110 78
110 98
110 101
110 103
110 107
110 108
110 112
110 113
110 120
110 123
110 124
110 127
110 134
110 135
110 136
110 137
110 140
110 141
110 147
110 151
110 156
110 157
110 165
110 170
110 183
110 189
110 196
110 200
110 205
110 207
110 209
110 210
110 211
110 218
110 219
110 224
111 2
111 3
111 12
111 21
111 27
111 47
111 49
111 50
111 62
111 65
111 69
111 71
111 72
111 76
111 80
111 83
111 85
111 86
111 87
111 88
111 91
111 105
111 109
111 113
111 117
111 118
111 124
111 130
111 131
111 132
111 150
111 152
111 154
111 167
111 172
111 175
111 186
111 192
111 193
111 195
111 197
111 199
111 200
111 213
111 217
111 219
111 222
112 2
112 11
112 19
112 22
112 26
112 29
112 38
112 41
112 57
112 69
112 73
112 74
112 78
112 79
112 82
112 89
112 93
112 106
112 111
112 117
112 118
112 126
112 139
112 146
112 151
112 152
112 154
112 158
112 160
112 161
112 163
112 164
112 165
112 166
112 168
112 178
112 179
112 187
112 190
112 191
112 193
112 195
112 197
112 202
112 209
112 210
112 213
113 8
113 17
113 19
113 23
113 24
113 27
113 28
113 50
113 52
113 61
113 74
113 76
113 82
113 85
113 99
113 101
113 104
113 107
113 111
113 112
113 114
113 127
113 128
113 130
113 134
113 136
113 142
113 145
113 154
113 157
113 161
113 165
113 181
113 186
113 198
113 203
113 214
113 215
113 219
114 10
114 16
114 18
114 27
114 28
114 40
114 54
114 74
114 75
114 77
114 79
114 83
114 85
114 86
114 88
114 92
114 101
114 102
114 109
114 113
114 115
114 116
114 117
114 118
114 121
114 122
114 124
114 128
114 130
114 131
114 134
114 135
114 144
114 150
114 154
114 155
114 156
114 165
114 173
114 178
114 183
114 187
114 192
114 194
114 198
114 208
114 212
114 213
114 217
114 219
114 221
114 224
115 4
115 7
115 8
115 12
115 14
115 15
115 20
115 22
115 24
115 25
115 28
115 29
115 32
115 33
115 37
115 40
115 49
115 54
115 59
115 62
115 63
115 65
115 66
115 68
115 70
115 76
115 84
115 87
115 89
115 90
115 91
115 93
115 96
115 97
115 99
115 103
115 126
115 131
115 132
115 141
115 148
115 157
115 166
115 167
115 169
115 171
115 173
115 175
115 188
115 189
115 191
115 201
115 208
115 209
115 218
115 219
116 9
116 18
116 19
116 26
116 32
116 35
116 37
116 46
116 51
116 52
116 55
116 68
116 73
116 79
116 81
116 88
116 89
116 91
116 92
116 95
116 99
116 101
116 106
116 110
116 114
116 120
116 121
116 122
116 124
116 125
116 128
116 153
116 172
116 175
116 176
116 177
116 180
116 183
116 184
116 188
116 192
116 193
116 198
116 199
116 216
116 222
116 223
117 1
117 3
117 6
117 19
117 24
117 30
117 33
117 35
117 43
117 45
117 47
117 66
117 72
117 81
117 82
117 84
117 85
117 92
117 96
117 97
117 102
117 105
117 111
117 116
117 118
117 131
117 132
117 142
117 144
117 145
117 154
117 155
117 157
117 159
117 164
117 168
117 169
117 176
117 178
117 192
117 196
117 202
117 205
117 206
117 210
117 220
117 221
118 16
118 21
118 26
118 27
118 42
118 48
118 49
118 50
118 57
118 64
118 67
118 68
118 69
118 80
118 81
118 82
118 90
118 103
118 105
118 109
118 114
118 124
118 126
118 137
118 142
118 147
118 154
118 155
118 158
118 160
118 164
118 165
118 168
118 178
118 180
118 184
118 186
118 199
118 205
118 210
118 212
118 215
118 220
119 0
119 4
119 6
119 8
119 9
119 14
119 15
119 18
119 23
119 25
119 32
119 38
119 40
119 43
119 44
119 55
119 61
119 62
119 67
119 72
119 78
119 83
119 89
119 90
119 100
119 108
119 115
119 124
119 125
119 126
119 139
119 142
119 144
119 152
119 162
119 166
119 171
119 173
119 177
119 181
119 191
119 193
119 194
119 208
119 211
119 224
120 2
120 6
120 14
120 15
120 19
120 23
120 24
120 26
120 29
120 44
120 48
120 50
120 53
120 55
120 59
120 62
120 65
120 66
120 71
120 78
120 85
120 95
120 112
120 116
120 119
120 125
120 132
120 133
120 135
120 137
120 138
120 141
120 150
120 155
120 158
120 162
120 166
120 185
120 187
120 195
120 212
120 214
121 5
121 13
121 15
121 21
121 23
121 24
121 26
121 30
121 34
121 40
121 46
121 53
121 58
121 59
121 61
121 62
121 65
121 77
121 82
121 83
121 84
121 87
121 89
121 96
121 101
121 105
121 111
121 115
121 116
121 120
121 126
121 134
121 136
121 138
121 141
121 149
121 154
121 160
121 161
121 163
121 171
121 173
121 186
121 192
121 202
121 204
121 209
121 212
122 1
122 3
122 8
122 13
122 15
122 16
122 17
122 27
122 36
122 53
122 61
122 75
122 80
122 102
122 105
122 117
122 124
122 135
122 140
122 146
122 154
122 157
122 163
122 165
122 172
122 176
122 182
122 183
122 188
122 195
122 198
122 199
122 200
122 202
122 204
122 206
122 208
122 214
123 3
123 14
123 15
123 21
123 22
123 24
123 29
123 31
123 37
123 50
123 56
123 57
123 59
123 63
123 65
123 67
123 72
123 77
123 97
123 102
123 117
123 120
123 125
123 126
123 130
123 142
123 146
123 151
123 156
123 159
123 161
123 165
123 166
123 171
123 175
123 176
123 195
123 198
123 201
123 202
123 207
123 218
123 224
124 2
124 5
124 7
124 13
124 14
124 15
124 17
124 20
124 39
124 48
124 70
124 72
124 79
124 80
124 92
124 105
124 112
124 114
124 122
124 126
124 131
124 132
124 135
124 141
124 149
124 155
124 156
124 158
124 160
124 163
124 165
124 166
124 170
124 175
124 178
124 193
124 195
124 196
124 204
124 209
124 221
124 223
125 3
125 7
125 8
125 10
125 13
125 14
125 15
125 21
125 24
125 25
125 39
125 43
125 44
125 51
125 52
125 54
125 56
125 57
125 65
125 66
125 68
125 84
125 89
125 94
125 101
125 112
125 123
125 124
125 131
125 134
125 154
125 163
125 167
125 172
125 178
125 184
125 187
125 193
125 196
125 201
125 206
125 208
125 212
125 214
125 218
125 220
125 223
126 3
126 10
126 14
126 20
126 31
126 34
126 36
126 58
126 62
126 66
126 76
126 81
126 87
126 90
126 103
126 105
126 106
126 111
126 112
126 116
126 118
126 132
126 136
126 139
126 140
126 146
126 148
126 149
126 152
126 172
126 173
126 184
126 185
126 191
126 192
126 194
126 195
126 198
126 202
126 204
126 206
126 212
126 214
126 216
126 220
126 222
127 9
127 14
127 20
127 37
127 39
127 52
127 62
127 65
127 66
127 83
127 94
127 100
127 102
127 113
127 114
127 119
127 123
127 126
127 133
127 134
127 140
127 153
127 158
127 161
127 165
127 179
127 181
127 182
127 195
127 196
127 208
127 216
127 219
128 3
128 4
128 6
128 10
128 15
128 25
128 31
128 35
128 38
128 48
128 50
128 62
128 67
128 71
128 74
128 75
128 78
128 80
128 83
128 84
128 87
128 92
128 106
128 107
128 109
128 116
128 121
128 126
128 136
128 138
128 144
128 146
128 153
128 160
128 162
128 167
128 169
128 174
128 176
128 178
128 185
128 196
128 197
128 204
128 205
128 206
128 207
129 3
129 16
129 31
129 36
129 48
129 56
129 66
129 67
129 71
129 74
129 79
129 80
129 81
129 82
129 90
129 93
129 94
129 110
129 112
129 114
129 115
129 117
129 121
129 128
129 136
129 142
129 148
129 153
129 155
129 169
129 172
129 174
129 181
129 184
129 187
129 190
129 191
129 193
129 201
129 209
129 211
129 213
129 216
129 217
129 223
130 4
130 7
130 11
130 13
130 32
130 33
130 38
130 45
130 48
130 50
130 51
130 63
130 65
130 66
130 67
130 71
130 75
130 78
130 87
130 88
130 92
130 94
130 120
130 124
130 126
130 129
130 137
130 143
130 145
130 147
130 149
130 152
130 156
130 159
130 160
130 163
130 166
130 174
130 195
130 197
130 199
130 201
130 204
130 214
130 218
130 222
131 2
131 7
131 21
131 26
131 36
131 38
131 39
131 42
131 45
131 46
131 49
131 53
131 72
131 73
131 75
131 77
131 78
131 85
131 98
131 106
131 112
131 116
131 128
131 132
131 134
131 136
131 150
131 156
131 160
131 163
131 171
131 174
131 175
131 178
131 179
131 188
131 195
131 203
131 204
131 205
131 206
131 207
131 208
131 211
131 222
132 2
132 3
132 5
132 7
132 14
132 22
132 23
132 25
132 33
132 35
132 37
132 42
132 48
132 49
132 50
132 52
132 69
132 74
132 79
132 80
132 84
132 87
132 88
132 92
132 112
132 116
132 117
132 121
132 126
132 128
132 131
132 134
132 135
132 137
132 140
132 144
132 165
132 169
132 171
132 177
132 181
132 187
132 190
132 194
132 197
132 209
132 212
132 218
132 219
132 222
133 1
133 2
133 6
133 13
133 14
133 18
133 31
133 35
133 38
133 41
133 42
133 48
133 54
133 59
133 76
133 77
133 82
133 86
133 87
133 93
133 98
133 106
133 113
133 116
133 124
133 126
133 129
133 131
133 135
133 142
133 150
133 156
133 157
133 158
133 173
133 176
133 177
133 185
133 186
133 188
133 190
133 193
133 198
133 200
133 202
133 207
133 210
133 211
133 213
133 217
133 218
134 1
134 5
134 6
134 10
134 12
134 15
134 18
134 20
134 37
134 40
134 46
134 47
134 60
134 62
134 63
134 68
134 76
134 81
134 90
134 91
134 92
134 95
134 101
134 106
134 117
134 120
134 132
134 137
134 151
134 153
134 154
134 165
134 169
134 174
134 175
134 180
134 191
134 193
134 196
134 198
134 201
134 208
134 209
134 211
134 216
134 220
134 222
135 0
135 1
135 6
135 8
135 10
135 38
135 44
135 51
135 60
135 62
135 63
135 66
135 69
135 73
135 75
135 81
135 105
135 107
135 108
135 112
135 113
135 114
135 123
135 132
135 137
135 138
135 147
135 148
135 153
135 157
135 169
135 181
135 182
135 187
135 193
135 195
135 196
135 200
135 208
135 211
135 212
135 214
135 216
135 217
136 0
136 3
136 7
136 11
136 14
136 18
136 27
136 38
136 42
136 49
136 51
136 55
136 57
136 81
136 86
136 87
136 94
136 107
136 111
136 121
136 123
136 125
136 133
136 139
136 144
136 146
136 154
136 174
136 175
136 176
136 182
136 187
136 191
136 194
136 196
136 198
136 203
136 205
136 206
136 207
136 210
136 217
136 221
136 222
137 1
137 4
137 5
137 20
137 26
137 31
137 32
137 41
137 51
137 56
137 62
137 74
137 75
137 83
137 92
137 93
137 96
137 99
137 101
137 104
137 108
137 113
137 114
137 115
137 116
137 121
137 125
137 132
137 142
137 143
137 148
137 178
137 180
137 181
137 183
137 191
137 195
137 201
137 203
137 214
137 216
137 217
137 222
137 223
138 0
138 1
138 2
138 5
138 10
138 12
138 13
138 21
138 22
138 28
138 29
138 35
138 38
138 50
138 58
138 63
138 69
138 74
138 75
138 78
138 84
138 91
138 100
138 107
138 109
138 118
138 129
138 135
138 148
138 153
138 161
138 162
138 163
138 169
138 185
138 187
138 188
138 192
138 210
138 216
139 2
139 4
139 7
139 12
139 13
139 21
139 28
139 31
139 34
139 35
139 37
139 49
139 53
139 54
139 62
139 64
139 66
139 71
139 82
139 85
139 91
139 99
139 102
139 117
139 120
139 124
139 128
139 131
139 132
139 147
139 151
139 156
139 165
139 167
139 174
139 189
139 193
139 194
139 197
139 198
139 202
139 204
139 216
139 222
139 224
140 0
140 2
140 9
140 25
140 35
140 37
140 38
140 39
140 44
140 47
140 49
140 52
140 55
140 58
140 62
140 69
140 74
140 76
140 77
140 80
140 88
140 90
140 91
140 98
140 99
140 100
140 104
140 108
140 117
140 122
140 123
140 133
140 136
140 158
140 159
140 165
140 166
140 176
140 192
140 197
140 199
140 207
140 213
140 216
140 221
140 223
141 0
141 4
141 11
141 18
141 31
141 32
141 44
141 50
141 53
141 56
141 57
141 59
141 64
141 67
141 71
141 72
141 78
141 84
141 87
141 88
141 93
141 94
141 95
141 96
141 108
141 110
141 112
141 114
141 123
141 124
141 128
141 129
141 130
141 133
141 138
141 143
141 146
141 148
141 150
141 151
141 153
141 158
141 161
141 162
141 164
141 182
141 184
141 188
141 189
141 191
141 193
141 201
141 210
142 2
142 12
142 25
142 28
142 36
142 43
142 48
142 51
142 52
142 59
142 61
142 62
142 64
142 66
142 67
142 74
142 78
142 88
142 89
142 96
142 98
142 101
142 105
142 106
142 109
142 116
142 117
142 119
142 132
142 134
142 135
142 136
142 137
142 141
142 146
142 148
142 149
142 161
142 171
142 174
142 182
142 189
142 199
142 204
142 207
142 210
142 212
142 214
142 216
142 218
142 221
142 224
143 10
143 15
143 18
143 33
143 48
143 49
143 53
143 57
143 58
143 67
143 71
143 83
143 91
143 92
143 101
143 102
143 119
143 127
143 130
143 133
143 134
143 142
143 146
143 148
143 155
143 156
143 162
143 166
143 173
143 181
143 198
143 206
143 213
143 216
143 218
143 222
143 224
144 3
144 6
144 20
144 22
144 23
144 25
144 37
144 39
144 45
144 52
144 63
144 64
144 66
144 68
144 70
144 72
144 73
144 74
144 79
144 85
144 90
144 91
144 92
144 96
144 108
144 115
144 118
144 133
144 140
144 150
144 152
144 157
144 158
144 161
144 171
144 172
144 177
144 188
144 192
144 193
144 194
144 209
144 210
144 211
144 215
144 217
144 220
144 224
145 1
145 3
145 4
145 5
145 9
145 16
145 21
145 26
145 28
145 29
145 34
145 37
145 41
145 46
145 47
145 55
145 61
145 64
145 66
145 74
145 81
145 84
145 94
145 99
145 107
145 116
145 119
145 131
145 132
145 147
145 151
145 156
145 169
145 172
145 174
145 190
145 191
145 193
145 195
145 197
145 202
145 207
145 211
145 213
146 0
146 5
146 6
146 11
146 13
146 22
146 38
146 49
146 52
146 56
146 57
146 69
146 81
146 84
146 85
146 90
146 92
146 99
146 102
146 103
146 109
146 110
146 111
146 115
146 119
146 120
146 121
146 122
146 124
146 126
146 139
146 142
146 144
146 154
146 157
146 158
146 161
146 163
146 165
146 169
146 179
146 182
146 183
146 194
146 200
146 206
146 207
146 212
146 222
146 223
146 224
147 1
147 5
147 20
147 23
147 27
147 30
147 41
147 52
147 59
147 60
147 63
147 66
147 73
147 74
147 77
147 79
147 90
147 92
147 94
147 96
147 98
147 99
147 107
147 111
147 117
147 126
147 135
147 136
147 137
147 139
147 142
147 144
147 150
147 152
147 160
147 165
147 170
147 172
147 173
147 176
147 181
147 184
147 187
147 188
147 191
147 205
147 209
147 213
147 223
148 19
148 32
148 44
148 47
148 48
148 54
148 55
148 61
148 63
148 65
148 70
148 81
148 95
148 105
148 113
148 116
148 133
148 138
148 141
148 143
148 147
148 149
148 151
148 152
148 159
148 163
148 169
148 174
148 176
148 179
148 190
148 196
148 198
148 205
148 217
148 219
149 15
149 19
149 28
149 42
149 46
149 51
149 55
149 60
149 62
149 67
149 79
149 92
149 103
149 105
149 108
149 113
149 117
149 120
149 121
149 130
149 140
149 147
149 148
149 152
149 157
149 162
149 164
149 183
149 185
149 195
149 198
149 199
149 217
149 223
150 4
150 7
150 12
150 24
150 31
150 34
150 35
150 36
150 37
150 38
150 40
150 43
150 48
150 53
150 55
150 70
150 75
150 77
150 81
150 89
150 95
150 96
150 97
150 99
150 104
150 116
150 123
150 127
150 138
150 139
150 140
150 152
150 153
150 156
150 160
150 163
150 167
150 169
150 188
150 189
150 199
150 203
150 207
150 212
150 214
150 224
151 5
151 7
151 8
151 9
151 10
151 11
151 12
151 20
151 21
151 22
151 23
151 32
151 33
151 35
151 43
151 46
151 49
151 55
151 60
151 61
151 74
151 87
151 89
151 90
151 92
151 94
151 95
151 104
151 110
151 113
151 115
151 130
151 134
151 139
151 140
151 143
151 147
151 154
151 157
151 159
151 160
151 163
151 164
151 168
151 176
151 178
151 179
151 183
151 185
151 186
151 188
151 189
151 191
151 194
151 195
151 197
151 213
151 216
151 217
151 221
152 15
152 18
152 26
152 27
152 28
152 31
152 45
152 52
152 53
152 56
152 60
152 71
152 76
152 90
152 117
152 118
152 120
152 122
152 125
152 140
152 141
152 142
152 144
152 153
152 154
152 155
152 156
152 157
152 162
152 164
152 167
152 169
152 170
152 172
152 179
152 182
152 185
152 192
152 196
152 208
152 212
152 217
152 221
153 2
153 4
153 28
153 29
153 37
153 38
153 43
153 46
153 48
153 51
153 61
153 66
153 67
153 70
153 75
153 79
153 81
153 92
153 94
153 98
153 99
153 100
153 101
153 116
153 117
153 118
153 122
153 137
153 138
153 147
153 151
153 155
153 156
153 165
153 166
153 167
153 170
153 175
153 179
153 184
153 185
153 190
153 194
153 201
153 203
153 208
153 215
153 224
154 1
154 22
154 23
154 26
154 27
154 33
154 47
154 49
154 58
154 59
154 65
154 73
154 87
154 95
154 114
154 119
154 121
154 124
154 136
154 142
154 143
154 158
154 163
154 165
154 168
154 170
154 171
154 172
154 174
154 176
154 186
154 207
154 210
154 214
154 217
154 224
155 4
155 10
155 12
155 13
155 14
155 41
155 42
155 58
155 64
155 70
155 73
155 87
155 88
155 92
155 95
155 103
155 119
155 126
155 127
155 128
155 130
155 143
155 147
155 148
155 156
155 160
155 192
155 194
155 195
155 202
155 204
155 206
155 211
155 219
156 4
156 5
156 7
156 11
156 19
156 28
156 34
156 35
156 39
156 42
156 43
156 56
156 60
156 67
156 68
156 79
156 83
156 86
156 87
156 90
156 98
156 100
156 104
156 112
156 115
156 119
156 122
156 130
156 134
156 155
156 162
156 166
156 169
156 171
156 182
156 185
156 186
156 188
156 190
156 194
156 196
156 203
156 210
156 216
156 221
157 2
157 5
157 6
157 20
157 27
157 32
157 34
157 38
157 41
157 43
157 54
157 56
157 63
157 74
157 80
157 83
157 101
157 107
157 113
157 114
157 115
157 119
157 133
157 134
157 137
157 138
157 145
157 149
157 156
157 161
157 175
157 182
157 184
157 187
157 191
157 206
157 212
157 215
157 222
157 224
158 4
158 8
158 11
158 13
158 20
158 23
158 24
158 26
158 27
158 28
158 35
158 38
158 42
158 43
158 49
158 51
158 57
158 58
158 60
158 67
158 68
158 71
158 75
158 84
158 89
158 97
158 99
158 104
158 105
158 108
158 109
158 111
158 113
158 123
158 131
158 137
158 147
158 149
158 155
158 168
158 174
158 177
158 181
158 183
158 184
158 188
158 190
158 194
158 200
158 204
158 210
158 213
158 216
158 220
159 4
159 8
159 12
159 16
159 20
159 26
159 34
159 35
159 45
159 53
159 54
159 55
159 59
159 72
159 96
159 100
159 102
159 108
159 109
159 113
159 114
159 121
159 130
159 133
159 137
159 138
159 141
159 142
159 145
159 171
159 177
159 180
159 199
159 206
159 210
159 213
159 216
160 5
160 7
160 10
160 25
160 27
160 47
160 51
160 55
160 56
160 60
160 65
160 69
160 74
160 76
160 79
160 89
160 103
160 104
160 111
160 120
160 124
160 130
160 133
160 146
160 149
160 150
160 157
160 161
160 162
160 164
160 170
160 179
160 180
160 187
160 198
160 208
160 214
160 216
161 2
161 6
161 12
161 13
161 17
161 22
161 37
161 45
161 51
161 56
161 58
161 65
161 67
161 74
161 76
161 92
161 93
161 94
161 98
161 111
161 114
161 116
161 120
161 122
161 123
161 125
161 127
161 129
161 132
161 133
161 135
161 138
161 141
161 143
161 150
161 153
161 154
161 162
161 163
161 165
161 168
161 170
161 172
161 175
161 176
161 179
161 180
161 183
161 188
161 208
161 210
161 211
161 213
161 221
162 0
162 6
162 14
162 19
162 20
162 31
162 35
162 42
162 43
162 49
162 50
162 53
162 54
162 63
162 64
162 70
162 75
162 76
162 84
162 87
162 90
162 96
162 107
162 111
162 113
162 117
162 138
162 145
162 146
162 147
162 149
162 151
162 161
162 184
162 195
162 197
162 199
162 206
162 210
162 212
162 215
162 219
163 5
163 11
163 12
163 15
163 19
163 26
163 40
163 44
163 49
163 56
163 57
163 58
163 63
163 66
163 76
163 80
163 90
163 91
163 92
163 93
163 94
163 113
163 122
163 127
163 129
163 133
163 134
163 143
163 155
163 156
163 162
163 164
163 166
163 173
163 178
163 184
163 186
163 187
163 188
163 191
163 196
163 205
163 213
164 0
164 1
164 17
164 24
164 39
164 41
164 42
164 46
164 47
164 49
164 52
164 54
164 58
164 62
164 63
164 64
164 67
164 87
164 89
164 92
164 102
164 110
164 116
164 118
164 120
164 128
164 129
164 135
164 144
164 147
164 148
164 150
164 154
164 162
164 166
164 167
164 174
164 175
164 178
164 181
164 182
164 187
164 194
164 198
164 200
164 204
164 208
164 220
165 7
165 8
165 11
165 12
165 20
165 22
165 39
165 40
165 43
165 47
165 49
165 58
165 59
165 68
165 69
165 74
165 77
165 89
165 92
165 98
165 118
165 131
165 139
165 159
165 161
165 167
165 170
165 187
165 191
165 195
165 204
165 206
165 207
165 208
165 209
165 212
165 217
165 221
166 1
166 15
166 19
166 23
166 26
166 29
166 30
166 41
166 47
166 58
166 77
166 83
166 84
166 86
166 99
166 103
166 105
166 113
166 117
166 123
166 126
166 130
166 133
166 135
166 137
166 138
166 141
166 144
166 170
166 175
166 177
166 182
166 188
166 190
166 192
166 193
166 198
166 213
166 223
166 224
167 0
167 10
167 15
167 25
167 27
167 31
167 40
167 41
167 55
167 58
167 61
167 72
167 76
167 77
167 81
167 84
167 85
167 91
167 93
167 97
167 100
167 109
167 120
167 125
167 133
167 134
167 136
167 144
167 146
167 163
167 166
167 168
167 176
167 186
167 187
167 188
167 194
167 199
167 202
167 211
167 212
168 11
168 16
168 23
168 25
168 28
168 42
168 44
168 47
168 53
168 56
168 60
168 62
168 63
168 66
168 67
168 80
168 87
168 102
168 104
168 108
168 124
168 129
168 131
168 134
168 136
168 137
168 143
168 154
168 156
168 164
168 179
168 184
168 185
168 187
168 188
168 190
168 193
168 196
168 200
168 203
168 204
168 211
168 220
169 6
169 13
169 16
169 19
169 21
169 22
169 26
169 27
169 32
169 34
169 42
169 44
169 45
169 47
169 49
169 51
169 57
169 64
169 70
169 77
169 83
169 88
169 97
169 102
169 107
169 113
169 123
169 139
169 150
169 151
169 154
169 162
169 163
169 164
169 167
169 181
169 193
169 214
169 221
170 3
170 4
170 9
170 31
170 33
170 36
170 37
170 43
170 47
170 48
170 68
170 81
170 84
170 93
170 97
170 102
170 105
170 116
170 120
170 123
170 128
170 132
170 134
170 137
170 139
170 152
170 155
170 161
170 162
170 165
170 171
170 175
170 176
170 179
170 180
170 184
170 189
170 202
170 208
170 210
170 211
170 213
171 0
171 10
171 14
171 20
171 25
171 29
171 33
171 51
171 60
171 61
171 67
171 71
171 72
171 75
171 79
171 83
171 88
171 90
171 94
171 95
171 96
171 98
171 101
171 108
171 117
171 118
171 130
171 142
171 145
171 149
171 151
171 165
171 177
171 178
171 179
171 180
171 187
171 191
171 195
171 200
171 201
171 209
171 210
171 213
171 215
171 219
171 223
172 4
172 5
172 21
172 25
172 30
172 44
172 47
172 49
172 65
172 74
172 77
172 82
172 84
172 90
172 100
172 106
172 123
172 134
172 136
172 138
172 143
172 146
172 147
172 152
172 154
172 156
172 175
172 179
172 180
172 181
172 184
172 185
172 189
172 190
172 193
172 199
172 200
172 204
172 208
172 215
173 2
173 3
173 12
173 30
173 34
173 35
173 37
173 44
173 45
173 49
173 60
173 61
173 64
173 65
173 68
173 69
173 71
173 80
173 82
173 83
173 87
173 94
173 95
173 99
173 106
173 107
173 110
173 114
173 115
173 118
173 122
173 123
173 124
173 126
173 131
173 141
173 147
173 158
173 168
173 184
173 186
173 187
173 188
173 193
173 195
173 196
173 204
173 208
173 218
174 8
174 15
174 18
174 22
174 23
174 24
174 25
174 27
174 29
174 31
174 33
174 38
174 41
174 42
174 46
174 52
174 54
174 63
174 65
174 66
174 68
174 78
174 86
174 89
174 100
174 114
174 123
174 124
174 131
174 132
174 134
174 135
174 144
174 146
174 147
174 155
174 162
174 173
174 175
174 176
174 182
174 186
174 199
174 201
174 202
174 214
174 218
174 221
174 223
175 4
175 6
175 7
175 10
175 13
175 14
175 15
175 18
175 21
175 25
175 31
175 35
175 36
175 48
175 49
175 71
175 72
175 78
175 79
175 88
175 91
175 101
175 103
175 109
175 119
175 140
175 141
175 145
175 148
175 150
175 156
175 158
175 159
175 162
175 170
175 178
175 181
175 183
175 185
175 191
175 195
175 197
175 206
175 212
175 218
176 6
176 10
176 18
176 20
176 21
176 22
176 29
176 30
176 31
176 38
176 41
176 48
176 49
176 53
176 55
176 56
176 61
176 62
176 64
176 67
176 68
176 71
176 72
176 75
176 76
176 82
176 85
176 89
176 92
176 94
176 97
176 113
176 123
176 125
176 127
176 129
176 139
176 141
176 143
176 149
176 150
176 151
176 152
176 160
176 163
176 172
176 187
176 192
176 193
176 195
176 196
176 202
176 203
176 205
176 206
176 209
176 213
176 219
176 221
177 2
177 13
177 17
177 20
177 33
177 46
177 49
177 55
177 56
177 67
177 68
177 72
177 73
177 78
177 79
177 83
177 85
177 89
177 97
177 99
177 102
177 107
177 108
177 112
177 117
177 119
177 128
177 142
177 144
177 145
177 146
177 156
177 165
177 167
177 169
177 173
177 179
177 193
177 195
177 205
177 218
177 220
177 222
178 1
178 2
178 5
178 8
178 21
178 25
178 26
178 27
178 57
178 70
178 76
178 79
178 83
178 87
178 91
178 97
178 107
178 109
178 111
178 128
178 135
178 140
178 157
178 168
178 170
178 174
178 179
178 182
178 204
178 209
178 210
178 213
178 217
178 224
179 2
179 5
179 10
179 11
179 19
179 28
179 29
179 31
179 33
179 35
179 40
179 41
179 52
179 53
179 54
179 63
179 64
179 73
179 75
179 77
179 86
179 88
179 89
179 96
179 104
179 105
179 106
179 107
179 112
179 114
179 116
179 125
179 132
179 135
179 144
179 150
179 154
179 155
179 156
179 158
179 160
179 171
179 172
179 183
179 191
179 192
179 195
179 201
179 206
179 213
179 216
179 218
180 2
180 3
180 5
180 13
180 16
180 21
180 25
180 27
180 32
180 34
180 36
180 38
180 44
180 48
180 53
180 56
180 59
180 61
180 65
180 78
180 79
180 88
180 92
180 95
180 98
180 99
180 104
180 108
180 112
180 114
180 133
180 140
180 143
180 146
180 147
180 148
180 150
180 153
180 156
180 159
180 163
180 168
180 171
180 184
180 189
180 193
180 202
180 209
180 215
181 6
181 10
181 13
181 21
181 23
181 25
181 27
181 28
181 38
181 42
181 52
181 57
181 61
181 67
181 69
181 74
181 82
181 88
181 91
181 101
181 109
181 119
181 121
181 122
181 126
181 132
181 136
181 137
181 138
181 141
181 144
181 148
181 164
181 168
181 175
181 180
181 184
181 193
181 194
181 195
181 196
181 204
181 206
181 209
181 210
181 213
181 218
181 221
181 223
181 224
182 5
182 15
182 24
182 26
182 28
182 31
182 33
182 34
182 36
182 49
182 51
182 54
182 58
182 66
182 71
182 72
182 84
182 85
182 89
182 91
182 100
182 113
182 143
182 145
182 152
182 156
182 157
182 159
182 162
182 164
182 166
182 171
182 178
182 181
182 191
182 202
182 206
182 208
182 214
182 221
182 223
183 2
183 8
183 21
183 22
183 24
183 33
183 38
183 61
183 67
183 70
183 72
183 76
183 86
183 95
183 96
183 100
183 106
183 107
183 109
183 113
183 115
183 116
183 119
183 124
183 131
183 133
183 144
183 146
183 148
183 152
183 159
183 161
183 170
183 173
183 174
183 182
183 187
183 197
183 198
183 207
183 209
183 212
183 214
183 220
184 2
184 5
184 7
184 10
184 11
184 31
184 32
184 33
184 35
184 44
184 49
184 51
184 63
184 74
184 84
184 90
184 98
184 107
184 123
184 135
184 140
184 151
184 154
184 167
184 168
184 174
184 175
184 183
184 191
184 199
184 208
184 213
184 218
184 220
184 222
184 224
185 3
185 8
185 9
185 13
185 16
185 22
185 29
185 35
185 39
185 47
185 48
185 66
185 69
185 71
185 74
185 76
185 81
185 82
185 83
185 85
185 89
185 90
185 93
185 96
185 100
185 105
185 109
185 111
185 116
185 118
185 121
185 122
185 124
185 130
185 132
185 134
185 141
185 151
185 153
185 155
185 157
185 162
185 166
185 184
185 186
185 190
185 193
185 196
185 204
185 211
185 218
186 4
186 12
186 16
186 44
186 50
186 53
186 63
186 66
186 70
186 76
186 81
186 85
186 99
186 104
186 108
186 121
186 142
186 147
186 150
186 162
186 163
186 178
186 197
186 201
186 204
186 207
186 215
186 221
186 223
187 2
187 6
187 7
187 9
187 13
187 15
187 23
187 30
187 50
187 54
187 55
187 66
187 67
187 68
187 71
187 72
187 73
187 77
187 93
187 95
187 102
187 106
187 108
187 112
187 124
187 126
187 129
187 134
187 136
187 144
187 146
187 151
187 158
187 161
187 163
187 164
187 168
187 180
187 198
187 203
187 206
187 207
187 212
187 213
187 224
188 0
188 8
188 11
188 13
188 21
188 23
188 29
188 31
188 35
188 39
188 47
188 54
188 56
188 59
188 61
188 64
188 87
188 89
188 91
188 96
188 101
188 104
188 114
188 117
188 137
188 138
188 140
188 150
188 152
188 158
188 159
188 166
188 167
188 168
188 172
188 174
188 193
188 197
188 199
188 205
188 207
188 209
188 214
188 220
189 0
189 8
189 14
189 15
189 17
189 19
189 22
189 23
189 27
189 29
189 30
189 38
189 54
189 61
189 72
189 75
189 76
189 89
189 96
189 100
189 101
189 120
189 121
189 124
189 125
189 131
189 141
189 144
189 153
189 157
189 158
189 160
189 165
189 166
189 176
189 183
189 188
189 209
189 218
189 220
189 221
189 223
189 224
190 1
190 6
190 7
190 8
190 11
190 13
190 15
190 17
190 21
190 22
190 24
190 39
190 47
190 48
190 51
190 52
190 53
190 55
190 65
190 68
190 69
190 71
190 78
190 79
190 85
190 87
190 92
190 95
190 97
190 102
190 109
190 117
190 119
190 122
190 125
190 132
190 141
190 143
190 148
190 149
190 157
190 160
190 164
190 166
190 170
190 181
190 186
190 191
190 193
190 194
190 195
190 198
190 202
190 214
190 217
190 220
191 2
191 3
191 6
191 12
191 13
191 16
191 18
191 25
191 33
191 38
191 40
191 43
191 48
191 56
191 60
191 61
191 66
191 69
191 71
191 72
191 75
191 85
191 87
191 94
191 106
191 111
191 112
191 119
191 124
191 128
191 135
191 149
191 150
191 160
191 161
191 163
191 169
191 170
191 171
191 173
191 174
191 177
191 183
191 189
191 192
191 194
191 196
191 198
191 201
191 214
191 219
191 224
192 4
192 11
192 16
192 19
192 24
192 28
192 34
192 37
192 39
192 41
192 43
192 53
192 55
192 63
192 65
192 68
192 71
192 73
192 76
192 85
192 100
192 102
192 106
192 107
192 108
192 112
192 113
192 123
192 134
192 136
192 137
192 138
192 143
192 145
192 147
192 151
192 152
192 159
192 167
192 169
192 170
192 174
192 178
192 190
192 195
192 197
192 200
192 201
192 207
192 211
192 212
192 216
192 217
192 219
193 5
193 14
193 16
193 18
193 24
193 39
193 40
193 50
193 62
193 69
193 71
193 72
193 101
193 108
193 113
193 120
193 122
193 126
193 133
193 136
193 137
193 138
193 145
193 151
193 164
193 186
193 188
193 197
193 204
193 212
193 222
193 223
194 15
194 21
194 27
194 30
194 32
194 34
194 40
194 41
194 47
194 50
194 58
194 59
194 62
194 64
194 66
194 68
194 75
194 88
194 100
194 104
194 106
194 107
194 114
194 118
194 124
194 131
194 137
194 139
194 141
194 145
194 151
194 157
194 161
194 162
194 164
194 166
194 174
194 182
194 187
194 189
194 195
194 203
194 208
194 210
194 212
194 215
194 216
194 218
194 221
194 222
195 0
195 6
195 7
195 35
195 40
195 44
195 48
195 49
195 62
195 64
195 67
195 68
195 73
195 77
195 80
195 89
195 93
195 99
195 101
195 112
195 114
195 116
195 118
195 127
195 130
195 134
195 140
195 163
195 164
195 166
195 183
195 204
195 207
195 209
195 211
195 212
195 213
195 223
196 7
196 9
196 14
196 25
196 27
196 29
196 30
196 32
196 40
196 50
196 56
196 62
196 64
196 67
196 74
196 76
196 83
196 87
196 92
196 98
196 101
196 107
196 109
196 112
196 113
196 115
196 123
196 125
196 126
196 132
196 137
196 139
196 144
196 145
196 149
196 153
196 155
196 163
196 164
196 166
196 170
196 175
196 179
196 180
196 186
196 198
196 201
196 206
196 214
196 220
197 2
197 6
197 8
197 13
197 16
197 21
197 22
197 24
197 35
197 37
197 40
197 45
197 51
197 58
197 62
197 71
197 72
197 73
197 74
197 78
197 79
197 89
197 91
197 93
197 96
197 103
197 104
197 108
197 121
197 130
197 132
197 134
197 159
197 163
197 166
197 176
197 186
197 196
197 200
197 201
197 208
197 211
197 219
198 15
198 37
198 38
198 44
198 49
198 59
198 60
198 66
198 69
198 70
198 71
198 76
198 84
198 89
198 91
198 94
198 97
198 103
198 109
198 115
198 118
198 137
198 140
198 144
198 146
198 168
198 169
198 170
198 171
198 178
198 187
198 189
198 193
198 196
198 197
198 201
198 202
198 216
198 220
199 2
199 4
199 10
199 12
199 13
199 14
199 18
199 19
199 26
199 28
199 37
199 39
199 44
199 47
199 49
199 51
199 60
199 63
199 69
199 71
199 73
199 74
199 80
199 87
199 90
199 97
199 100
199 101
199 102
199 107
199 123
199 124
199 127
199 138
199 146
199 151
199 160
199 161
199 162
199 163
199 175
199 185
199 192
199 194
199 195
199 204
199 207
199 213
199 216
199 218
200 3
200 8
200 14
200 15
200 17
200 21
200 31
200 37
200 38
200 42
200 46
200 50
200 54
200 63
200 69
200 70
200 72
200 89
200 90
200 95
200 105
200 110
200 111
200 124
200 127
200 132
200 144
200 149
200 152
200 155
200 156
200 160
200 161
200 163
200 168
200 177
200 181
200 184
200 185
200 190
200 194
200 203
200 205
200 206
200 222
201 4
201 9
201 13
201 15
201 23
201 25
201 27
201 28
201 31
201 33
201 49
201 50
201 60
201 61
201 64
201 66
201 70
201 75
201 77
201 83
201 84
201 90
201 106
201 110
201 117
201 118
201 129
201 130
201 134
201 144
201 147
201 148
201 150
201 155
201 161
201 163
201 165
201 171
201 175
201 177
201 193
201 197
201 198
201 206
201 212
201 215
201 223
202 11
202 13
202 15
202 27
202 35
202 37
202 38
202 43
202 45
202 47
202 56
202 59
202 66
202 73
202 78
202 84
202 87
202 89
202 92
202 94
202 99
202 103
202 119
202 121
202 122
202 123
202 152
202 154
202 163
202 166
202 183
202 185
202 187
202 193
202 198
202 203
202 205
202 206
202 209
202 210
202 211
202 214
202 217
202 220
203 4
203 6
203 7
203 10
203 21
203 27
203 28
203 36
203 37
203 38
203 43
203 45
203 53
203 56
203 62
203 89
203 93
203 94
203 99
203 102
203 110
203 111
203 114
203 125
203 128
203 130
203 133
203 135
203 137
203 138
203 140
203 148
203 153
203 154
203 155
203 160
203 166
203 172
203 174
203 175
203 182
203 189
203 193
203 204
203 212
203 220
204 6
204 7
204 8
204 11
204 14
204 16
204 18
204 19
204 20
204 23
204 25
204 28
204 32
204 45
204 47
204 48
204 57
204 62
204 64
204 71
204 72
204 76
204 77
204 79
204 83
204 90
204 94
204 95
204 99
204 105
204 108
204 109
204 121
204 123
204 131
204 134
204 135
204 137
204 160
204 161
204 162
204 163
204 165
204 166
204 167
204 168
204 169
204 175
204 181
204 184
204 199
204 206
204 207
204 210
204 211
204 212
204 214
204 216
205 1
205 10
205 17
205 22
205 23
205 24
205 25
205 32
205 33
205 36
205 38
205 44
205 47
205 51
205 53
205 54
205 72
205 85
205 86
205 90
205 92
205 102
205 103
205 105
205 123
205 125
205 128
205 132
205 144
205 148
205 159
205 166
205 167
205 168
205 170
205 174
205 180
205 181
205 184
205 188
205 190
205 191
205 193
205 196
205 199
205 202
205 203
205 208
205 214
205 222
205 223
205 224
206 2
206 3
206 4
206 18
206 22
206 40
206 41
206 58
206 61
206 67
206 72
206 78
206 80
206 86
206 87
206 97
206 100
206 101
206 112
206 113
206 116
206 117
206 128
206 132
206 139
206 141
206 145
206 146
206 155
206 157
206 166
206 174
206 178
206 182
206 184
206 188
206 190
206 193
206 194
206 199
206 200
206 204
206 207
206 224
207 0
207 16
207 17
207 22
207 26
207 27
207 33
207 34
207 38
207 43
207 47
207 55
207 61
207 65
207 66
207 73
207 77
207 82
207 89
207 90
207 96
207 103
207 104
207 107
207 114
207 123
207 127
207 134
207 136
207 140
207 142
207 143
207 155
207 156
207 163
207 170
207 174
207 177
207 178
207 186
207 187
207 190
207 199
207 200
207 203
207 208
207 212
207 220
207 223
208 8
208 19
208 22
208 26
208 27
208 34
208 40
208 41
208 44
208 55
208 57
208 63
208 71
208 74
208 75
208 76
208 79
208 85
208 86
208 92
208 96
208 104
208 110
208 113
208 121
208 127
208 129
208 131
208 134
208 144
208 145
208 150
208 162
208 165
208 166
208 178
208 179
208 183
208 194
208 198
208 203
208 209
208 213
208 214
208 217
209 1
209 6
209 13
209 17
209 24
209 35
209 41
209 49
209 53
209 59
209 64
209 66
209 71
209 77
209 81
209 86
209 92
209 102
209 114
209 118
209 121
209 125
209 138
209 139
209 142
209 147
209 151
209 169
209 175
209 177
209 182
209 192
209 200
209 213
210 8
210 10
210 13
210 22
210 24
210 33
210 37
210 49
210 52
210 54
210 55
210 70
210 75
210 76
210 85
210 90
210 94
210 95
210 96
210 97
210 101
210 107
210 117
210 119
210 120
210 121
210 132
210 133
210 137
210 141
210 142
210 144
210 145
210 153
210 159
210 166
210 168
210 187
210 197
210 203
210 204
210 211
210 212
210 219
210 221
210 224
211 2
211 11
211 15
211 19
211 28
211 36
211 40
211 42
211 46
211 47
211 62
211 67
211 72
211 78
211 92
211 95
211 96
211 97
211 104
211 116
211 130
211 134
211 135
211 136
211 139
211 142
211 143
211 153
211 161
211 163
211 165
211 171
211 176
211 179
211 182
211 193
211 204
211 206
211 208
211 214
211 224
212 11
212 19
212 24
212 27
212 30
212 32
212 38
212 39
212 50
212 53
212 58
212 59
212 67
212 70
212 74
212 77
212 81
212 82
212 83
212 84
212 93
212 109
212 110
212 114
212 118
212 122
212 126
212 131
212 132
212 133
212 135
212 142
212 143
212 145
212 157
212 161
212 162
212 165
212 167
212 170
212 174
212 175
212 178
212 179
212 183
212 191
212 198
212 211
213 14
213 21
213 28
213 34
213 37
213 39
213 40
213 47
213 53
213 56
213 57
213 60
213 62
213 67
213 68
213 69
213 70
213 84
213 89
213 104
213 119
213 122
213 123
213 125
213 127
213 128
213 134
213 136
213 150
213 152
213 154
213 162
213 166
213 170
213 176
213 186
213 188
213 193
213 194
213 196
213 197
213 198
213 207
213 210
213 211
213 216
213 224
214 8
214 11
214 23
214 26
214 40
214 42
214 43
214 46
214 47
214 50
214 55
214 61
214 67
214 69
214 87
214 88
214 90
214 93
214 95
214 106
214 108
214 114
214 115
214 116
214 121
214 125
214 130
214 131
214 148
214 150
214 151
214 156
214 161
214 162
214 163
214 164
214 166
214 167
214 170
214 178
214 181
214 185
214 186
214 191
214 195
214 196
214 199
214 202
214 205
214 213
214 215
214 218
214 221
215 0
215 1
215 2
215 3
215 24
215 29
215 31
215 36
215 40
215 54
215 61
215 63
215 64
215 65
215 68
215 73
215 81
215 82
215 83
215 89
215 91
215 92
215 93
215 99
215 102
215 103
215 106
215 107
215 108
215 109
215 112
215 115
215 116
215 124
215 125
215 128
215 138
215 139
215 151
215 153
215 160
215 171
215 172
215 173
215 177
215 181
215 183
215 188
215 198
215 203
215 208
215 209
215 210
215 218
215 221
216 19
216 26
216 29
216 30
216 37
216 41
216 46
216 49
216 56
216 59
216 63
216 64
216 66
216 74
216 86
216 87
216 93
216 112
216 113
216 114
216 115
216 118
216 133
216 134
216 136
216 138
216 142
216 151
216 187
216 188
216 194
216 202
216 204
216 208
216 212
216 219
216 222
217 0
217 10
217 22
217 26
217 32
217 34
217 35
217 46
217 53
217 55
217 56
217 64
217 76
217 92
217 106
217 112
217 113
217 114
217 119
217 136
217 138
217 140
217 144
217 145
217 147
217 152
217 156
217 157
217 162
217 188
217 192
217 196
217 201
217 204
217 210
217 211
217 212
217 214
217 219
217 223
218 0
218 2
218 11
218 12
218 15
218 18
218 27
218 29
218 32
218 35
218 36
218 43
218 47
218 65
218 70
218 77
218 78
218 80
218 85
218 101
218 106
218 108
218 111
218 113
218 116
218 127
218 130
218 143
218 145
218 150
218 152
218 154
218 167
218 176
218 192
218 198
218 201
218 208
218 215
218 217
218 221
218 223
219 1
219 9
219 12
219 13
219 24
219 26
219 29
219 31
219 52
219 61
219 72
219 76
219 85
219 86
219 94
219 102
219 118
219 123
219 125
219 131
219 133
219 138
219 147
219 148
219 155
219 161
219 162
219 164
219 168
219 169
219 170
219 172
219 178
219 180
219 182
219 192
219 195
219 196
219 198
219 204
219 207
219 210
219 211
219 212
219 214
219 216
219 222
219 223
220 0
220 9
220 10
220 11
220 16
220 23
220 25
220 29
220 36
220 46
220 48
220 55
220 59
220 63
220 69
220 81
220 82
220 84
220 85
220 89
220 92
220 103
220 104
220 105
220 106
220 107
220 116
220 133
220 140
220 145
220 162
220 174
220 179
220 186
220 187
220 191
220 197
220 202
220 203
220 205
220 210
220 212
220 217
220 224
221 4
221 6
221 20
221 21
221 23
221 24
221 35
221 36
221 56
221 72
221 83
221 84
221 86
221 91
221 96
221 97
221 100
221 104
221 108
221 109
221 112
221 128
221 146
221 147
221 159
221 175
221 179
221 182
221 195
221 206
221 207
221 209
221 210
221 212
221 215
221 220
222 0
222 3
222 9
222 13
222 23
222 35
222 50
222 53
222 55
222 63
222 85
222 90
222 104
222 113
222 114
222 117
222 122
222 130
222 134
222 136
222 137
222 138
222 139
222 143
222 149
222 151
222 152
222 158
222 159
222 160
222 161
222 163
222 171
222 172
222 183
222 186
222 187
222 189
222 192
222 207
222 212
222 213
223 9
223 16
223 17
223 18
223 28
223 43
223 46
223 54
223 61
223 68
223 73
223 75
223 79
223 80
223 81
223 97
223 109
223 114
223 126
223 128
223 133
223 134
223 137
223 139
223 143
223 145
223 148
223 153
223 159
223 167
223 168
223 175
223 178
223 189
223 202
223 203
223 205
223 209
223 213
223 221
224 12
224 23
224 26
224 28
224 30
224 39
224 41
224 44
224 49
224 55
224 62
224 67
224 77
224 86
224 94
224 108
224 120
224 134
224 136
224 146
224 147
224 157
224 169
224 177
224 181
224 185
224 187
224 189
224 190
224 197
224 198
224 206
224 209
224 212
224 219
