210
0 1
0 4
0 6
0 20
0 21
0 26
0 35
0 39
0 41
0 43
0 44
0 60
0 66
0 74
0 76
0 80
0 81
0 86
0 87
0 88
0 97
0 98
0 100
0 101
0 109
0 112
0 114
0 116
0 130
0 138
0 146
0 150
0 151
0 157
0 163
0 165
0 169
0 171
0 173
0 174
0 179
0 183
0 185
1 5
1 6
1 8
1 10
1 12
1 14
1 16
1 24
1 25
1 30
1 35
1 36
1 42
1 45
1 47
1 51
1 59
1 62
1 64
1 67
1 74
1 78
1 80
1 87
1 97
1 98
1 101
1 105
1 106
1 109
1 111
1 118
1 119
1 124
1 126
1 131
1 138
1 140
1 142
1 149
1 154
1 155
1 160
1 161
1 174
1 176
1 192
1 195
1 199
1 201
1 205
1 207
2 3
2 7
2 13
2 16
2 17
2 24
2 25
2 29
2 34
2 35
2 41
2 43
2 52
2 57
2 65
2 70
2 72
2 73
2 80
2 93
2 96
2 112
2 113
2 119
2 120
2 121
2 124
2 131
2 132
2 138
2 143
2 151
2 154
2 164
2 169
2 177
2 180
2 183
2 185
2 187
2 189
2 190
2 193
2 204
2 205
2 207
3 1
3 5
3 7
3 20
3 37
3 42
3 46
3 54
3 61
3 64
3 65
3 71
3 73
3 75
3 84
3 85
3 94
3 96
3 106
3 128
3 131
3 138
3 140
3 141
3 143
3 145
3 147
3 152
3 154
3 166
3 167
3 171
3 173
3 178
3 183
3 186
3 201
3 205
3 206
3 208
3 209
4 27
4 38
4 53
4 54
4 62
4 70
4 83
4 85
4 86
4 89
4 90
4 92
4 97
4 100
4 105
4 106
4 113
4 117
4 118
4 124
4 125
4 128
4 130
4 131
4 144
4 152
4 156
4 157
4 164
4 165
4 172
4 174
4 183
4 199
4 204
5 0
5 1
5 6
5 12
5 13
5 15
5 20
5 24
5 27
5 36
5 43
5 45
5 53
5 56
5 58
5 64
5 69
5 72
5 80
5 88
5 91
5 94
5 98
5 106
5 109
5 110
5 112
5 116
5 120
5 123
5 124
5 126
5 127
5 139
5 145
5 146
5 151
5 158
5 165
5 173
5 174
5 191
5 200
5 206
5 208
6 2
6 5
6 8
6 11
6 12
6 17
6 19
6 22
6 23
6 29
6 31
6 37
6 38
6 46
6 53
6 62
6 68
6 69
6 75
6 88
6 90
6 94
6 95
6 97
6 98
6 107
6 109
6 115
6 119
6 123
6 124
6 139
6 141
6 161
6 163
6 168
6 169
6 170
6 172
6 175
6 176
6 182
6 195
6 196
6 199
6 202
6 205
6 206
6 207
6 209
7 0
7 13
7 18
7 25
7 35
7 38
7 46
7 50
7 54
7 56
7 57
7 59
7 66
7 69
7 80
7 93
7 94
7 99
7 103
7 114
7 130
7 131
7 133
7 165
7 167
7 168
7 169
7 173
7 175
7 178
7 182
7 193
8 6
8 10
8 15
8 16
8 24
8 37
8 42
8 47
8 49
8 63
8 66
8 72
8 74
8 82
8 85
8 90
8 95
8 98
8 100
8 102
8 107
8 108
8 110
8 114
8 116
8 121
8 123
8 134
8 136
8 138
8 144
8 146
8 158
8 160
8 169
8 171
8 172
8 175
8 176
8 178
8 185
8 191
8 193
8 197
8 200
8 206
9 0
9 2
9 7
9 15
9 19
9 21
9 32
9 41
9 44
9 45
9 48
9 49
9 61
9 63
9 68
9 69
9 71
9 72
9 75
9 82
9 85
9 87
9 103
9 107
9 110
9 115
9 116
9 121
9 124
9 126
9 143
9 144
9 151
9 152
9 153
9 154
9 158
9 159
9 160
9 163
9 169
9 177
9 180
9 183
9 190
9 207
10 2
10 26
10 32
10 33
10 35
10 44
10 50
10 53
10 55
10 58
10 59
10 71
10 72
10 73
10 74
10 83
10 102
10 103
10 121
10 131
10 133
10 134
10 136
10 149
10 150
10 153
10 155
10 161
10 170
10 171
10 172
10 176
10 180
10 185
10 198
10 200
11 0
11 1
11 12
11 15
11 29
11 33
11 34
11 37
11 43
11 46
11 47
11 53
11 57
11 64
11 69
11 73
11 74
11 76
11 88
11 102
11 107
11 108
11 109
11 114
11 115
11 131
11 144
11 151
11 152
11 155
11 166
11 172
11 174
11 181
11 182
11 187
11 190
11 192
11 199
11 201
11 205
12 3
12 9
12 10
12 11
12 20
12 33
12 35
12 42
12 44
12 48
12 51
12 52
12 62
12 63
12 70
12 75
12 78
12 79
12 95
12 105
12 107
12 114
12 116
12 120
12 127
12 129
12 133
12 136
12 137
12 141
12 143
12 146
12 152
12 153
12 159
12 161
12 168
12 170
12 171
12 172
12 178
12 181
12 186
12 188
12 190
12 198
12 207
13 2
13 8
13 19
13 28
13 31
13 33
13 34
13 40
13 42
13 45
13 49
13 51
13 62
13 67
13 71
13 76
13 85
13 87
13 90
13 95
13 96
13 103
13 105
13 106
13 108
13 115
13 123
13 126
13 136
13 138
13 140
13 142
13 151
13 157
13 160
13 161
13 170
13 171
13 180
13 185
13 195
13 197
13 201
13 203
13 206
13 207
14 5
14 8
14 9
14 11
14 13
14 15
14 23
14 30
14 36
14 49
14 51
14 53
14 56
14 61
14 72
14 81
14 85
14 92
14 100
14 103
14 109
14 114
14 120
14 128
14 134
14 138
14 145
14 150
14 151
14 153
14 155
14 157
14 158
14 164
14 167
14 168
14 170
14 180
14 181
14 190
14 193
14 194
14 197
14 199
14 206
14 207
14 208
14 209
15 0
15 2
15 4
15 8
15 9
15 17
15 25
15 38
15 42
15 43
15 46
15 47
15 60
15 64
15 66
15 67
15 70
15 75
15 77
15 78
15 79
15 87
15 88
15 89
15 93
15 96
15 100
15 106
15 112
15 127
15 134
15 137
15 140
15 141
15 142
15 143
15 144
15 149
15 153
15 159
15 166
15 169
15 179
15 189
15 197
15 204
15 206
16 3
16 5
16 7
16 13
16 21
16 43
16 45
16 50
16 51
16 55
16 56
16 59
16 69
16 81
16 89
16 90
16 92
16 99
16 107
16 111
16 112
16 113
16 115
16 127
16 134
16 135
16 139
16 153
16 155
16 165
16 172
16 179
16 180
16 184
16 188
16 195
16 200
16 203
16 209
17 0
17 1
17 11
17 18
17 21
17 24
17 25
17 26
17 37
17 41
17 44
17 46
17 51
17 52
17 53
17 58
17 64
17 67
17 69
17 71
17 74
17 75
17 76
17 79
17 86
17 93
17 99
17 103
17 104
17 106
17 109
17 112
17 115
17 121
17 136
17 143
17 145
17 147
17 150
17 156
17 163
17 164
17 168
17 172
17 173
17 176
17 180
17 184
17 185
17 188
17 191
17 200
17 205
17 207
18 7
18 12
18 19
18 22
18 25
18 45
18 46
18 47
18 49
18 60
18 61
18 70
18 72
18 91
18 96
18 104
18 106
18 111
18 112
18 118
18 120
18 122
18 125
18 126
18 130
18 132
18 134
18 137
18 147
18 150
18 151
18 158
18 164
18 168
18 169
18 173
18 175
18 176
18 182
18 193
18 199
18 200
18 201
18 203
18 208
19 3
19 8
19 9
19 15
19 29
19 30
19 32
19 34
19 47
19 54
19 58
19 60
19 63
19 66
19 68
19 75
19 76
19 78
19 94
19 99
19 102
19 108
19 109
19 112
19 115
19 117
19 118
19 120
19 142
19 152
19 153
19 158
19 160
19 163
19 164
19 169
19 170
19 179
19 183
19 184
19 186
19 197
20 1
20 3
20 9
20 10
20 17
20 19
20 32
20 33
20 37
20 39
20 49
20 52
20 63
20 64
20 69
20 74
20 76
20 89
20 90
20 92
20 95
20 96
20 104
20 105
20 108
20 114
20 122
20 128
20 133
20 135
20 136
20 137
20 140
20 141
20 145
20 173
20 186
20 194
20 195
20 197
20 199
20 201
20 203
20 207
20 208
21 3
21 11
21 18
21 23
21 28
21 30
21 31
21 39
21 52
21 55
21 69
21 73
21 75
21 81
21 85
21 87
21 93
21 106
21 122
21 128
21 133
21 143
21 145
21 147
21 157
21 163
21 169
21 171
21 173
21 178
21 179
21 184
21 185
21 188
21 199
21 202
22 2
22 3
22 6
22 20
22 29
22 33
22 53
22 66
22 71
22 72
22 73
22 77
22 81
22 90
22 97
22 102
22 104
22 105
22 115
22 116
22 117
22 127
22 134
22 137
22 146
22 149
22 151
22 158
22 161
22 174
22 182
22 192
22 194
22 196
22 198
22 199
22 209
23 1
23 6
23 11
23 14
23 17
23 30
23 33
23 36
23 43
23 55
23 56
23 58
23 64
23 72
23 80
23 83
23 85
23 86
23 100
23 102
23 107
23 112
23 119
23 124
23 129
23 133
23 138
23 143
23 148
23 152
23 174
23 176
23 181
23 186
23 193
23 197
23 202
24 1
24 12
24 19
24 22
24 31
24 44
24 49
24 51
24 53
24 54
24 55
24 63
24 64
24 67
24 72
24 76
24 79
24 81
24 84
24 85
24 90
24 93
24 96
24 107
24 127
24 132
24 141
24 143
24 144
24 146
24 154
24 162
24 167
24 173
24 174
24 177
24 187
24 195
25 4
25 14
25 18
25 21
25 26
25 36
25 41
25 42
25 43
25 57
25 58
25 61
25 63
25 64
25 70
25 82
25 94
25 100
25 102
25 103
25 112
25 115
25 122
25 131
25 132
25 135
25 136
25 147
25 166
25 170
25 184
25 189
25 195
25 198
25 199
25 203
25 205
26 0
26 3
26 8
26 10
26 28
26 32
26 33
26 39
26 40
26 45
26 61
26 68
26 76
26 83
26 97
26 102
26 103
26 106
26 107
26 109
26 114
26 116
26 117
26 122
26 124
26 128
26 133
26 136
26 137
26 145
26 147
26 149
26 161
26 164
26 166
26 174
26 176
26 178
26 179
26 180
26 181
26 182
26 187
26 200
26 209
27 2
27 5
27 8
27 13
27 17
27 19
27 30
27 32
27 40
27 44
27 50
27 52
27 59
27 62
27 70
27 76
27 81
27 88
27 94
27 100
27 102
27 103
27 107
27 108
27 109
27 114
27 119
27 120
27 124
27 127
27 132
27 145
27 147
27 155
27 156
27 164
27 168
27 169
27 170
27 174
27 175
27 176
27 190
27 195
27 204
28 6
28 18
28 32
28 36
28 38
28 39
28 40
28 43
28 44
28 48
28 49
28 51
28 54
28 56
28 57
28 61
28 63
28 64
28 67
28 70
28 71
28 72
28 80
28 84
28 88
28 89
28 90
28 98
28 102
28 110
28 111
28 114
28 120
28 122
28 124
28 126
28 128
28 144
28 145
28 146
28 149
28 161
28 162
28 163
28 165
28 166
28 176
28 178
28 184
28 187
28 189
28 192
28 204
28 205
29 9
29 10
29 17
29 28
29 30
29 40
29 42
29 43
29 44
29 45
29 46
29 51
29 54
29 58
29 70
29 77
29 79
29 81
29 82
29 83
29 84
29 91
29 101
29 103
29 106
29 111
29 119
29 120
29 121
29 122
29 128
29 133
29 134
29 141
29 143
29 150
29 153
29 165
29 176
29 178
29 180
29 182
29 187
29 188
29 191
29 194
30 1
30 6
30 8
30 17
30 18
30 23
30 36
30 40
30 43
30 64
30 80
30 83
30 98
30 101
30 106
30 110
30 115
30 123
30 128
30 129
30 138
30 139
30 140
30 143
30 153
30 155
30 156
30 158
30 161
30 164
30 170
30 172
30 173
30 178
30 180
30 185
30 207
30 208
31 4
31 6
31 12
31 17
31 20
31 21
31 22
31 27
31 30
31 36
31 38
31 40
31 48
31 49
31 50
31 51
31 52
31 54
31 56
31 59
31 71
31 72
31 73
31 76
31 78
31 83
31 99
31 100
31 101
31 106
31 121
31 123
31 126
31 134
31 137
31 143
31 146
31 151
31 155
31 156
31 157
31 163
31 172
31 177
31 178
31 182
31 184
31 188
31 192
31 193
31 198
31 200
31 204
32 0
32 6
32 7
32 23
32 28
32 29
32 31
32 33
32 40
32 41
32 45
32 48
32 53
32 57
32 70
32 72
32 73
32 77
32 78
32 84
32 86
32 94
32 95
32 98
32 101
32 106
32 109
32 114
32 115
32 117
32 119
32 122
32 125
32 131
32 134
32 141
32 152
32 156
32 158
32 160
32 171
32 172
32 174
32 176
32 178
32 186
32 195
32 196
32 197
32 203
32 204
32 206
32 208
33 17
33 20
33 22
33 31
33 37
33 46
33 51
33 56
33 74
33 75
33 78
33 79
33 82
33 83
33 95
33 99
33 109
33 112
33 118
33 126
33 139
33 143
33 149
33 157
33 185
33 193
33 196
33 197
33 198
33 200
33 201
33 204
33 208
34 0
34 2
34 10
34 11
34 19
34 23
34 26
34 33
34 45
34 50
34 52
34 58
34 65
34 66
34 67
34 68
34 72
34 83
34 84
34 91
34 92
34 96
34 98
34 100
34 101
34 135
34 139
34 141
34 150
34 151
34 159
34 161
34 162
34 164
34 167
34 173
34 175
34 177
34 178
34 180
34 181
34 187
34 192
34 200
35 1
35 4
35 15
35 16
35 17
35 18
35 19
35 22
35 25
35 33
35 41
35 50
35 51
35 52
35 62
35 64
35 68
35 69
35 87
35 92
35 103
35 105
35 110
35 116
35 118
35 122
35 123
35 135
35 139
35 141
35 145
35 154
35 155
35 158
35 163
35 165
35 166
35 180
35 182
35 202
35 203
35 206
36 0
36 10
36 15
36 18
36 29
36 35
36 42
36 48
36 55
36 61
36 70
36 74
36 75
36 84
36 85
36 88
36 90
36 91
36 95
36 97
36 99
36 102
36 103
36 110
36 115
36 119
36 126
36 129
36 133
36 139
36 146
36 149
36 152
36 158
36 159
36 164
36 166
36 172
36 178
36 188
36 189
36 192
36 197
36 200
36 201
36 203
36 204
36 206
37 0
37 4
37 7
37 8
37 11
37 15
37 22
37 25
37 27
37 31
37 38
37 39
37 42
37 45
37 53
37 54
37 58
37 62
37 67
37 76
37 102
37 106
37 107
37 108
37 110
37 111
37 123
37 130
37 131
37 139
37 143
37 149
37 159
37 161
37 163
37 164
37 172
37 189
37 192
37 201
37 205
37 208
38 4
38 7
38 8
38 23
38 24
38 25
38 33
38 35
38 37
38 40
38 43
38 45
38 48
38 50
38 60
38 66
38 67
38 69
38 76
38 78
38 81
38 84
38 85
38 86
38 87
38 88
38 89
38 90
38 92
38 97
38 102
38 109
38 119
38 120
38 121
38 141
38 145
38 158
38 165
38 173
38 175
38 176
38 188
38 193
38 205
38 207
39 1
39 2
39 9
39 17
39 19
39 20
39 22
39 24
39 29
39 34
39 35
39 41
39 61
39 70
39 79
39 80
39 85
39 92
39 94
39 101
39 107
39 113
39 118
39 125
39 129
39 136
39 138
39 142
39 146
39 154
39 166
39 172
39 177
39 186
39 189
39 191
39 194
39 200
39 201
39 203
39 205
40 2
40 6
40 8
40 13
40 14
40 24
40 27
40 31
40 35
40 39
40 48
40 52
40 54
40 55
40 69
40 70
40 73
40 74
40 80
40 82
40 93
40 97
40 107
40 111
40 120
40 124
40 127
40 129
40 137
40 144
40 150
40 155
40 157
40 170
40 175
40 180
40 194
40 195
40 206
40 207
41 2
41 5
41 6
41 9
41 10
41 35
41 42
41 44
41 49
41 50
41 66
41 71
41 74
41 77
41 85
41 89
41 91
41 97
41 98
41 102
41 107
41 112
41 114
41 116
41 120
41 121
41 125
41 126
41 131
41 151
41 152
41 158
41 164
41 168
41 171
41 172
41 175
41 182
41 184
41 185
41 187
41 199
41 202
41 206
41 208
42 1
42 4
42 5
42 17
42 22
42 32
42 40
42 49
42 52
42 53
42 60
42 68
42 73
42 85
42 89
42 90
42 112
42 113
42 121
42 126
42 132
42 135
42 138
42 157
42 160
42 161
42 162
42 165
42 172
42 184
42 195
42 200
42 206
42 207
43 4
43 7
43 13
43 16
43 23
43 33
43 34
43 49
43 52
43 58
43 65
43 66
43 68
43 71
43 83
43 95
43 102
43 105
43 106
43 114
43 122
43 126
43 128
43 140
43 149
43 152
43 156
43 170
43 182
43 183
43 186
43 189
44 2
44 4
44 7
44 24
44 26
44 33
44 39
44 42
44 49
44 51
44 55
44 58
44 59
44 60
44 66
44 67
44 69
44 73
44 78
44 80
44 85
44 96
44 97
44 112
44 115
44 120
44 122
44 128
44 136
44 137
44 139
44 148
44 150
44 153
44 154
44 155
44 166
44 169
44 170
44 171
44 173
44 179
44 181
44 184
44 188
44 190
44 200
44 204
45 2
45 12
45 18
45 19
45 20
45 25
45 41
45 42
45 43
45 54
45 58
45 61
45 63
45 78
45 87
45 95
45 96
45 104
45 105
45 107
45 108
45 109
45 114
45 116
45 117
45 120
45 130
45 132
45 133
45 134
45 137
45 146
45 147
45 149
45 164
45 166
45 170
45 173
45 180
45 184
45 186
45 187
45 189
45 191
45 199
45 204
45 205
46 6
46 7
46 10
46 14
46 18
46 27
46 28
46 43
46 49
46 51
46 57
46 67
46 68
46 70
46 76
46 78
46 95
46 97
46 100
46 101
46 102
46 104
46 106
46 107
46 116
46 124
46 127
46 130
46 131
46 142
46 146
46 156
46 162
46 166
46 176
46 177
46 179
46 182
46 185
46 186
46 189
46 190
46 192
46 205
46 208
47 3
47 6
47 8
47 23
47 25
47 28
47 32
47 34
47 49
47 55
47 58
47 63
47 70
47 72
47 73
47 80
47 89
47 103
47 120
47 123
47 124
47 125
47 133
47 134
47 135
47 138
47 155
47 156
47 159
47 164
47 168
47 171
47 181
47 187
47 188
47 190
47 199
48 0
48 1
48 4
48 11
48 12
48 26
48 41
48 47
48 49
48 59
48 60
48 65
48 74
48 78
48 80
48 88
48 93
48 100
48 101
48 102
48 113
48 124
48 127
48 129
48 142
48 144
48 153
48 156
48 158
48 160
48 164
48 165
48 169
48 171
48 180
48 186
48 191
48 196
48 204
48 206
49 2
49 11
49 13
49 15
49 20
49 21
49 27
49 28
49 41
49 43
49 46
49 53
49 57
49 58
49 60
49 65
49 66
49 67
49 80
49 83
49 92
49 94
49 101
49 102
49 107
49 116
49 125
49 133
49 135
49 151
49 157
49 158
49 161
49 163
49 167
49 170
49 171
49 182
49 185
49 199
49 203
50 3
50 11
50 13
50 25
50 30
50 38
50 42
50 46
50 47
50 54
50 57
50 60
50 62
50 64
50 65
50 72
50 81
50 84
50 103
50 104
50 124
50 132
50 133
50 138
50 142
50 144
50 148
50 154
50 155
50 157
50 159
50 170
50 173
50 181
50 182
50 183
50 186
50 193
50 194
50 195
50 196
50 202
50 206
50 209
51 1
51 7
51 8
51 13
51 18
51 21
51 22
51 23
51 24
51 26
51 29
51 32
51 35
51 38
51 54
51 68
51 69
51 77
51 82
51 86
51 92
51 96
51 105
51 107
51 121
51 125
51 129
51 131
51 134
51 135
51 149
51 155
51 156
51 159
51 169
51 170
51 171
51 178
51 181
51 184
51 188
51 193
51 200
51 203
51 206
51 207
52 2
52 6
52 9
52 11
52 12
52 21
52 25
52 34
52 39
52 44
52 45
52 47
52 49
52 51
52 80
52 83
52 88
52 93
52 97
52 104
52 107
52 110
52 114
52 115
52 126
52 131
52 140
52 141
52 146
52 150
52 167
52 189
52 195
52 197
52 198
52 199
52 205
52 209
53 1
53 4
53 6
53 9
53 10
53 14
53 16
53 22
53 24
53 37
53 38
53 39
53 40
53 42
53 49
53 52
53 58
53 62
53 66
53 68
53 69
53 70
53 71
53 72
53 75
53 85
53 89
53 91
53 92
53 94
53 96
53 101
53 108
53 117
53 118
53 119
53 124
53 127
53 136
53 137
53 142
53 145
53 151
53 152
53 154
53 155
53 171
53 173
53 182
53 184
53 198
53 199
53 204
53 208
54 0
54 17
54 27
54 37
54 42
54 49
54 51
54 52
54 53
54 56
54 61
54 69
54 81
54 84
54 88
54 92
54 98
54 101
54 112
54 116
54 118
54 125
54 129
54 131
54 134
54 141
54 144
54 148
54 156
54 171
54 174
54 184
54 200
54 202
55 6
55 10
55 11
55 12
55 19
55 24
55 26
55 27
55 28
55 41
55 54
55 62
55 65
55 69
55 71
55 76
55 77
55 86
55 89
55 93
55 98
55 109
55 117
55 132
55 133
55 135
55 137
55 139
55 145
55 152
55 158
55 160
55 163
55 165
55 169
55 176
55 177
55 181
55 182
55 187
55 188
55 190
55 194
55 198
55 205
55 206
56 28
56 32
56 35
56 37
56 39
56 47
56 49
56 60
56 62
56 67
56 68
56 69
56 74
56 81
56 84
56 87
56 92
56 93
56 94
56 100
56 102
56 108
56 115
56 134
56 140
56 141
56 142
56 143
56 144
56 145
56 147
56 153
56 155
56 157
56 160
56 168
56 173
56 180
56 181
56 188
56 190
56 196
56 201
56 206
56 208
57 11
57 29
57 30
57 31
57 32
57 33
57 39
57 46
57 55
57 95
57 97
57 99
57 113
57 124
57 125
57 138
57 140
57 144
57 149
57 150
57 156
57 166
57 185
57 192
57 194
57 195
57 199
57 201
57 208
58 4
58 12
58 16
58 20
58 21
58 29
58 30
58 32
58 35
58 40
58 43
58 49
58 53
58 54
58 55
58 59
58 63
58 66
58 74
58 79
58 82
58 92
58 95
58 96
58 99
58 105
58 107
58 108
58 112
58 114
58 120
58 123
58 142
58 143
58 144
58 152
58 156
58 160
58 164
58 168
58 169
58 170
58 183
58 186
58 189
58 192
58 193
58 201
58 202
58 204
59 2
59 4
59 7
59 16
59 25
59 36
59 37
59 44
59 54
59 70
59 82
59 83
59 86
59 87
59 89
59 92
59 111
59 118
59 119
59 122
59 132
59 134
59 140
59 143
59 144
59 151
59 152
59 156
59 159
59 163
59 166
59 175
59 177
59 184
59 185
59 189
59 196
60 14
60 21
60 24
60 27
60 29
60 40
60 42
60 54
60 55
60 61
60 67
60 68
60 74
60 86
60 88
60 89
60 93
60 95
60 96
60 101
60 103
60 108
60 115
60 117
60 120
60 144
60 151
60 153
60 162
60 167
60 172
60 174
60 176
60 177
60 180
60 185
60 191
60 198
60 205
60 207
61 4
61 6
61 8
61 13
61 20
61 25
61 27
61 45
61 58
61 60
61 72
61 73
61 78
61 81
61 85
61 88
61 90
61 92
61 95
61 103
61 113
61 118
61 122
61 140
61 145
61 146
61 149
61 155
61 160
61 162
61 163
61 167
61 168
61 175
61 176
61 178
61 183
61 193
61 196
61 207
61 208
62 0
62 1
62 31
62 34
62 39
62 47
62 48
62 56
62 58
62 59
62 66
62 71
62 86
62 88
62 93
62 94
62 98
62 104
62 111
62 128
62 131
62 136
62 142
62 159
62 167
62 172
62 173
62 175
62 182
62 186
62 190
62 191
62 200
62 207
63 0
63 9
63 11
63 12
63 17
63 18
63 22
63 29
63 33
63 34
63 35
63 37
63 51
63 58
63 59
63 72
63 75
63 78
63 81
63 84
63 86
63 87
63 88
63 92
63 99
63 105
63 107
63 108
63 116
63 117
63 119
63 126
63 127
63 130
63 134
63 136
63 141
63 142
63 149
63 165
63 167
63 168
63 170
63 171
63 173
63 180
63 183
63 187
63 188
63 193
63 198
63 200
63 204
64 2
64 5
64 10
64 16
64 21
64 22
64 29
64 31
64 34
64 35
64 39
64 44
64 47
64 50
64 52
64 63
64 66
64 72
64 73
64 82
64 85
64 108
64 112
64 118
64 120
64 127
64 129
64 131
64 133
64 134
64 143
64 145
64 148
64 156
64 157
64 158
64 164
64 166
64 167
64 180
64 186
64 188
64 190
64 192
64 193
64 196
64 204
65 2
65 3
65 8
65 18
65 34
65 37
65 45
65 46
65 60
65 61
65 64
65 86
65 87
65 92
65 100
65 104
65 107
65 119
65 122
65 131
65 143
65 149
65 157
65 166
65 175
65 179
65 180
65 181
65 188
65 197
65 198
65 205
66 3
66 15
66 17
66 25
66 27
66 31
66 35
66 37
66 43
66 55
66 90
66 91
66 105
66 106
66 112
66 116
66 121
66 123
66 131
66 132
66 134
66 141
66 144
66 148
66 152
66 154
66 159
66 165
66 170
66 175
66 176
66 177
66 185
66 189
66 191
66 193
66 195
67 6
67 13
67 15
67 23
67 27
67 28
67 31
67 40
67 52
67 53
67 58
67 68
67 76
67 88
67 92
67 93
67 104
67 113
67 120
67 124
67 137
67 138
67 139
67 140
67 144
67 145
67 146
67 148
67 163
67 170
67 174
67 175
67 182
67 190
67 194
67 196
67 200
67 201
67 204
68 5
68 6
68 7
68 13
68 19
68 26
68 30
68 37
68 42
68 44
68 63
68 66
68 70
68 71
68 81
68 84
68 94
68 99
68 100
68 101
68 104
68 107
68 108
68 109
68 113
68 118
68 123
68 130
68 134
68 139
68 141
68 150
68 151
68 152
68 159
68 163
68 164
68 169
68 176
68 179
68 186
68 195
68 197
68 203
69 0
69 3
69 7
69 8
69 17
69 18
69 20
69 27
69 39
69 40
69 49
69 51
69 54
69 57
69 60
69 66
69 67
69 72
69 73
69 74
69 77
69 79
69 85
69 86
69 88
69 99
69 115
69 121
69 133
69 138
69 146
69 149
69 151
69 157
69 159
69 161
69 163
69 166
69 179
69 184
69 186
69 199
69 200
69 202
69 208
69 209
70 5
70 6
70 8
70 9
70 18
70 19
70 22
70 23
70 24
70 25
70 29
70 30
70 32
70 34
70 35
70 40
70 43
70 51
70 53
70 57
70 66
70 72
70 77
70 81
70 87
70 99
70 101
70 102
70 105
70 115
70 126
70 129
70 132
70 134
70 135
70 137
70 138
70 140
70 146
70 153
70 157
70 164
70 179
70 183
70 185
70 186
70 196
70 201
71 0
71 24
71 27
71 41
71 44
71 49
71 57
71 59
71 67
71 77
71 82
71 86
71 88
71 91
71 95
71 97
71 98
71 111
71 112
71 123
71 124
71 126
71 128
71 134
71 138
71 141
71 143
71 146
71 161
71 168
71 180
71 183
71 188
71 194
71 195
71 198
71 207
72 4
72 6
72 13
72 25
72 28
72 32
72 39
72 41
72 45
72 53
72 55
72 70
72 75
72 79
72 81
72 86
72 87
72 89
72 93
72 94
72 103
72 106
72 111
72 112
72 113
72 117
72 118
72 121
72 123
72 126
72 127
72 130
72 139
72 147
72 150
72 162
72 164
72 168
72 169
72 173
72 176
72 190
72 191
72 192
72 193
72 199
72 201
72 204
72 205
73 3
73 5
73 13
73 18
73 19
73 35
73 38
73 41
73 48
73 52
73 57
73 71
73 79
73 82
73 99
73 103
73 109
73 111
73 114
73 134
73 135
73 137
73 140
73 141
73 142
73 151
73 155
73 156
73 159
73 160
73 164
73 166
73 167
73 177
73 181
73 183
73 185
73 188
73 192
73 197
73 198
73 201
74 5
74 6
74 14
74 27
74 42
74 49
74 53
74 54
74 55
74 60
74 63
74 71
74 77
74 79
74 85
74 89
74 96
74 100
74 104
74 115
74 119
74 130
74 132
74 133
74 134
74 136
74 138
74 144
74 153
74 157
74 185
74 187
74 191
74 192
74 193
74 200
75 7
75 8
75 9
75 15
75 19
75 21
75 23
75 29
75 35
75 42
75 55
75 64
75 69
75 78
75 81
75 83
75 86
75 92
75 100
75 105
75 114
75 125
75 128
75 136
75 138
75 139
75 159
75 169
75 170
75 172
75 173
75 185
75 191
75 197
75 199
75 202
75 206
76 1
76 2
76 5
76 8
76 14
76 20
76 21
76 26
76 27
76 35
76 42
76 50
76 58
76 60
76 69
76 75
76 77
76 79
76 87
76 89
76 92
76 97
76 103
76 106
76 109
76 112
76 115
76 124
76 132
76 133
76 151
76 159
76 162
76 164
76 165
76 168
76 186
76 191
76 192
76 195
76 200
76 206
77 14
77 19
77 24
77 25
77 26
77 27
77 29
77 41
77 49
77 50
77 52
77 69
77 76
77 83
77 84
77 96
77 101
77 102
77 104
77 107
77 119
77 126
77 136
77 138
77 150
77 153
77 154
77 157
77 165
77 171
77 173
77 174
77 176
77 183
77 185
77 199
77 206
78 1
78 3
78 4
78 13
78 15
78 28
78 32
78 34
78 52
78 59
78 65
78 74
78 76
78 80
78 89
78 91
78 98
78 99
78 101
78 103
78 110
78 115
78 119
78 124
78 128
78 129
78 130
78 135
78 139
78 154
78 162
78 166
78 173
78 179
78 180
78 199
79 1
79 24
79 42
79 45
79 47
79 51
79 54
79 60
79 67
79 81
79 87
79 91
79 94
79 101
79 105
79 107
79 123
79 129
79 135
79 137
79 144
79 153
79 158
79 161
79 165
79 173
79 187
79 188
79 191
79 193
79 194
79 204
79 205
79 206
79 209
80 1
80 11
80 16
80 17
80 23
80 27
80 29
80 30
80 45
80 53
80 59
80 60
80 68
80 76
80 85
80 91
80 94
80 108
80 109
80 116
80 117
80 121
80 135
80 139
80 143
80 149
80 172
80 178
80 179
80 187
80 190
80 193
80 197
80 202
80 205
81 3
81 8
81 13
81 15
81 18
81 23
81 24
81 27
81 29
81 30
81 31
81 34
81 38
81 40
81 41
81 46
81 50
81 57
81 62
81 66
81 70
81 78
81 83
81 84
81 96
81 98
81 101
81 107
81 110
81 117
81 127
81 129
81 134
81 136
81 138
81 151
81 152
81 157
81 159
81 163
81 165
81 168
81 181
81 183
81 184
81 196
82 9
82 15
82 20
82 28
82 32
82 33
82 39
82 40
82 47
82 53
82 59
82 61
82 62
82 67
82 87
82 91
82 95
82 104
82 105
82 108
82 112
82 116
82 118
82 121
82 130
82 132
82 142
82 145
82 147
82 148
82 149
82 158
82 172
82 173
82 182
82 183
82 189
82 190
82 192
82 195
82 203
82 207
83 2
83 5
83 8
83 13
83 19
83 20
83 27
83 36
83 54
83 59
83 62
83 65
83 70
83 75
83 86
83 90
83 97
83 100
83 112
83 115
83 127
83 131
83 135
83 136
83 149
83 151
83 157
83 164
83 177
83 184
83 190
83 192
83 201
83 203
84 0
84 2
84 18
84 29
84 32
84 34
84 48
84 59
84 62
84 65
84 68
84 69
84 74
84 81
84 90
84 91
84 93
84 94
84 96
84 98
84 102
84 104
84 115
84 116
84 125
84 128
84 131
84 137
84 139
84 146
84 149
84 162
84 169
84 172
84 173
84 178
84 184
84 190
84 204
85 3
85 4
85 6
85 16
85 20
85 26
85 30
85 51
85 55
85 59
85 72
85 73
85 78
85 84
85 91
85 95
85 99
85 105
85 107
85 108
85 113
85 114
85 118
85 132
85 133
85 146
85 148
85 153
85 158
85 161
85 162
85 163
85 166
85 170
85 178
85 179
85 185
85 186
85 190
85 191
85 194
85 197
85 198
85 202
86 2
86 12
86 14
86 15
86 20
86 23
86 25
86 29
86 35
86 40
86 54
86 57
86 59
86 68
86 70
86 82
86 89
86 91
86 96
86 97
86 99
86 100
86 103
86 106
86 107
86 111
86 113
86 114
86 115
86 119
86 132
86 133
86 138
86 143
86 144
86 157
86 159
86 160
86 162
86 176
86 182
86 189
86 190
86 191
86 194
86 195
86 196
86 202
86 206
87 2
87 5
87 7
87 8
87 15
87 19
87 27
87 31
87 36
87 39
87 42
87 53
87 59
87 62
87 66
87 67
87 69
87 76
87 79
87 90
87 106
87 119
87 121
87 127
87 133
87 136
87 139
87 141
87 147
87 149
87 152
87 155
87 159
87 169
87 182
87 192
87 195
87 206
88 4
88 10
88 11
88 13
88 14
88 20
88 26
88 27
88 32
88 39
88 43
88 48
88 54
88 58
88 61
88 62
88 68
88 71
88 73
88 96
88 97
88 100
88 103
88 108
88 110
88 112
88 114
88 121
88 125
88 129
88 132
88 144
88 149
88 153
88 154
88 156
88 157
88 163
88 165
88 168
88 177
88 179
88 181
88 182
88 187
88 188
88 190
88 194
88 198
88 200
88 201
88 204
88 209
89 0
89 9
89 10
89 11
89 13
89 18
89 25
89 27
89 34
89 36
89 37
89 42
89 45
89 50
89 52
89 55
89 60
89 69
89 75
89 76
89 83
89 84
89 90
89 92
89 101
89 109
89 110
89 121
89 125
89 129
89 131
89 133
89 144
89 145
89 148
89 150
89 151
89 152
89 167
89 177
89 179
89 186
89 189
89 192
89 199
89 201
90 4
90 6
90 13
90 14
90 22
90 23
90 26
90 34
90 43
90 46
90 47
90 48
90 49
90 52
90 60
90 72
90 76
90 84
90 87
90 89
90 91
90 101
90 105
90 109
90 120
90 122
90 123
90 128
90 130
90 134
90 136
90 138
90 141
90 144
90 148
90 155
90 185
90 187
90 189
90 194
90 199
90 203
90 209
91 3
91 15
91 18
91 22
91 31
91 34
91 38
91 41
91 53
91 55
91 58
91 65
91 66
91 67
91 86
91 97
91 98
91 114
91 116
91 124
91 135
91 147
91 156
91 173
91 186
91 194
91 196
91 199
91 204
91 208
92 12
92 15
92 16
92 17
92 20
92 25
92 29
92 32
92 33
92 34
92 43
92 45
92 52
92 53
92 57
92 67
92 70
92 71
92 73
92 75
92 85
92 91
92 96
92 97
92 117
92 129
92 136
92 137
92 139
92 141
92 145
92 146
92 153
92 157
92 159
92 170
92 197
92 203
93 8
93 10
93 13
93 15
93 18
93 30
93 38
93 40
93 48
93 52
93 56
93 64
93 67
93 84
93 92
93 94
93 96
93 97
93 104
93 117
93 121
93 124
93 126
93 131
93 135
93 139
93 145
93 146
93 147
93 154
93 155
93 167
93 169
93 179
93 192
93 193
93 201
93 202
93 205
93 206
93 208
94 8
94 11
94 13
94 27
94 29
94 31
94 33
94 46
94 48
94 49
94 51
94 54
94 56
94 58
94 61
94 63
94 65
94 81
94 85
94 93
94 99
94 106
94 116
94 117
94 125
94 136
94 137
94 141
94 145
94 158
94 159
94 163
94 164
94 168
94 170
94 171
94 174
94 181
94 182
94 189
94 190
94 195
94 203
94 206
95 11
95 13
95 15
95 28
95 30
95 41
95 42
95 44
95 51
95 62
95 66
95 68
95 74
95 79
95 81
95 91
95 103
95 112
95 114
95 117
95 121
95 122
95 125
95 134
95 155
95 160
95 162
95 163
95 172
95 177
95 185
95 190
95 192
95 195
95 198
96 13
96 16
96 21
96 25
96 37
96 38
96 39
96 42
96 43
96 44
96 48
96 49
96 62
96 66
96 73
96 74
96 92
96 93
96 99
96 106
96 110
96 116
96 121
96 127
96 128
96 131
96 133
96 137
96 140
96 143
96 149
96 153
96 155
96 159
96 164
96 166
96 171
96 174
96 179
96 197
96 200
96 202
97 3
97 13
97 14
97 18
97 24
97 27
97 32
97 34
97 51
97 53
97 63
97 74
97 78
97 86
97 102
97 106
97 109
97 111
97 117
97 121
97 122
97 127
97 132
97 139
97 142
97 143
97 162
97 165
97 166
97 174
97 179
97 184
97 189
97 191
97 192
97 194
97 198
97 208
98 6
98 13
98 17
98 20
98 23
98 30
98 31
98 35
98 36
98 44
98 47
98 48
98 57
98 63
98 65
98 71
98 80
98 85
98 91
98 93
98 99
98 122
98 127
98 130
98 144
98 146
98 147
98 154
98 157
98 159
98 172
98 177
98 178
98 190
98 194
98 195
98 197
98 198
98 204
98 205
99 0
99 19
99 21
99 24
99 26
99 32
99 35
99 39
99 41
99 45
99 48
99 49
99 57
99 67
99 68
99 71
99 75
99 76
99 96
99 100
99 106
99 108
99 110
99 114
99 116
99 117
99 122
99 126
99 127
99 132
99 135
99 136
99 137
99 138
99 141
99 142
99 144
99 146
99 154
99 164
99 165
99 166
99 176
99 192
99 197
99 201
99 202
99 205
100 5
100 7
100 11
100 23
100 24
100 28
100 29
100 35
100 36
100 51
100 58
100 64
100 71
100 74
100 75
100 76
100 85
100 88
100 92
100 95
100 102
100 105
100 109
100 113
100 116
100 123
100 124
100 127
100 133
100 134
100 140
100 141
100 145
100 147
100 156
100 157
100 159
100 168
100 175
100 176
100 187
100 188
100 192
100 195
100 199
100 207
100 209
101 5
101 6
101 9
101 19
101 25
101 26
101 31
101 33
101 35
101 41
101 44
101 52
101 56
101 63
101 65
101 88
101 92
101 93
101 104
101 106
101 118
101 127
101 136
101 137
101 140
101 148
101 150
101 153
101 159
101 160
101 170
101 173
101 179
101 180
101 183
101 186
101 187
101 189
101 198
101 200
101 202
101 207
102 1
102 4
102 6
102 8
102 18
102 30
102 35
102 49
102 52
102 53
102 58
102 60
102 64
102 71
102 73
102 77
102 79
102 84
102 98
102 109
102 117
102 118
102 120
102 121
102 123
102 125
102 127
102 128
102 130
102 134
102 160
102 164
102 166
102 173
102 174
102 179
102 189
102 192
102 201
102 205
102 209
103 3
103 7
103 10
103 21
103 22
103 27
103 28
103 34
103 35
103 38
103 41
103 42
103 49
103 50
103 53
103 56
103 59
103 62
103 63
103 73
103 88
103 92
103 98
103 101
103 104
103 106
103 107
103 109
103 111
103 113
103 116
103 120
103 127
103 134
103 136
103 140
103 141
103 143
103 151
103 154
103 155
103 156
103 158
103 160
103 163
103 168
103 169
103 173
103 180
103 188
103 189
103 192
103 193
103 201
103 206
104 3
104 14
104 23
104 24
104 26
104 27
104 33
104 40
104 51
104 62
104 70
104 73
104 74
104 80
104 83
104 88
104 91
104 92
104 101
104 102
104 105
104 109
104 115
104 117
104 123
104 133
104 136
104 140
104 141
104 145
104 170
104 173
104 174
104 178
104 188
104 190
104 192
104 197
104 199
104 200
104 203
105 0
105 4
105 14
105 15
105 17
105 23
105 31
105 32
105 34
105 36
105 38
105 47
105 55
105 64
105 67
105 79
105 88
105 90
105 93
105 94
105 95
105 96
105 98
105 119
105 120
105 122
105 123
105 124
105 127
105 128
105 130
105 133
105 136
105 139
105 142
105 144
105 150
105 156
105 164
105 165
105 171
105 173
105 176
105 182
105 183
105 188
105 195
105 196
105 205
106 1
106 14
106 17
106 18
106 20
106 29
106 32
106 38
106 40
106 44
106 48
106 55
106 63
106 95
106 108
106 111
106 114
106 115
106 117
106 125
106 132
106 137
106 142
106 151
106 158
106 166
106 168
106 170
106 177
106 179
106 180
106 181
106 186
106 191
106 194
106 196
106 198
106 207
107 1
107 2
107 5
107 7
107 8
107 9
107 10
107 14
107 24
107 36
107 37
107 41
107 42
107 43
107 44
107 54
107 61
107 67
107 73
107 76
107 77
107 80
107 81
107 82
107 85
107 87
107 93
107 104
107 109
107 111
107 115
107 117
107 124
107 142
107 161
107 166
107 167
107 169
107 170
107 176
107 184
107 188
107 189
107 194
108 2
108 9
108 17
108 19
108 27
108 38
108 45
108 50
108 57
108 60
108 63
108 72
108 73
108 78
108 82
108 92
108 94
108 98
108 100
108 109
108 118
108 120
108 125
108 133
108 143
108 151
108 160
108 162
108 164
108 172
108 177
108 185
108 187
108 193
108 198
108 203
108 204
108 207
109 10
109 11
109 20
109 22
109 23
109 26
109 38
109 39
109 44
109 45
109 47
109 50
109 63
109 65
109 66
109 67
109 70
109 72
109 77
109 79
109 85
109 93
109 103
109 105
109 106
109 114
109 124
109 130
109 136
109 139
109 144
109 148
109 155
109 157
109 166
109 168
109 184
109 190
109 197
109 203
110 2
110 7
110 9
110 10
110 12
110 19
110 21
110 30
110 38
110 39
110 47
110 55
110 57
110 59
110 63
110 64
110 65
110 69
110 80
110 84
110 89
110 105
110 108
110 113
110 117
110 120
110 126
110 131
110 141
110 142
110 148
110 153
110 157
110 160
110 169
110 172
110 181
110 183
110 184
110 189
110 203
110 209
111 6
111 8
111 15
111 16
111 19
111 24
111 27
111 30
111 35
111 39
111 42
111 47
111 55
111 59
111 60
111 61
111 79
111 95
111 97
111 99
111 104
111 107
111 109
111 110
111 112
111 114
111 117
111 118
111 121
111 126
111 127
111 129
111 161
111 162
111 167
111 176
111 177
111 180
111 183
111 188
111 189
111 191
111 197
111 200
111 205
111 208
112 3
112 10
112 11
112 20
112 21
112 24
112 26
112 29
112 43
112 47
112 48
112 49
112 50
112 51
112 57
112 60
112 61
112 64
112 80
112 85
112 94
112 95
112 99
112 110
112 111
112 126
112 129
112 134
112 138
112 150
112 152
112 167
112 171
112 172
112 179
112 180
112 193
112 194
112 195
113 0
113 2
113 5
113 11
113 15
113 23
113 27
113 29
113 32
113 35
113 38
113 42
113 44
113 65
113 69
113 71
113 77
113 78
113 79
113 82
113 87
113 94
113 103
113 104
113 116
113 117
113 118
113 124
113 130
113 138
113 143
113 146
113 151
113 158
113 164
113 166
113 168
113 170
113 175
113 176
113 177
113 182
113 183
113 198
113 201
113 203
113 206
114 2
114 9
114 12
114 14
114 16
114 18
114 21
114 33
114 34
114 42
114 57
114 65
114 68
114 73
114 95
114 102
114 107
114 110
114 112
114 115
114 117
114 118
114 123
114 125
114 126
114 128
114 129
114 132
114 136
114 139
114 140
114 147
114 151
114 153
114 156
114 158
114 174
114 178
114 179
114 183
114 187
114 191
114 193
114 197
114 202
114 203
114 204
115 0
115 19
115 20
115 22
115 23
115 31
115 33
115 40
115 44
115 49
115 57
115 60
115 63
115 68
115 69
115 79
115 83
115 91
115 93
115 97
115 99
115 101
115 103
115 104
115 106
115 107
115 118
115 124
115 125
115 128
115 139
115 154
115 155
115 176
115 179
115 192
115 193
115 195
116 0
116 1
116 3
116 16
116 30
116 31
116 32
116 39
116 44
116 46
116 49
116 54
116 58
116 60
116 64
116 66
116 67
116 71
116 78
116 80
116 90
116 93
116 106
116 107
116 109
116 112
116 113
116 119
116 120
116 142
116 149
116 153
116 154
116 161
116 162
116 166
116 168
116 177
116 198
116 199
116 203
117 6
117 15
117 23
117 30
117 51
117 52
117 60
117 67
117 68
117 69
117 74
117 76
117 91
117 104
117 106
117 107
117 109
117 110
117 124
117 125
117 131
117 133
117 141
117 143
117 147
117 157
117 170
117 185
117 186
117 187
117 196
117 202
117 205
118 7
118 17
118 23
118 24
118 26
118 34
118 39
118 44
118 45
118 51
118 57
118 66
118 74
118 77
118 88
118 93
118 102
118 105
118 111
118 124
118 129
118 130
118 131
118 138
118 139
118 140
118 145
118 146
118 159
118 167
118 176
118 184
118 197
118 199
118 200
118 206
118 209
119 3
119 5
119 12
119 19
119 22
119 23
119 24
119 27
119 38
119 43
119 47
119 50
119 58
119 67
119 68
119 73
119 74
119 75
119 76
119 77
119 78
119 79
119 85
119 91
119 95
119 101
119 108
119 115
119 125
119 128
119 130
119 133
119 138
119 147
119 152
119 157
119 169
119 171
119 172
119 183
119 185
119 187
119 188
119 197
119 200
119 201
119 203
120 1
120 2
120 10
120 15
120 18
120 24
120 26
120 31
120 34
120 35
120 39
120 44
120 50
120 52
120 58
120 60
120 67
120 71
120 73
120 79
120 80
120 83
120 95
120 97
120 107
120 108
120 117
120 133
120 134
120 153
120 154
120 161
120 163
120 166
120 177
120 178
120 185
120 193
120 200
120 202
120 204
120 207
121 2
121 5
121 11
121 15
121 38
121 46
121 48
121 57
121 62
121 63
121 69
121 70
121 81
121 90
121 100
121 102
121 115
121 116
121 134
121 137
121 138
121 153
121 156
121 158
121 164
121 174
121 175
121 177
121 187
121 188
121 197
121 198
121 206
121 207
121 209
122 1
122 2
122 9
122 18
122 31
122 34
122 39
122 41
122 45
122 49
122 50
122 58
122 60
122 74
122 91
122 95
122 96
122 107
122 108
122 111
122 131
122 135
122 140
122 148
122 149
122 156
122 158
122 160
122 166
122 168
122 169
122 176
122 177
122 178
122 185
122 187
122 191
122 192
122 200
122 209
123 2
123 9
123 10
123 14
123 19
123 24
123 28
123 30
123 39
123 41
123 50
123 59
123 64
123 66
123 69
123 75
123 76
123 84
123 85
123 98
123 100
123 103
123 105
123 110
123 115
123 116
123 120
123 129
123 142
123 143
123 148
123 149
123 153
123 158
123 159
123 160
123 165
123 167
123 168
123 177
123 178
123 181
123 182
123 186
123 190
123 196
123 204
123 206
124 7
124 12
124 17
124 19
124 20
124 23
124 24
124 27
124 29
124 30
124 36
124 37
124 77
124 90
124 97
124 100
124 102
124 104
124 106
124 109
124 113
124 115
124 116
124 120
124 125
124 126
124 129
124 130
124 133
124 137
124 145
124 148
124 150
124 151
124 153
124 161
124 162
124 164
124 178
124 179
124 180
124 181
124 185
124 186
124 199
124 203
124 205
125 2
125 9
125 10
125 14
125 15
125 19
125 20
125 33
125 35
125 37
125 40
125 51
125 52
125 55
125 63
125 64
125 65
125 69
125 70
125 71
125 72
125 79
125 84
125 86
125 93
125 104
125 113
125 122
125 123
125 133
125 135
125 142
125 147
125 148
125 151
125 155
125 158
125 175
125 177
125 189
125 194
125 198
125 200
125 204
125 209
126 3
126 8
126 13
126 19
126 22
126 39
126 45
126 57
126 61
126 67
126 68
126 72
126 75
126 86
126 87
126 97
126 106
126 110
126 120
126 131
126 133
126 136
126 138
126 148
126 149
126 153
126 156
126 170
126 177
126 178
126 180
126 181
126 182
126 190
126 208
127 7
127 8
127 16
127 27
127 30
127 40
127 43
127 46
127 47
127 52
127 54
127 55
127 57
127 74
127 76
127 77
127 79
127 80
127 85
127 86
127 89
127 90
127 92
127 93
127 103
127 120
127 122
127 125
127 134
127 146
127 172
127 177
127 185
127 188
127 189
127 192
127 196
127 199
127 205
128 3
128 7
128 10
128 14
128 24
128 42
128 58
128 60
128 85
128 86
128 88
128 90
128 102
128 103
128 114
128 123
128 138
128 142
128 144
128 147
128 151
128 155
128 159
128 161
128 164
128 170
128 172
128 173
128 179
128 188
128 190
128 191
128 199
128 201
128 204
128 205
129 1
129 15
129 17
129 29
129 44
129 48
129 50
129 53
129 59
129 61
129 62
129 63
129 71
129 78
129 88
129 93
129 107
129 110
129 113
129 115
129 120
129 142
129 148
129 149
129 154
129 156
129 169
129 170
129 175
129 189
129 191
129 193
129 197
129 201
129 202
129 204
129 208
130 0
130 6
130 7
130 10
130 12
130 14
130 15
130 26
130 43
130 47
130 59
130 61
130 62
130 73
130 75
130 86
130 89
130 95
130 103
130 109
130 111
130 116
130 121
130 125
130 127
130 129
130 149
130 151
130 155
130 157
130 159
130 164
130 168
130 173
130 176
130 177
130 182
130 186
130 187
130 205
131 19
131 24
131 25
131 32
131 35
131 45
131 47
131 59
131 62
131 81
131 83
131 102
131 105
131 106
131 110
131 111
131 116
131 120
131 130
131 134
131 144
131 148
131 154
131 158
131 162
131 165
131 170
131 173
131 184
131 194
131 197
131 199
131 200
131 205
132 6
132 12
132 13
132 17
132 18
132 28
132 32
132 35
132 37
132 38
132 39
132 44
132 48
132 50
132 57
132 62
132 64
132 67
132 77
132 82
132 83
132 93
132 105
132 107
132 110
132 113
132 116
132 117
132 118
132 121
132 123
132 126
132 134
132 145
132 146
132 155
132 161
132 162
132 173
132 183
132 187
132 204
132 205
132 207
133 1
133 7
133 22
133 34
133 36
133 42
133 54
133 57
133 62
133 70
133 74
133 76
133 77
133 79
133 80
133 82
133 91
133 97
133 106
133 116
133 122
133 136
133 142
133 151
133 157
133 167
133 170
133 171
133 172
133 175
133 180
133 181
133 183
133 187
133 188
133 192
133 196
133 198
133 205
134 0
134 5
134 12
134 14
134 30
134 33
134 37
134 46
134 49
134 52
134 56
134 57
134 68
134 69
134 71
134 76
134 77
134 90
134 92
134 96
134 98
134 103
134 104
134 112
134 117
134 122
134 127
134 128
134 133
134 139
134 144
134 146
134 148
134 169
134 170
134 181
134 183
134 185
134 192
134 199
134 207
134 208
135 3
135 4
135 5
135 16
135 22
135 36
135 47
135 50
135 52
135 67
135 77
135 81
135 85
135 88
135 90
135 92
135 94
135 95
135 99
135 105
135 111
135 112
135 118
135 124
135 125
135 130
135 138
135 149
135 151
135 152
135 154
135 160
135 161
135 163
135 168
135 181
135 182
135 183
135 192
135 195
135 203
135 204
135 208
135 209
136 13
136 17
136 19
136 22
136 25
136 30
136 35
136 37
136 39
136 42
136 43
136 49
136 52
136 61
136 69
136 71
136 76
136 79
136 86
136 92
136 97
136 103
136 110
136 113
136 114
136 121
136 123
136 126
136 127
136 133
136 147
136 148
136 149
136 156
136 157
136 159
136 160
136 162
136 165
136 169
136 175
136 183
136 192
136 195
136 198
136 200
136 201
136 202
136 204
137 1
137 4
137 10
137 29
137 30
137 31
137 40
137 44
137 45
137 50
137 54
137 55
137 66
137 67
137 72
137 76
137 79
137 84
137 96
137 98
137 102
137 115
137 118
137 119
137 121
137 128
137 129
137 138
137 155
137 163
137 178
137 191
137 199
138 0
138 4
138 7
138 15
138 18
138 25
138 27
138 33
138 40
138 43
138 44
138 56
138 63
138 65
138 68
138 69
138 75
138 77
138 83
138 86
138 90
138 101
138 102
138 103
138 106
138 108
138 110
138 112
138 114
138 125
138 136
138 137
138 140
138 146
138 149
138 151
138 155
138 158
138 163
138 171
138 178
138 179
138 180
138 192
138 194
138 197
138 199
138 202
138 207
139 7
139 8
139 15
139 17
139 21
139 23
139 35
139 39
139 48
139 51
139 53
139 58
139 63
139 68
139 70
139 87
139 88
139 89
139 94
139 100
139 111
139 119
139 120
139 121
139 130
139 137
139 140
139 141
139 147
139 149
139 155
139 162
139 163
139 166
139 167
139 174
139 175
139 181
139 187
139 191
139 200
139 206
140 5
140 6
140 7
140 8
140 17
140 20
140 40
140 44
140 45
140 51
140 63
140 74
140 79
140 83
140 86
140 89
140 105
140 108
140 111
140 121
140 127
140 142
140 146
140 158
140 159
140 162
140 163
140 169
140 170
140 177
140 183
140 185
140 192
140 200
140 203
140 207
141 1
141 15
141 18
141 20
141 26
141 36
141 37
141 38
141 42
141 43
141 45
141 54
141 58
141 64
141 65
141 66
141 68
141 70
141 71
141 73
141 78
141 84
141 97
141 105
141 110
141 111
141 115
141 116
141 130
141 132
141 133
141 134
141 138
141 143
141 152
141 158
141 167
141 176
141 177
141 183
141 190
141 195
141 197
141 199
142 6
142 7
142 8
142 9
142 14
142 16
142 20
142 24
142 27
142 34
142 36
142 39
142 42
142 43
142 56
142 57
142 58
142 61
142 62
142 63
142 69
142 73
142 75
142 78
142 93
142 94
142 95
142 98
142 103
142 122
142 133
142 137
142 139
142 140
142 143
142 149
142 163
142 167
142 175
142 177
142 183
142 193
142 197
142 198
142 203
142 205
143 5
143 7
143 11
143 12
143 24
143 26
143 27
143 29
143 43
143 49
143 51
143 52
143 53
143 67
143 76
143 78
143 82
143 86
143 88
143 95
143 103
143 115
143 127
143 128
143 131
143 132
143 137
143 151
143 152
143 154
143 155
143 161
143 162
143 163
143 164
143 176
143 179
143 180
143 185
143 186
143 187
143 188
143 194
143 199
143 202
143 204
143 205
143 207
144 4
144 10
144 12
144 13
144 20
144 30
144 50
144 65
144 69
144 70
144 73
144 98
144 101
144 102
144 112
144 123
144 136
144 138
144 139
144 149
144 161
144 162
144 166
144 167
144 175
144 178
144 179
144 188
144 190
144 195
145 4
145 9
145 15
145 37
145 41
145 44
145 58
145 60
145 62
145 68
145 88
145 100
145 114
145 120
145 124
145 125
145 130
145 147
145 148
145 151
145 154
145 157
145 163
145 168
145 173
145 176
145 181
145 185
145 186
145 187
145 192
145 196
145 198
145 199
145 207
146 12
146 15
146 16
146 33
146 34
146 35
146 36
146 40
146 48
146 58
146 60
146 78
146 84
146 93
146 99
146 100
146 101
146 104
146 105
146 113
146 114
146 122
146 123
146 129
146 133
146 135
146 142
146 149
146 154
146 156
146 162
146 166
146 167
146 183
146 186
146 188
146 193
146 194
146 205
147 11
147 12
147 29
147 31
147 45
147 47
147 53
147 54
147 66
147 67
147 76
147 80
147 95
147 100
147 101
147 105
147 110
147 111
147 113
147 123
147 126
147 133
147 138
147 142
147 143
147 154
147 159
147 163
147 166
147 169
147 184
147 194
147 205
148 0
148 1
148 14
148 17
148 21
148 24
148 27
148 32
148 38
148 42
148 43
148 52
148 67
148 80
148 81
148 89
148 90
148 100
148 101
148 117
148 122
148 138
148 144
148 147
148 175
148 176
148 179
148 182
148 188
148 189
148 199
149 3
149 8
149 11
149 12
149 20
149 23
149 31
149 34
149 42
149 44
149 50
149 58
149 59
149 61
149 62
149 68
149 69
149 73
149 85
149 89
149 90
149 93
149 95
149 106
149 107
149 112
149 113
149 124
149 129
149 136
149 139
149 158
149 160
149 167
149 168
149 169
149 172
149 183
149 187
149 190
149 193
149 196
149 203
149 204
150 0
150 1
150 12
150 19
150 22
150 25
150 29
150 33
150 34
150 36
150 37
150 39
150 43
150 47
150 54
150 59
150 61
150 67
150 69
150 77
150 79
150 94
150 96
150 107
150 108
150 116
150 118
150 125
150 132
150 134
150 136
150 138
150 140
150 147
150 151
150 152
150 154
150 161
150 162
150 163
150 169
150 176
150 181
150 186
150 192
150 205
150 209
151 6
151 12
151 19
151 20
151 21
151 23
151 48
151 53
151 57
151 58
151 81
151 84
151 90
151 92
151 109
151 124
151 127
151 135
151 137
151 142
151 147
151 149
151 160
151 161
151 174
151 176
151 186
151 189
151 191
151 198
151 209
152 8
152 10
152 11
152 21
152 23
152 25
152 31
152 40
152 41
152 42
152 53
152 54
152 57
152 70
152 72
152 76
152 83
152 87
152 90
152 98
152 104
152 113
152 116
152 117
152 118
152 128
152 134
152 147
152 154
152 167
152 178
152 179
152 185
152 189
152 190
152 201
152 208
153 9
153 15
153 17
153 18
153 26
153 34
153 37
153 39
153 45
153 55
153 58
153 59
153 63
153 72
153 73
153 74
153 77
153 85
153 96
153 100
153 103
153 109
153 117
153 122
153 125
153 130
153 133
153 134
153 136
153 155
153 156
153 158
153 164
153 165
153 167
153 168
153 172
153 174
153 189
153 194
153 203
153 205
153 209
154 5
154 8
154 21
154 22
154 23
154 24
154 27
154 35
154 37
154 39
154 40
154 45
154 46
154 47
154 54
154 56
154 58
154 59
154 65
154 66
154 67
154 71
154 73
154 76
154 81
154 83
154 91
154 94
154 96
154 102
154 106
154 111
154 112
154 115
154 124
154 135
154 136
154 141
154 142
154 143
154 148
154 149
154 153
154 160
154 168
154 180
154 183
154 186
154 191
154 193
154 194
154 206
154 208
155 0
155 1
155 7
155 27
155 28
155 29
155 36
155 38
155 44
155 62
155 79
155 82
155 93
155 96
155 105
155 114
155 119
155 124
155 131
155 133
155 134
155 137
155 147
155 168
155 179
155 186
155 188
155 191
155 192
155 195
155 201
155 206
156 4
156 7
156 11
156 14
156 15
156 28
156 31
156 49
156 53
156 54
156 59
156 60
156 67
156 68
156 76
156 82
156 93
156 95
156 101
156 104
156 107
156 108
156 114
156 131
156 144
156 148
156 149
156 151
156 164
156 166
156 169
156 171
156 174
156 185
156 191
156 195
156 203
157 3
157 4
157 9
157 15
157 17
157 18
157 24
157 32
157 45
157 49
157 50
157 54
157 62
157 77
157 79
157 80
157 92
157 95
157 97
157 99
157 101
157 106
157 111
157 112
157 115
157 116
157 118
157 121
157 127
157 135
157 139
157 142
157 144
157 148
157 172
157 173
157 174
157 184
157 185
157 187
157 188
157 189
157 195
157 197
157 206
158 6
158 8
158 9
158 12
158 13
158 15
158 20
158 21
158 22
158 26
158 27
158 35
158 42
158 43
158 45
158 46
158 58
158 60
158 61
158 62
158 68
158 87
158 88
158 90
158 91
158 93
158 97
158 108
158 112
158 118
158 122
158 123
158 125
158 126
158 129
158 135
158 136
158 138
158 141
158 145
158 160
158 178
158 180
158 182
158 188
158 195
158 203
158 206
158 208
159 0
159 7
159 11
159 16
159 18
159 20
159 22
159 23
159 29
159 33
159 34
159 43
159 53
159 58
159 62
159 65
159 73
159 87
159 91
159 96
159 98
159 99
159 111
159 121
159 124
159 125
159 142
159 154
159 162
159 177
159 184
159 186
159 193
159 204
159 209
160 0
160 3
160 6
160 25
160 27
160 38
160 40
160 42
160 60
160 62
160 63
160 64
160 65
160 67
160 70
160 74
160 78
160 84
160 91
160 96
160 100
160 101
160 103
160 107
160 109
160 110
160 113
160 119
160 121
160 130
160 137
160 140
160 142
160 150
160 153
160 157
160 161
160 164
160 166
160 170
160 173
160 175
160 185
160 189
160 201
160 204
160 205
160 209
161 4
161 8
161 9
161 34
161 40
161 42
161 47
161 55
161 61
161 72
161 90
161 93
161 94
161 103
161 111
161 115
161 116
161 118
161 123
161 133
161 135
161 136
161 148
161 151
161 153
161 160
161 165
161 178
161 180
161 187
161 193
161 195
161 199
162 2
162 3
162 5
162 6
162 13
162 20
162 33
162 36
162 47
162 56
162 71
162 80
162 82
162 86
162 89
162 98
162 104
162 106
162 114
162 118
162 127
162 128
162 129
162 130
162 142
162 144
162 151
162 158
162 165
162 171
162 178
162 192
162 195
162 198
162 202
162 205
162 208
162 209
163 1
163 20
163 21
163 24
163 26
163 27
163 29
163 33
163 36
163 53
163 55
163 63
163 66
163 73
163 76
163 86
163 90
163 91
163 93
163 94
163 96
163 98
163 104
163 110
163 119
163 123
163 138
163 144
163 152
163 155
163 156
163 160
163 166
163 169
163 173
163 176
163 178
163 180
163 183
163 186
163 188
163 195
163 196
163 199
163 200
163 201
163 202
163 206
164 5
164 14
164 18
164 23
164 34
164 37
164 40
164 46
164 60
164 67
164 77
164 110
164 112
164 124
164 125
164 126
164 127
164 134
164 146
164 147
164 151
164 155
164 156
164 157
164 163
164 178
164 179
164 186
164 197
164 208
164 209
165 0
165 17
165 20
165 22
165 34
165 37
165 38
165 43
165 45
165 52
165 59
165 60
165 66
165 68
165 69
165 72
165 83
165 88
165 95
165 103
165 111
165 112
165 114
165 125
165 129
165 135
165 139
165 142
165 143
165 144
165 146
165 148
165 154
165 157
165 159
165 160
165 163
165 166
165 167
165 175
165 179
165 181
165 183
165 184
165 186
165 200
165 201
165 202
165 207
165 209
166 2
166 6
166 8
166 34
166 35
166 36
166 38
166 41
166 46
166 56
166 78
166 83
166 89
166 94
166 95
166 97
166 105
166 106
166 107
166 108
166 110
166 120
166 122
166 126
166 131
166 137
166 142
166 144
166 146
166 147
166 150
166 154
166 162
166 168
166 170
166 175
166 181
166 187
166 193
166 202
166 204
166 209
167 0
167 4
167 6
167 10
167 14
167 24
167 33
167 35
167 37
167 38
167 41
167 62
167 67
167 74
167 81
167 88
167 90
167 94
167 100
167 101
167 109
167 110
167 117
167 118
167 132
167 137
167 139
167 140
167 141
167 145
167 146
167 153
167 157
167 165
167 170
167 174
167 182
167 187
167 188
167 192
167 200
167 204
167 206
168 3
168 5
168 6
168 7
168 10
168 27
168 28
168 29
168 33
168 43
168 47
168 58
168 62
168 67
168 72
168 76
168 77
168 85
168 89
168 110
168 117
168 121
168 129
168 132
168 140
168 144
168 146
168 149
168 157
168 158
168 162
168 167
168 170
168 173
168 176
168 201
169 0
169 6
169 17
169 21
169 29
169 44
169 45
169 47
169 57
169 58
169 66
169 67
169 69
169 73
169 74
169 76
169 86
169 87
169 92
169 103
169 105
169 107
169 109
169 113
169 119
169 129
169 135
169 137
169 145
169 146
169 154
169 155
169 159
169 164
169 193
169 194
169 198
169 200
169 209
170 0
170 2
170 7
170 11
170 12
170 13
170 17
170 28
170 29
170 36
170 37
170 40
170 47
170 48
170 55
170 59
170 60
170 62
170 70
170 74
170 75
170 85
170 88
170 99
170 109
170 125
170 129
170 132
170 137
170 143
170 146
170 150
170 152
170 156
170 161
170 163
170 174
170 175
170 197
170 198
170 203
171 3
171 4
171 6
171 19
171 26
171 28
171 32
171 34
171 36
171 39
171 43
171 48
171 49
171 53
171 56
171 65
171 66
171 76
171 82
171 103
171 105
171 106
171 110
171 115
171 119
171 123
171 124
171 125
171 127
171 128
171 129
171 131
171 134
171 144
171 146
171 147
171 149
171 154
171 164
171 166
171 178
171 189
171 191
171 194
171 202
171 206
172 4
172 5
172 6
172 7
172 8
172 9
172 20
172 21
172 24
172 31
172 35
172 38
172 46
172 51
172 56
172 60
172 62
172 65
172 66
172 70
172 71
172 77
172 78
172 88
172 90
172 92
172 109
172 117
172 120
172 125
172 129
172 134
172 145
172 149
172 150
172 155
172 160
172 163
172 164
172 168
172 173
172 174
172 176
172 189
172 202
173 12
173 18
173 30
173 32
173 35
173 38
173 40
173 45
173 47
173 52
173 56
173 60
173 68
173 69
173 80
173 84
173 94
173 95
173 105
173 110
173 111
173 115
173 122
173 133
173 139
173 146
173 147
173 153
173 154
173 160
173 161
173 172
173 184
173 187
174 15
174 20
174 23
174 30
174 32
174 37
174 40
174 41
174 42
174 45
174 49
174 52
174 67
174 76
174 79
174 80
174 88
174 90
174 96
174 101
174 114
174 115
174 118
174 121
174 123
174 125
174 126
174 127
174 128
174 130
174 136
174 146
174 149
174 161
174 162
174 168
174 181
174 188
174 193
174 205
174 206
175 18
175 25
175 27
175 30
175 31
175 36
175 38
175 40
175 46
175 51
175 56
175 57
175 60
175 73
175 75
175 77
175 81
175 92
175 98
175 101
175 104
175 105
175 106
175 108
175 110
175 121
175 123
175 126
175 131
175 133
175 146
175 148
175 149
175 169
175 182
175 185
175 187
175 193
175 194
175 202
175 205
176 0
176 3
176 12
176 13
176 14
176 19
176 28
176 29
176 30
176 31
176 33
176 36
176 39
176 44
176 53
176 58
176 79
176 84
176 85
176 89
176 95
176 99
176 106
176 108
176 115
176 117
176 120
176 125
176 132
176 141
176 150
176 154
176 155
176 168
176 186
176 195
176 197
176 203
176 204
176 207
176 209
177 5
177 19
177 24
177 25
177 29
177 43
177 49
177 51
177 58
177 70
177 74
177 84
177 99
177 100
177 107
177 108
177 110
177 119
177 123
177 124
177 131
177 134
177 136
177 139
177 150
177 154
177 161
177 163
177 165
177 169
177 184
177 185
177 192
177 199
177 202
177 204
178 2
178 4
178 11
178 20
178 33
178 34
178 35
178 45
178 46
178 47
178 48
178 51
178 53
178 55
178 56
178 61
178 62
178 65
178 66
178 67
178 69
178 101
178 105
178 119
178 128
178 133
178 134
178 140
178 142
178 144
178 149
178 151
178 154
178 155
178 157
178 160
178 162
178 174
178 180
178 187
178 197
178 202
178 205
179 2
179 11
179 28
179 29
179 38
179 40
179 45
179 46
179 49
179 50
179 54
179 57
179 58
179 59
179 60
179 64
179 65
179 67
179 91
179 95
179 97
179 101
179 102
179 103
179 111
179 116
179 121
179 137
179 138
179 139
179 140
179 143
179 144
179 145
179 149
179 156
179 163
179 168
179 170
179 171
179 172
179 173
179 174
179 182
179 186
179 193
179 205
180 0
180 2
180 4
180 7
180 9
180 17
180 30
180 31
180 38
180 47
180 50
180 52
180 55
180 59
180 60
180 64
180 69
180 72
180 73
180 90
180 93
180 95
180 96
180 108
180 111
180 114
180 120
180 121
180 136
180 143
180 150
180 152
180 154
180 158
180 165
180 172
180 174
180 181
180 185
180 186
180 187
180 189
180 191
180 207
181 0
181 3
181 15
181 21
181 22
181 29
181 31
181 42
181 44
181 48
181 59
181 62
181 64
181 69
181 70
181 78
181 85
181 86
181 87
181 90
181 99
181 109
181 114
181 117
181 123
181 129
181 153
181 157
181 165
181 167
181 177
181 184
181 186
181 189
181 196
181 202
181 209
182 0
182 11
182 15
182 21
182 27
182 30
182 31
182 43
182 44
182 50
182 52
182 53
182 61
182 65
182 73
182 80
182 83
182 84
182 111
182 112
182 113
182 120
182 122
182 125
182 127
182 129
182 137
182 141
182 146
182 148
182 157
182 166
182 174
182 180
182 181
182 183
182 185
182 188
182 192
182 197
182 201
182 207
182 208
183 16
183 20
183 23
183 27
183 28
183 29
183 30
183 31
183 32
183 33
183 35
183 37
183 43
183 44
183 48
183 49
183 54
183 56
183 60
183 62
183 70
183 72
183 79
183 83
183 95
183 102
183 103
183 106
183 109
183 113
183 117
183 119
183 120
183 121
183 122
183 124
183 129
183 133
183 137
183 141
183 143
183 151
183 153
183 155
183 159
183 167
183 168
183 173
183 175
183 178
183 185
183 191
183 192
183 195
183 197
183 201
183 205
183 208
184 6
184 18
184 20
184 22
184 36
184 44
184 50
184 77
184 88
184 100
184 111
184 116
184 122
184 125
184 127
184 128
184 130
184 132
184 138
184 165
184 171
184 178
184 180
184 187
184 191
184 196
184 207
185 1
185 6
185 14
185 18
185 21
185 22
185 29
185 32
185 38
185 40
185 41
185 46
185 54
185 55
185 56
185 60
185 62
185 69
185 74
185 75
185 82
185 88
185 92
185 96
185 103
185 108
185 114
185 115
185 118
185 119
185 120
185 130
185 135
185 140
185 141
185 142
185 146
185 153
185 154
185 156
185 159
185 170
185 171
185 177
185 180
185 184
185 189
185 190
185 193
185 198
185 199
185 200
186 3
186 19
186 21
186 22
186 25
186 26
186 32
186 33
186 42
186 44
186 51
186 61
186 63
186 70
186 71
186 73
186 75
186 76
186 78
186 85
186 97
186 105
186 116
186 118
186 119
186 131
186 135
186 136
186 137
186 139
186 145
186 149
186 151
186 162
186 163
186 164
186 175
186 183
186 195
186 200
186 201
186 207
187 0
187 3
187 7
187 10
187 12
187 19
187 24
187 36
187 40
187 45
187 55
187 57
187 76
187 78
187 81
187 82
187 86
187 91
187 92
187 93
187 95
187 98
187 109
187 110
187 118
187 122
187 124
187 132
187 141
187 142
187 155
187 159
187 172
187 181
187 183
187 186
187 188
187 193
187 209
188 11
188 15
188 18
188 21
188 23
188 24
188 27
188 34
188 39
188 41
188 48
188 66
188 107
188 109
188 110
188 112
188 115
188 119
188 125
188 126
188 136
188 138
188 146
188 148
188 150
188 152
188 157
188 164
188 172
188 175
188 176
188 177
188 181
188 190
188 197
188 198
188 204
188 206
189 1
189 11
189 17
189 19
189 21
189 23
189 25
189 27
189 31
189 35
189 40
189 42
189 53
189 63
189 68
189 70
189 74
189 76
189 81
189 93
189 106
189 107
189 120
189 121
189 123
189 125
189 128
189 129
189 130
189 131
189 132
189 138
189 140
189 144
189 156
189 157
189 158
189 162
189 172
189 176
189 182
189 183
189 192
189 194
189 203
189 204
190 1
190 2
190 9
190 12
190 13
190 30
190 34
190 37
190 39
190 40
190 44
190 52
190 55
190 57
190 61
190 64
190 70
190 76
190 87
190 89
190 90
190 94
190 106
190 109
190 115
190 116
190 117
190 118
190 122
190 123
190 129
190 132
190 141
190 157
190 161
190 168
190 171
190 178
190 184
190 191
190 198
190 200
190 204
190 208
190 209
191 3
191 6
191 9
191 15
191 16
191 19
191 20
191 44
191 51
191 52
191 53
191 58
191 60
191 65
191 68
191 73
191 77
191 84
191 88
191 117
191 124
191 130
191 141
191 142
191 143
191 157
191 160
191 168
191 170
191 179
191 184
191 185
191 187
191 203
191 204
191 207
192 4
192 16
192 21
192 22
192 25
192 31
192 41
192 45
192 50
192 52
192 53
192 58
192 64
192 68
192 69
192 70
192 79
192 88
192 94
192 95
192 104
192 105
192 107
192 114
192 115
192 128
192 130
192 135
192 136
192 140
192 144
192 145
192 156
192 157
192 173
192 174
192 180
192 186
192 188
192 194
192 198
192 200
193 3
193 5
193 21
193 23
193 31
193 33
193 34
193 35
193 38
193 40
193 42
193 44
193 54
193 55
193 57
193 63
193 76
193 80
193 85
193 86
193 94
193 99
193 105
193 106
193 114
193 120
193 121
193 122
193 125
193 126
193 130
193 131
193 136
193 140
193 148
193 149
193 156
193 158
193 162
193 166
193 168
193 174
193 175
193 178
193 180
193 181
193 187
193 195
193 201
193 207
194 0
194 3
194 11
194 14
194 16
194 18
194 23
194 33
194 36
194 37
194 41
194 42
194 44
194 46
194 47
194 48
194 53
194 57
194 58
194 59
194 61
194 64
194 65
194 66
194 68
194 77
194 80
194 92
194 93
194 97
194 102
194 104
194 108
194 113
194 120
194 122
194 127
194 129
194 130
194 133
194 137
194 138
194 142
194 148
194 152
194 156
194 157
194 169
194 178
194 183
194 187
194 188
194 190
194 192
194 193
194 195
194 201
194 209
195 2
195 3
195 7
195 9
195 10
195 12
195 20
195 29
195 31
195 36
195 44
195 45
195 48
195 50
195 54
195 55
195 56
195 57
195 63
195 67
195 70
195 73
195 79
195 80
195 89
195 91
195 92
195 94
195 97
195 105
195 110
195 116
195 118
195 120
195 139
195 140
195 141
195 142
195 144
195 145
195 155
195 168
195 173
195 176
195 180
195 181
195 183
195 193
195 199
195 203
195 204
195 205
195 209
196 0
196 6
196 8
196 15
196 22
196 46
196 47
196 51
196 63
196 66
196 70
196 79
196 85
196 89
196 105
196 106
196 107
196 117
196 122
196 124
196 138
196 142
196 146
196 148
196 151
196 152
196 157
196 159
196 172
196 181
196 186
196 187
196 188
196 200
197 2
197 5
197 6
197 7
197 14
197 17
197 20
197 21
197 25
197 26
197 31
197 38
197 40
197 44
197 47
197 48
197 54
197 70
197 74
197 77
197 82
197 93
197 97
197 103
197 106
197 115
197 121
197 133
197 136
197 140
197 143
197 144
197 156
197 158
197 162
197 165
197 174
197 175
197 176
197 177
197 193
197 199
197 203
197 209
198 6
198 9
198 38
198 42
198 51
198 56
198 71
198 75
198 91
198 92
198 100
198 106
198 120
198 124
198 125
198 126
198 129
198 135
198 136
198 159
198 167
198 173
198 177
198 184
198 185
198 187
198 188
198 189
198 193
198 200
198 202
198 203
198 209
199 3
199 9
199 15
199 18
199 23
199 29
199 35
199 41
199 48
199 55
199 56
199 57
199 67
199 76
199 77
199 78
199 79
199 91
199 95
199 101
199 102
199 110
199 116
199 118
199 121
199 127
199 129
199 130
199 131
199 143
199 144
199 145
199 147
199 164
199 165
199 171
199 183
199 187
199 194
199 195
199 198
200 1
200 5
200 15
200 18
200 28
200 29
200 34
200 41
200 43
200 47
200 48
200 50
200 52
200 53
200 78
200 79
200 93
200 98
200 112
200 116
200 118
200 120
200 121
200 123
200 135
200 138
200 149
200 155
200 166
200 168
200 169
200 170
200 177
200 178
200 179
200 182
200 195
200 197
200 207
201 8
201 15
201 16
201 18
201 21
201 26
201 32
201 37
201 38
201 40
201 43
201 50
201 54
201 61
201 77
201 82
201 84
201 91
201 95
201 112
201 113
201 116
201 117
201 118
201 122
201 129
201 136
201 143
201 147
201 153
201 158
201 163
201 165
201 166
201 168
201 182
201 185
201 186
201 187
201 188
201 191
201 194
201 200
201 209
202 9
202 18
202 23
202 24
202 28
202 29
202 32
202 34
202 36
202 38
202 40
202 42
202 43
202 46
202 48
202 49
202 57
202 59
202 63
202 64
202 69
202 72
202 73
202 78
202 82
202 97
202 102
202 105
202 117
202 127
202 128
202 138
202 142
202 145
202 147
202 149
202 151
202 155
202 164
202 166
202 172
202 182
202 185
202 193
202 197
202 203
203 3
203 16
203 38
203 43
203 47
203 56
203 57
203 58
203 62
203 66
203 70
203 76
203 88
203 94
203 99
203 103
203 107
203 113
203 117
203 121
203 126
203 134
203 135
203 137
203 138
203 139
203 144
203 146
203 148
203 163
203 165
203 172
203 174
203 183
203 189
203 191
203 193
203 196
203 206
204 1
204 2
204 6
204 25
204 27
204 28
204 34
204 38
204 48
204 53
204 54
204 65
204 67
204 68
204 76
204 78
204 82
204 91
204 92
204 93
204 100
204 105
204 107
204 108
204 109
204 119
204 120
204 123
204 126
204 129
204 135
204 136
204 138
204 144
204 159
204 169
204 176
204 177
204 180
204 184
204 186
204 194
204 195
204 202
204 205
204 206
204 208
205 7
205 8
205 9
205 15
205 20
205 29
205 34
205 44
205 54
205 56
205 57
205 59
205 63
205 64
205 74
205 77
205 80
205 81
205 82
205 83
205 84
205 86
205 93
205 102
205 108
205 111
205 117
205 123
205 142
205 144
205 148
205 150
205 161
205 170
205 176
205 181
205 184
205 207
206 2
206 6
206 7
206 12
206 13
206 14
206 22
206 26
206 27
206 41
206 42
206 57
206 60
206 61
206 65
206 75
206 83
206 88
206 89
206 90
206 97
206 99
206 102
206 107
206 114
206 125
206 136
206 143
206 146
206 148
206 159
206 160
206 169
206 170
206 172
206 174
206 177
206 181
206 182
206 187
206 195
206 196
206 202
206 208
207 2
207 18
207 20
207 24
207 40
207 41
207 46
207 57
207 58
207 60
207 71
207 79
207 89
207 101
207 106
207 109
207 115
207 122
207 125
207 126
207 127
207 129
207 130
207 132
207 133
207 136
207 137
207 145
207 164
207 170
207 175
207 181
207 186
207 188
207 189
207 191
207 192
207 194
207 197
207 201
207 204
208 10
208 23
208 24
208 25
208 28
208 30
208 32
208 34
208 45
208 46
208 48
208 52
208 57
208 62
208 66
208 67
208 69
208 70
208 73
208 76
208 88
208 91
208 103
208 104
208 105
208 110
208 112
208 113
208 120
208 125
208 131
208 135
208 138
208 140
208 142
208 154
208 159
208 167
208 175
208 177
208 178
208 182
208 186
208 187
208 192
209 6
209 7
209 22
209 25
209 26
209 35
209 36
209 38
209 42
209 43
209 48
209 50
209 51
209 55
209 65
209 67
209 70
209 72
209 90
209 93
209 97
209 106
209 112
209 113
209 116
209 119
209 129
209 131
209 134
209 142
209 146
209 152
209 158
209 164
209 170
209 171
209 175
209 176
209 178
209 181
209 188
209 195
209 205
