205
0 6
0 8
0 10
0 15
0 20
0 26
0 29
0 39
0 47
0 51
0 55
0 63
0 65
0 66
0 74
0 78
0 84
0 91
0 93
0 100
0 105
0 106
0 112
0 124
0 129
0 141
0 149
0 151
0 153
0 165
0 175
0 177
0 182
0 184
0 186
0 188
0 192
0 194
0 199
1 10
1 20
1 25
1 34
1 41
1 47
1 49
1 62
1 67
1 72
1 73
1 79
1 85
1 92
1 97
1 99
1 100
1 105
1 112
1 113
1 114
1 118
1 119
1 120
1 126
1 139
1 142
1 143
1 166
1 169
1 182
1 188
1 193
1 201
2 1
2 3
2 12
2 14
2 20
2 23
2 34
2 35
2 37
2 40
2 41
2 43
2 45
2 53
2 61
2 62
2 63
2 66
2 67
2 78
2 83
2 89
2 94
2 98
2 111
2 112
2 115
2 116
2 117
2 119
2 121
2 122
2 123
2 129
2 141
2 148
2 157
2 158
2 167
2 174
2 176
2 178
2 180
2 183
2 186
2 192
2 196
2 201
2 204
3 5
3 7
3 8
3 13
3 14
3 18
3 19
3 24
3 30
3 32
3 33
3 39
3 40
3 47
3 59
3 63
3 65
3 66
3 67
3 68
3 78
3 87
3 88
3 91
3 98
3 107
3 118
3 119
3 124
3 139
3 144
3 148
3 156
3 158
3 160
3 164
3 174
3 189
3 190
3 191
3 197
3 198
3 204
4 3
4 6
4 8
4 12
4 17
4 20
4 21
4 23
4 24
4 31
4 33
4 34
4 43
4 46
4 51
4 52
4 56
4 57
4 62
4 66
4 68
4 71
4 73
4 74
4 75
4 78
4 80
4 83
4 86
4 89
4 93
4 96
4 104
4 106
4 127
4 128
4 130
4 132
4 133
4 136
4 148
4 156
4 158
4 167
4 176
4 182
4 187
4 188
4 189
4 196
4 203
5 0
5 16
5 21
5 34
5 40
5 46
5 49
5 54
5 61
5 70
5 74
5 77
5 78
5 80
5 83
5 84
5 90
5 94
5 95
5 105
5 111
5 114
5 127
5 131
5 132
5 134
5 138
5 149
5 154
5 155
5 157
5 159
5 164
5 169
5 176
5 177
5 178
5 181
5 183
5 187
5 196
5 198
6 0
6 2
6 3
6 5
6 10
6 17
6 26
6 29
6 31
6 32
6 36
6 37
6 38
6 40
6 47
6 53
6 56
6 57
6 58
6 62
6 68
6 79
6 83
6 91
6 101
6 111
6 115
6 119
6 121
6 123
6 125
6 126
6 138
6 142
6 147
6 150
6 155
6 158
6 161
6 170
6 180
6 192
6 193
7 0
7 6
7 15
7 21
7 22
7 31
7 36
7 39
7 43
7 44
7 46
7 51
7 56
7 62
7 67
7 73
7 79
7 81
7 83
7 93
7 103
7 105
7 107
7 110
7 112
7 117
7 120
7 121
7 126
7 128
7 132
7 133
7 134
7 137
7 145
7 147
7 149
7 166
7 170
7 171
7 187
7 189
7 197
7 201
8 17
8 18
8 25
8 26
8 29
8 40
8 41
8 51
8 56
8 65
8 67
8 73
8 79
8 87
8 88
8 93
8 103
8 105
8 106
8 107
8 114
8 116
8 120
8 124
8 127
8 129
8 132
8 139
8 148
8 149
8 151
8 166
8 177
8 184
8 198
9 1
9 7
9 13
9 16
9 17
9 20
9 21
9 25
9 28
9 31
9 45
9 51
9 53
9 59
9 62
9 63
9 66
9 73
9 87
9 91
9 93
9 99
9 111
9 113
9 117
9 122
9 129
9 150
9 152
9 161
9 163
9 167
9 178
9 186
9 188
9 191
9 196
9 197
9 203
10 0
10 4
10 8
10 11
10 15
10 16
10 18
10 19
10 20
10 27
10 28
10 32
10 37
10 46
10 66
10 70
10 71
10 74
10 78
10 89
10 91
10 92
10 95
10 97
10 98
10 101
10 114
10 115
10 125
10 131
10 144
10 156
10 167
10 184
10 187
10 192
10 196
10 197
10 202
11 5
11 13
11 21
11 26
11 29
11 37
11 38
11 39
11 43
11 48
11 49
11 55
11 57
11 63
11 64
11 66
11 79
11 82
11 85
11 90
11 101
11 102
11 108
11 110
11 122
11 123
11 126
11 144
11 152
11 154
11 155
11 162
11 165
11 167
11 171
11 175
11 178
11 184
11 187
11 190
11 193
11 194
11 197
11 199
11 201
11 203
12 4
12 5
12 7
12 18
12 24
12 35
12 47
12 48
12 49
12 51
12 52
12 53
12 55
12 56
12 58
12 62
12 64
12 78
12 83
12 84
12 85
12 87
12 88
12 91
12 92
12 99
12 103
12 110
12 111
12 113
12 114
12 116
12 124
12 133
12 140
12 153
12 154
12 159
12 161
12 170
12 177
12 179
12 180
12 195
12 196
12 198
12 199
13 17
13 19
13 21
13 25
13 34
13 37
13 39
13 42
13 47
13 49
13 51
13 67
13 75
13 76
13 78
13 81
13 84
13 86
13 88
13 101
13 104
13 107
13 109
13 113
13 115
13 119
13 123
13 126
13 131
13 136
13 147
13 155
13 156
13 164
13 168
13 173
13 174
13 176
13 177
13 193
13 196
13 198
13 202
14 3
14 7
14 12
14 17
14 20
14 22
14 23
14 25
14 31
14 32
14 35
14 37
14 42
14 44
14 47
14 48
14 52
14 59
14 60
14 62
14 63
14 64
14 69
14 70
14 74
14 82
14 89
14 91
14 92
14 95
14 102
14 106
14 112
14 113
14 117
14 123
14 131
14 136
14 149
14 150
14 152
14 154
14 157
14 162
14 165
14 169
14 176
14 203
15 1
15 3
15 9
15 24
15 26
15 27
15 29
15 31
15 37
15 41
15 45
15 52
15 63
15 67
15 75
15 79
15 80
15 81
15 84
15 86
15 93
15 99
15 106
15 120
15 122
15 126
15 129
15 132
15 135
15 137
15 139
15 140
15 147
15 153
15 165
15 167
15 171
15 173
15 178
15 184
15 187
15 195
15 200
15 201
15 203
16 7
16 10
16 12
16 14
16 26
16 35
16 36
16 37
16 38
16 41
16 48
16 52
16 55
16 60
16 61
16 72
16 77
16 84
16 87
16 96
16 104
16 105
16 107
16 110
16 117
16 139
16 148
16 158
16 159
16 164
16 180
16 181
16 198
16 201
16 202
17 0
17 3
17 8
17 15
17 24
17 25
17 27
17 33
17 34
17 45
17 50
17 61
17 64
17 69
17 74
17 75
17 76
17 79
17 80
17 82
17 90
17 92
17 95
17 96
17 100
17 104
17 105
17 108
17 109
17 113
17 119
17 121
17 123
17 130
17 134
17 142
17 151
17 153
17 159
17 160
17 165
17 167
17 170
17 177
17 179
17 181
17 189
17 193
17 196
17 197
18 4
18 5
18 6
18 12
18 13
18 34
18 35
18 37
18 38
18 46
18 48
18 50
18 51
18 52
18 59
18 62
18 65
18 96
18 105
18 111
18 117
18 120
18 122
18 134
18 143
18 147
18 154
18 155
18 159
18 161
18 163
18 164
18 165
18 171
18 180
18 195
18 198
18 200
18 201
19 7
19 9
19 10
19 15
19 17
19 24
19 36
19 47
19 56
19 57
19 62
19 67
19 72
19 77
19 79
19 87
19 88
19 92
19 107
19 109
19 114
19 116
19 120
19 126
19 127
19 128
19 132
19 135
19 140
19 144
19 148
19 152
19 153
19 155
19 157
19 160
19 161
19 165
19 168
19 181
19 192
19 195
19 200
20 11
20 12
20 26
20 27
20 39
20 40
20 41
20 50
20 62
20 72
20 77
20 90
20 98
20 99
20 104
20 105
20 110
20 132
20 138
20 146
20 148
20 150
20 159
20 161
20 163
20 176
20 183
20 185
20 191
20 197
20 199
20 200
21 7
21 17
21 18
21 26
21 28
21 37
21 57
21 63
21 67
21 69
21 77
21 82
21 89
21 98
21 99
21 101
21 110
21 131
21 140
21 142
21 145
21 148
21 149
21 152
21 155
21 159
21 163
21 169
21 170
21 173
21 180
21 191
21 202
22 3
22 6
22 7
22 9
22 13
22 20
22 35
22 38
22 39
22 41
22 48
22 49
22 54
22 66
22 68
22 69
22 72
22 86
22 93
22 97
22 98
22 100
22 107
22 133
22 144
22 146
22 148
22 150
22 151
22 155
22 157
22 159
22 160
22 177
22 179
22 189
22 198
22 200
22 202
23 5
23 10
23 24
23 35
23 37
23 40
23 43
23 46
23 48
23 49
23 57
23 61
23 64
23 69
23 73
23 74
23 78
23 79
23 85
23 93
23 94
23 105
23 113
23 119
23 120
23 122
23 124
23 125
23 130
23 136
23 137
23 143
23 145
23 149
23 151
23 152
23 153
23 159
23 161
23 166
23 169
23 171
23 173
23 180
23 185
23 186
23 195
23 200
23 203
24 11
24 15
24 16
24 22
24 29
24 38
24 42
24 44
24 49
24 57
24 66
24 69
24 73
24 74
24 80
24 82
24 83
24 86
24 88
24 92
24 95
24 105
24 107
24 111
24 113
24 118
24 119
24 121
24 128
24 131
24 132
24 136
24 146
24 148
24 154
24 156
24 162
24 165
24 174
24 175
24 181
25 1
25 2
25 8
25 12
25 14
25 27
25 29
25 37
25 51
25 73
25 85
25 86
25 100
25 103
25 104
25 105
25 110
25 117
25 129
25 135
25 145
25 160
25 165
25 166
25 170
25 198
26 1
26 5
26 6
26 10
26 15
26 16
26 17
26 19
26 20
26 23
26 24
26 25
26 35
26 40
26 53
26 55
26 56
26 60
26 62
26 63
26 76
26 77
26 84
26 88
26 94
26 95
26 101
26 104
26 108
26 113
26 115
26 118
26 119
26 123
26 136
26 138
26 139
26 140
26 143
26 144
26 150
26 154
26 157
26 158
26 164
26 181
26 188
26 190
26 191
26 192
27 4
27 6
27 7
27 8
27 20
27 21
27 22
27 26
27 29
27 32
27 37
27 44
27 49
27 57
27 60
27 65
27 73
27 76
27 85
27 90
27 96
27 109
27 113
27 118
27 130
27 133
27 144
27 149
27 159
27 164
27 172
27 176
27 188
27 191
27 195
27 197
28 19
28 29
28 35
28 37
28 38
28 40
28 47
28 52
28 58
28 61
28 67
28 81
28 82
28 87
28 89
28 97
28 107
28 111
28 122
28 135
28 146
28 147
28 152
28 153
28 161
28 169
28 173
28 184
28 186
28 204
29 0
29 13
29 14
29 26
29 30
29 33
29 39
29 40
29 44
29 49
29 58
29 74
29 81
29 82
29 87
29 89
29 93
29 98
29 104
29 105
29 109
29 110
29 113
29 114
29 119
29 120
29 123
29 129
29 132
29 143
29 153
29 155
29 161
29 169
29 172
29 174
29 186
29 198
29 201
29 202
30 0
30 1
30 4
30 5
30 23
30 27
30 31
30 42
30 49
30 50
30 58
30 80
30 81
30 85
30 93
30 94
30 98
30 117
30 123
30 129
30 131
30 135
30 145
30 149
30 154
30 158
30 160
30 167
30 177
30 187
30 195
30 199
30 200
31 4
31 7
31 9
31 10
31 11
31 16
31 20
31 25
31 30
31 35
31 38
31 39
31 43
31 45
31 51
31 59
31 65
31 68
31 70
31 77
31 81
31 82
31 85
31 87
31 91
31 106
31 110
31 111
31 112
31 113
31 114
31 115
31 116
31 123
31 125
31 134
31 135
31 138
31 139
31 145
31 148
31 160
31 165
31 178
31 179
31 181
31 182
31 187
31 191
31 198
32 2
32 4
32 9
32 12
32 16
32 24
32 25
32 31
32 33
32 38
32 39
32 43
32 46
32 51
32 52
32 64
32 66
32 76
32 84
32 97
32 100
32 103
32 104
32 112
32 118
32 122
32 127
32 128
32 134
32 137
32 143
32 145
32 162
32 164
32 176
32 179
32 181
32 185
32 188
32 189
32 192
32 194
32 198
32 199
32 203
33 1
33 12
33 13
33 14
33 15
33 16
33 18
33 20
33 21
33 22
33 23
33 29
33 36
33 37
33 39
33 50
33 51
33 60
33 61
33 67
33 70
33 71
33 73
33 74
33 77
33 78
33 81
33 82
33 83
33 84
33 87
33 88
33 90
33 96
33 115
33 116
33 119
33 126
33 136
33 148
33 156
33 161
33 167
33 173
33 185
33 188
33 191
33 194
33 196
34 3
34 6
34 7
34 8
34 16
34 17
34 18
34 22
34 43
34 49
34 60
34 70
34 75
34 79
34 81
34 88
34 94
34 102
34 106
34 108
34 118
34 124
34 127
34 129
34 132
34 139
34 141
34 144
34 152
34 155
34 159
34 163
34 167
34 168
34 170
34 171
34 174
34 175
34 176
34 180
34 187
34 197
34 199
34 200
34 204
35 6
35 12
35 18
35 20
35 31
35 36
35 38
35 41
35 44
35 46
35 49
35 63
35 67
35 68
35 76
35 82
35 85
35 89
35 93
35 97
35 101
35 126
35 129
35 131
35 137
35 143
35 144
35 147
35 149
35 151
35 156
35 162
35 166
35 167
35 174
35 175
35 177
35 179
35 183
35 184
35 194
35 197
36 5
36 7
36 8
36 15
36 16
36 17
36 20
36 22
36 24
36 37
36 38
36 41
36 48
36 50
36 51
36 57
36 60
36 64
36 73
36 79
36 84
36 88
36 89
36 95
36 98
36 101
36 102
36 104
36 105
36 117
36 127
36 128
36 130
36 139
36 151
36 163
36 166
36 169
36 176
36 185
36 189
36 193
36 194
36 198
36 203
36 204
37 3
37 6
37 11
37 17
37 18
37 22
37 23
37 38
37 39
37 40
37 43
37 44
37 61
37 65
37 68
37 71
37 78
37 87
37 89
37 90
37 91
37 98
37 101
37 102
37 114
37 116
37 133
37 141
37 146
37 148
37 158
37 162
37 165
37 176
37 178
37 181
37 186
37 195
37 203
38 1
38 5
38 11
38 14
38 17
38 19
38 22
38 23
38 29
38 34
38 37
38 39
38 42
38 54
38 58
38 59
38 60
38 63
38 71
38 73
38 81
38 92
38 95
38 97
38 100
38 105
38 119
38 123
38 124
38 131
38 132
38 143
38 149
38 155
38 156
38 157
38 158
38 165
38 170
38 173
38 186
38 196
39 3
39 4
39 5
39 7
39 9
39 13
39 14
39 27
39 30
39 32
39 40
39 53
39 56
39 71
39 85
39 96
39 99
39 107
39 108
39 116
39 119
39 121
39 124
39 125
39 128
39 132
39 145
39 152
39 154
39 157
39 159
39 161
39 164
39 165
39 171
39 174
39 175
39 178
39 184
39 195
39 196
39 197
39 198
40 0
40 4
40 14
40 24
40 25
40 28
40 29
40 34
40 47
40 54
40 57
40 58
40 67
40 78
40 83
40 90
40 93
40 96
40 98
40 106
40 109
40 111
40 117
40 118
40 120
40 122
40 124
40 125
40 128
40 132
40 133
40 140
40 149
40 158
40 161
40 167
40 168
40 182
40 188
40 192
40 193
41 6
41 22
41 29
41 33
41 47
41 57
41 77
41 82
41 83
41 84
41 85
41 86
41 100
41 102
41 107
41 111
41 113
41 118
41 123
41 126
41 130
41 134
41 138
41 158
41 161
41 162
41 172
41 174
41 178
41 179
41 183
41 185
41 187
41 189
41 197
42 9
42 14
42 22
42 28
42 36
42 38
42 50
42 53
42 58
42 65
42 68
42 69
42 73
42 78
42 79
42 84
42 85
42 103
42 107
42 109
42 118
42 121
42 124
42 130
42 136
42 137
42 145
42 148
42 152
42 156
42 157
42 161
42 165
42 171
42 194
42 197
42 199
43 10
43 17
43 22
43 30
43 31
43 33
43 37
43 44
43 49
43 51
43 56
43 57
43 58
43 59
43 61
43 63
43 74
43 79
43 81
43 84
43 89
43 91
43 93
43 105
43 111
43 113
43 125
43 136
43 139
43 141
43 152
43 153
43 156
43 162
43 165
43 167
43 170
43 171
43 173
43 175
43 177
43 179
43 184
43 185
43 186
43 188
43 199
44 3
44 8
44 11
44 13
44 15
44 23
44 32
44 54
44 57
44 61
44 66
44 69
44 76
44 78
44 86
44 90
44 92
44 94
44 103
44 104
44 105
44 108
44 112
44 114
44 120
44 121
44 122
44 124
44 130
44 143
44 149
44 155
44 163
44 164
44 165
44 167
44 168
44 174
44 175
44 180
44 182
44 184
44 186
44 194
44 198
44 202
45 3
45 5
45 6
45 7
45 12
45 13
45 14
45 15
45 21
45 24
45 26
45 28
45 44
45 46
45 54
45 56
45 60
45 66
45 68
45 69
45 81
45 88
45 92
45 94
45 95
45 102
45 122
45 130
45 132
45 135
45 145
45 146
45 166
45 168
45 173
45 175
45 176
45 179
45 184
45 187
45 194
45 203
45 204
46 3
46 4
46 8
46 14
46 20
46 24
46 27
46 29
46 34
46 39
46 45
46 50
46 51
46 52
46 53
46 58
46 59
46 64
46 66
46 81
46 89
46 104
46 113
46 115
46 118
46 125
46 128
46 131
46 139
46 144
46 149
46 159
46 160
46 161
46 173
46 177
46 189
46 195
46 196
46 197
46 199
47 3
47 4
47 6
47 9
47 12
47 17
47 18
47 19
47 20
47 21
47 23
47 29
47 35
47 40
47 43
47 50
47 69
47 73
47 86
47 87
47 102
47 103
47 108
47 110
47 113
47 115
47 118
47 126
47 130
47 131
47 141
47 142
47 143
47 147
47 149
47 153
47 159
47 164
47 169
47 170
47 171
47 176
47 177
47 180
47 182
47 187
48 0
48 2
48 4
48 6
48 8
48 10
48 14
48 15
48 16
48 17
48 38
48 49
48 53
48 54
48 56
48 58
48 59
48 62
48 64
48 65
48 70
48 75
48 76
48 80
48 81
48 82
48 86
48 97
48 101
48 104
48 115
48 119
48 120
48 122
48 123
48 126
48 128
48 130
48 132
48 137
48 139
48 142
48 151
48 152
48 158
48 160
48 162
48 174
48 187
48 191
49 1
49 3
49 9
49 10
49 17
49 25
49 26
49 33
49 35
49 41
49 45
49 50
49 52
49 53
49 57
49 61
49 81
49 85
49 88
49 90
49 102
49 104
49 114
49 115
49 118
49 122
49 127
49 130
49 140
49 147
49 155
49 156
49 158
49 160
49 161
49 162
49 164
49 165
49 171
49 176
49 180
49 191
49 193
49 196
49 198
49 199
49 200
49 202
50 3
50 13
50 22
50 27
50 30
50 31
50 40
50 42
50 44
50 58
50 61
50 76
50 84
50 89
50 93
50 98
50 122
50 142
50 143
50 144
50 154
50 158
50 161
50 169
50 170
50 174
50 182
50 183
50 186
50 189
50 194
50 197
50 199
50 201
50 204
51 0
51 11
51 19
51 37
51 52
51 62
51 63
51 67
51 69
51 70
51 71
51 75
51 77
51 78
51 80
51 81
51 84
51 86
51 90
51 93
51 102
51 103
51 104
51 105
51 115
51 119
51 120
51 124
51 126
51 133
51 134
51 141
51 150
51 152
51 154
51 164
51 166
51 167
51 169
51 172
51 174
51 181
51 184
51 187
51 196
51 197
51 200
51 203
52 1
52 5
52 10
52 11
52 12
52 13
52 16
52 20
52 22
52 26
52 32
52 45
52 48
52 54
52 67
52 74
52 80
52 83
52 85
52 92
52 95
52 98
52 103
52 107
52 108
52 112
52 121
52 123
52 132
52 135
52 136
52 143
52 145
52 156
52 162
52 165
52 170
52 172
52 178
52 179
52 188
52 200
52 204
53 1
53 6
53 10
53 15
53 16
53 38
53 39
53 47
53 56
53 58
53 68
53 69
53 70
53 72
53 75
53 82
53 86
53 88
53 92
53 93
53 98
53 115
53 125
53 132
53 136
53 139
53 149
53 158
53 159
53 161
53 166
53 183
53 192
53 196
54 12
54 16
54 19
54 20
54 21
54 22
54 24
54 30
54 34
54 39
54 40
54 46
54 49
54 52
54 58
54 59
54 61
54 63
54 65
54 69
54 86
54 91
54 97
54 100
54 105
54 116
54 124
54 126
54 133
54 134
54 138
54 141
54 142
54 147
54 154
54 155
54 159
54 172
54 174
54 186
54 193
54 194
54 197
55 2
55 6
55 8
55 9
55 11
55 27
55 31
55 36
55 39
55 42
55 54
55 57
55 63
55 83
55 88
55 97
55 98
55 99
55 103
55 113
55 114
55 115
55 119
55 120
55 127
55 131
55 134
55 137
55 138
55 140
55 153
55 154
55 161
55 162
55 180
55 185
55 186
55 191
55 193
56 5
56 8
56 10
56 13
56 14
56 19
56 20
56 29
56 39
56 41
56 50
56 61
56 67
56 70
56 71
56 73
56 75
56 82
56 89
56 91
56 92
56 98
56 101
56 103
56 104
56 115
56 126
56 129
56 134
56 136
56 139
56 144
56 146
56 150
56 154
56 160
56 164
56 170
56 182
56 189
56 190
56 191
56 193
56 195
56 196
56 204
57 0
57 9
57 12
57 20
57 21
57 37
57 43
57 44
57 47
57 49
57 53
57 55
57 60
57 62
57 63
57 64
57 68
57 73
57 74
57 79
57 80
57 82
57 91
57 93
57 99
57 117
57 119
57 126
57 129
57 148
57 158
57 164
57 165
57 168
57 183
57 184
57 190
57 191
57 203
58 0
58 6
58 14
58 15
58 23
58 33
58 52
58 55
58 66
58 69
58 75
58 77
58 79
58 87
58 91
58 98
58 101
58 127
58 132
58 133
58 134
58 142
58 144
58 152
58 157
58 159
58 167
58 168
58 170
58 171
58 175
58 178
58 181
58 184
58 185
58 191
58 198
58 204
59 6
59 8
59 12
59 13
59 15
59 16
59 21
59 22
59 24
59 25
59 26
59 28
59 36
59 40
59 43
59 46
59 52
59 60
59 62
59 66
59 71
59 76
59 79
59 93
59 101
59 103
59 104
59 107
59 111
59 115
59 118
59 125
59 130
59 131
59 141
59 156
59 158
59 163
59 165
59 168
59 171
59 177
59 194
59 201
60 0
60 4
60 6
60 22
60 30
60 33
60 34
60 40
60 49
60 53
60 64
60 66
60 75
60 78
60 80
60 83
60 96
60 97
60 101
60 111
60 116
60 117
60 124
60 131
60 132
60 134
60 135
60 139
60 141
60 142
60 143
60 146
60 153
60 158
60 159
60 165
60 166
60 170
60 171
60 172
60 173
60 174
60 180
60 184
60 190
60 195
60 196
61 2
61 6
61 7
61 8
61 14
61 15
61 18
61 20
61 30
61 31
61 53
61 77
61 81
61 93
61 96
61 97
61 104
61 105
61 108
61 112
61 113
61 118
61 121
61 123
61 125
61 128
61 129
61 130
61 137
61 143
61 146
61 147
61 151
61 153
61 156
61 157
61 163
61 177
61 178
61 182
61 191
61 195
61 198
61 201
62 3
62 13
62 22
62 27
62 30
62 32
62 34
62 40
62 52
62 58
62 69
62 72
62 73
62 80
62 83
62 84
62 85
62 87
62 88
62 92
62 97
62 111
62 114
62 116
62 130
62 131
62 132
62 134
62 141
62 144
62 147
62 154
62 157
62 178
62 187
62 196
62 197
62 199
62 201
63 7
63 8
63 13
63 42
63 49
63 51
63 55
63 57
63 64
63 65
63 73
63 78
63 84
63 93
63 96
63 97
63 98
63 105
63 106
63 108
63 109
63 113
63 133
63 134
63 143
63 148
63 149
63 153
63 156
63 164
63 166
63 172
63 177
63 181
63 186
63 189
63 198
64 5
64 8
64 9
64 12
64 20
64 22
64 23
64 28
64 29
64 30
64 31
64 33
64 48
64 51
64 55
64 56
64 57
64 59
64 62
64 70
64 73
64 78
64 80
64 82
64 84
64 93
64 99
64 111
64 112
64 113
64 123
64 124
64 126
64 132
64 139
64 144
64 145
64 146
64 147
64 156
64 162
64 178
64 199
64 202
65 1
65 7
65 16
65 22
65 23
65 28
65 36
65 40
65 46
65 51
65 53
65 60
65 64
65 66
65 78
65 80
65 90
65 94
65 96
65 115
65 116
65 118
65 119
65 126
65 132
65 133
65 137
65 138
65 144
65 145
65 152
65 155
65 158
65 159
65 160
65 165
65 166
65 171
65 172
65 184
65 186
65 194
65 198
65 199
65 203
66 16
66 34
66 39
66 41
66 51
66 56
66 58
66 63
66 71
66 83
66 87
66 91
66 100
66 121
66 123
66 126
66 127
66 128
66 129
66 131
66 132
66 137
66 142
66 143
66 144
66 147
66 158
66 160
66 161
66 165
66 167
66 169
66 173
66 181
66 202
67 1
67 2
67 5
67 10
67 14
67 18
67 21
67 25
67 28
67 31
67 32
67 33
67 37
67 39
67 41
67 43
67 44
67 58
67 60
67 64
67 75
67 76
67 77
67 96
67 101
67 104
67 126
67 127
67 129
67 131
67 143
67 145
67 151
67 154
67 155
67 162
67 164
67 175
67 177
67 178
67 180
67 184
67 185
67 189
67 191
67 192
67 193
67 196
67 200
67 204
68 0
68 3
68 9
68 11
68 19
68 25
68 26
68 31
68 38
68 41
68 42
68 58
68 81
68 85
68 90
68 93
68 95
68 104
68 109
68 113
68 122
68 132
68 138
68 139
68 141
68 142
68 144
68 146
68 150
68 153
68 161
68 165
68 168
68 181
68 190
68 192
68 197
68 200
69 0
69 1
69 3
69 8
69 12
69 17
69 23
69 24
69 25
69 32
69 52
69 57
69 70
69 80
69 83
69 86
69 91
69 93
69 95
69 96
69 99
69 100
69 103
69 116
69 118
69 120
69 124
69 125
69 126
69 133
69 138
69 143
69 147
69 160
69 164
69 178
69 192
69 199
69 202
70 2
70 10
70 15
70 19
70 25
70 28
70 32
70 35
70 44
70 48
70 54
70 56
70 57
70 64
70 67
70 77
70 81
70 83
70 87
70 89
70 99
70 100
70 105
70 106
70 107
70 111
70 114
70 118
70 126
70 131
70 134
70 139
70 153
70 165
70 166
70 173
70 178
70 179
70 188
70 198
70 200
71 1
71 2
71 13
71 16
71 20
71 26
71 31
71 36
71 38
71 39
71 48
71 55
71 56
71 62
71 66
71 68
71 69
71 70
71 79
71 83
71 88
71 97
71 100
71 103
71 108
71 109
71 120
71 126
71 129
71 133
71 138
71 140
71 143
71 149
71 150
71 159
71 160
71 162
71 166
71 176
71 178
71 185
71 192
71 193
71 199
71 202
72 0
72 7
72 12
72 20
72 24
72 28
72 30
72 34
72 35
72 39
72 43
72 46
72 47
72 51
72 52
72 53
72 54
72 56
72 64
72 65
72 81
72 82
72 110
72 123
72 124
72 125
72 133
72 144
72 152
72 155
72 161
72 162
72 163
72 174
72 175
72 180
72 189
72 192
72 197
72 200
72 202
72 204
73 1
73 4
73 7
73 8
73 9
73 10
73 14
73 16
73 24
73 28
73 37
73 52
73 59
73 68
73 69
73 75
73 80
73 93
73 94
73 95
73 107
73 108
73 121
73 140
73 142
73 147
73 151
73 153
73 157
73 160
73 162
73 167
73 168
73 172
73 173
73 179
73 184
73 192
73 196
74 4
74 8
74 9
74 10
74 13
74 25
74 28
74 30
74 39
74 41
74 43
74 51
74 52
74 60
74 61
74 68
74 72
74 75
74 76
74 78
74 91
74 97
74 102
74 115
74 120
74 122
74 134
74 138
74 139
74 144
74 150
74 159
74 178
74 181
74 184
74 187
74 194
74 200
75 11
75 14
75 16
75 22
75 23
75 26
75 34
75 37
75 45
75 52
75 55
75 58
75 68
75 77
75 81
75 83
75 85
75 86
75 88
75 90
75 95
75 99
75 101
75 106
75 110
75 111
75 127
75 129
75 133
75 140
75 151
75 157
75 164
75 169
75 171
75 173
75 174
75 184
75 196
75 199
75 201
75 204
76 1
76 2
76 4
76 16
76 20
76 29
76 30
76 32
76 38
76 40
76 45
76 57
76 58
76 62
76 67
76 74
76 75
76 80
76 83
76 93
76 98
76 102
76 105
76 112
76 113
76 118
76 133
76 136
76 151
76 154
76 155
76 164
76 165
76 166
76 169
76 171
76 175
76 178
76 185
76 188
76 197
77 4
77 6
77 9
77 11
77 15
77 18
77 25
77 28
77 31
77 33
77 34
77 36
77 41
77 42
77 45
77 47
77 52
77 56
77 57
77 64
77 74
77 80
77 83
77 85
77 87
77 95
77 97
77 98
77 99
77 103
77 112
77 116
77 118
77 120
77 125
77 137
77 145
77 148
77 150
77 153
77 161
77 162
77 166
77 171
77 172
77 180
77 184
77 190
77 194
77 198
77 199
77 200
77 204
78 2
78 3
78 8
78 18
78 20
78 23
78 30
78 31
78 36
78 38
78 39
78 41
78 46
78 60
78 81
78 83
78 85
78 87
78 97
78 98
78 103
78 104
78 105
78 106
78 116
78 126
78 131
78 134
78 144
78 145
78 148
78 150
78 151
78 154
78 158
78 160
78 169
78 171
78 180
78 181
78 183
78 185
78 198
79 1
79 7
79 11
79 16
79 20
79 23
79 24
79 26
79 32
79 34
79 38
79 43
79 47
79 52
79 64
79 81
79 85
79 92
79 97
79 117
79 118
79 122
79 125
79 131
79 136
79 144
79 151
79 156
79 157
79 163
79 167
79 176
79 179
79 183
79 184
79 187
79 189
79 193
79 200
79 201
79 204
80 0
80 1
80 8
80 27
80 31
80 32
80 37
80 38
80 42
80 56
80 60
80 61
80 65
80 66
80 67
80 68
80 70
80 73
80 77
80 78
80 87
80 91
80 101
80 120
80 122
80 124
80 131
80 135
80 147
80 149
80 152
80 157
80 158
80 164
80 174
80 188
80 197
80 202
81 4
81 5
81 8
81 12
81 21
81 22
81 23
81 29
81 35
81 37
81 41
81 43
81 57
81 62
81 63
81 65
81 78
81 79
81 82
81 83
81 87
81 89
81 102
81 103
81 104
81 107
81 108
81 109
81 111
81 113
81 114
81 120
81 122
81 127
81 141
81 142
81 144
81 147
81 150
81 154
81 156
81 157
81 159
81 164
81 165
81 171
81 176
81 186
81 188
81 190
81 193
81 195
81 199
81 204
82 2
82 8
82 12
82 21
82 24
82 29
82 32
82 34
82 39
82 45
82 50
82 52
82 58
82 66
82 69
82 74
82 80
82 84
82 86
82 89
82 104
82 105
82 109
82 112
82 115
82 120
82 123
82 126
82 134
82 137
82 139
82 143
82 152
82 157
82 158
82 162
82 165
82 167
82 171
82 175
82 181
82 186
82 192
82 196
82 200
83 4
83 5
83 10
83 12
83 16
83 22
83 24
83 25
83 30
83 44
83 46
83 49
83 55
83 60
83 66
83 70
83 92
83 94
83 99
83 105
83 106
83 107
83 109
83 115
83 127
83 131
83 132
83 133
83 143
83 149
83 152
83 153
83 173
83 176
83 181
83 182
83 183
83 185
83 186
83 189
83 197
83 198
83 204
84 21
84 22
84 28
84 41
84 44
84 45
84 53
84 57
84 58
84 67
84 81
84 92
84 93
84 94
84 97
84 101
84 108
84 112
84 114
84 117
84 120
84 124
84 127
84 135
84 138
84 140
84 143
84 148
84 163
84 173
84 174
84 178
84 179
84 182
84 184
84 188
84 192
85 4
85 10
85 15
85 17
85 19
85 22
85 25
85 30
85 34
85 42
85 43
85 44
85 46
85 51
85 58
85 61
85 63
85 64
85 67
85 88
85 90
85 102
85 103
85 107
85 112
85 120
85 123
85 125
85 128
85 129
85 137
85 148
85 149
85 154
85 164
85 167
85 169
85 172
85 182
85 183
85 184
85 185
85 187
85 190
85 192
85 196
85 203
86 14
86 17
86 22
86 26
86 27
86 32
86 34
86 35
86 43
86 45
86 48
86 49
86 52
86 53
86 54
86 55
86 61
86 62
86 64
86 65
86 73
86 88
86 93
86 95
86 97
86 104
86 107
86 118
86 119
86 130
86 132
86 133
86 134
86 135
86 151
86 154
86 156
86 185
86 196
86 199
87 14
87 25
87 28
87 32
87 40
87 51
87 52
87 64
87 67
87 81
87 89
87 99
87 100
87 105
87 106
87 122
87 124
87 125
87 134
87 139
87 144
87 149
87 152
87 154
87 156
87 157
87 158
87 164
87 168
87 171
87 175
87 180
87 185
87 191
87 194
87 196
87 197
87 203
88 1
88 4
88 6
88 10
88 11
88 13
88 23
88 27
88 28
88 30
88 42
88 55
88 66
88 67
88 69
88 70
88 80
88 82
88 89
88 92
88 97
88 99
88 103
88 104
88 109
88 110
88 115
88 117
88 119
88 127
88 136
88 143
88 146
88 149
88 154
88 159
88 166
88 169
88 172
88 175
88 193
88 202
89 5
89 8
89 16
89 19
89 25
89 27
89 30
89 31
89 34
89 39
89 44
89 52
89 55
89 58
89 60
89 63
89 64
89 75
89 81
89 86
89 90
89 91
89 101
89 121
89 125
89 129
89 132
89 134
89 135
89 137
89 151
89 155
89 159
89 161
89 163
89 166
89 167
89 179
89 181
89 185
89 187
89 191
89 196
89 199
89 200
90 0
90 4
90 11
90 16
90 25
90 26
90 31
90 32
90 48
90 50
90 51
90 57
90 60
90 64
90 68
90 72
90 73
90 76
90 85
90 95
90 100
90 105
90 106
90 109
90 110
90 120
90 121
90 131
90 135
90 138
90 145
90 146
90 153
90 154
90 157
90 159
90 160
90 164
90 172
90 174
90 180
90 182
90 186
90 197
90 200
90 202
91 2
91 6
91 9
91 12
91 15
91 19
91 22
91 25
91 27
91 39
91 44
91 50
91 55
91 65
91 69
91 73
91 74
91 82
91 84
91 86
91 102
91 121
91 123
91 125
91 136
91 143
91 150
91 151
91 156
91 163
91 164
91 166
91 171
91 173
91 175
91 177
91 186
91 195
92 3
92 4
92 5
92 6
92 7
92 16
92 24
92 28
92 29
92 33
92 40
92 44
92 51
92 53
92 65
92 69
92 71
92 80
92 86
92 95
92 100
92 106
92 117
92 120
92 125
92 127
92 128
92 131
92 141
92 152
92 156
92 157
92 162
92 166
92 172
92 173
92 175
92 187
92 188
92 189
92 190
92 198
92 200
93 4
93 9
93 12
93 13
93 16
93 20
93 24
93 28
93 32
93 40
93 41
93 43
93 46
93 48
93 50
93 53
93 54
93 58
93 59
93 65
93 69
93 75
93 79
93 83
93 84
93 94
93 102
93 105
93 106
93 108
93 110
93 114
93 118
93 130
93 131
93 135
93 145
93 148
93 152
93 160
93 161
93 169
93 172
93 174
93 180
93 181
93 183
93 193
93 194
93 197
93 198
93 203
94 1
94 7
94 8
94 9
94 15
94 25
94 26
94 32
94 33
94 39
94 40
94 42
94 44
94 45
94 46
94 49
94 56
94 64
94 67
94 68
94 72
94 73
94 83
94 85
94 91
94 92
94 99
94 102
94 108
94 117
94 118
94 122
94 125
94 143
94 145
94 146
94 150
94 157
94 163
94 168
94 175
94 177
94 179
94 183
94 185
94 187
94 189
94 192
94 196
94 197
95 5
95 7
95 9
95 15
95 18
95 21
95 26
95 31
95 38
95 40
95 45
95 47
95 51
95 53
95 54
95 57
95 63
95 66
95 73
95 75
95 81
95 91
95 92
95 106
95 107
95 113
95 116
95 121
95 135
95 141
95 144
95 145
95 147
95 148
95 150
95 152
95 155
95 158
95 160
95 161
95 171
95 172
95 177
95 178
95 183
95 195
95 199
95 201
96 8
96 10
96 12
96 20
96 24
96 44
96 45
96 47
96 50
96 51
96 68
96 76
96 79
96 82
96 92
96 95
96 97
96 108
96 112
96 118
96 119
96 120
96 124
96 129
96 136
96 148
96 151
96 158
96 160
96 163
96 164
96 171
96 177
96 181
96 189
96 193
96 199
96 202
97 6
97 7
97 10
97 11
97 12
97 27
97 35
97 43
97 57
97 63
97 68
97 69
97 78
97 90
97 95
97 98
97 101
97 102
97 104
97 116
97 126
97 139
97 146
97 155
97 159
97 161
97 163
97 164
97 173
97 180
97 193
97 195
97 202
97 204
98 3
98 7
98 19
98 21
98 24
98 25
98 28
98 34
98 39
98 63
98 67
98 75
98 81
98 85
98 89
98 101
98 102
98 110
98 112
98 123
98 126
98 140
98 144
98 146
98 149
98 151
98 153
98 157
98 158
98 160
98 165
98 175
98 176
98 180
98 183
98 184
98 185
98 190
98 192
98 196
98 204
99 0
99 7
99 13
99 17
99 35
99 36
99 48
99 49
99 54
99 58
99 60
99 70
99 88
99 94
99 95
99 102
99 104
99 109
99 110
99 113
99 114
99 120
99 124
99 128
99 138
99 143
99 144
99 145
99 148
99 154
99 157
99 158
99 162
99 165
99 169
99 171
99 174
99 178
99 203
100 3
100 5
100 7
100 8
100 26
100 32
100 35
100 44
100 63
100 66
100 70
100 71
100 72
100 75
100 76
100 77
100 94
100 97
100 104
100 108
100 112
100 114
100 116
100 120
100 127
100 138
100 158
100 161
100 169
100 172
100 186
100 195
100 204
101 0
101 1
101 4
101 8
101 9
101 22
101 24
101 29
101 32
101 49
101 52
101 55
101 57
101 75
101 76
101 78
101 79
101 80
101 90
101 93
101 94
101 96
101 111
101 115
101 121
101 125
101 132
101 135
101 139
101 140
101 141
101 145
101 150
101 154
101 155
101 162
101 171
101 175
101 177
101 179
101 204
102 4
102 12
102 14
102 17
102 21
102 23
102 31
102 32
102 38
102 42
102 44
102 57
102 59
102 70
102 80
102 119
102 126
102 129
102 130
102 132
102 136
102 140
102 144
102 146
102 149
102 150
102 151
102 156
102 169
102 181
102 190
102 192
102 196
102 198
103 8
103 26
103 33
103 43
103 45
103 47
103 51
103 54
103 57
103 59
103 60
103 62
103 63
103 66
103 74
103 80
103 92
103 94
103 97
103 98
103 100
103 106
103 107
103 116
103 119
103 122
103 134
103 136
103 140
103 142
103 148
103 149
103 150
103 151
103 156
103 158
103 159
103 162
103 165
103 171
103 173
103 174
103 184
103 186
103 187
103 188
103 190
103 194
103 198
103 199
104 3
104 19
104 23
104 52
104 66
104 68
104 73
104 77
104 85
104 90
104 94
104 96
104 98
104 107
104 114
104 115
104 116
104 117
104 120
104 137
104 144
104 155
104 156
104 164
104 174
104 178
104 183
104 185
104 189
104 191
104 196
105 13
105 18
105 21
105 31
105 37
105 39
105 50
105 65
105 68
105 69
105 71
105 85
105 93
105 102
105 103
105 108
105 115
105 116
105 124
105 129
105 137
105 141
105 150
105 155
105 171
105 172
105 174
105 175
105 180
105 181
105 185
105 191
105 202
105 204
106 6
106 7
106 10
106 15
106 25
106 31
106 42
106 43
106 45
106 49
106 53
106 56
106 67
106 70
106 75
106 79
106 89
106 100
106 129
106 131
106 132
106 133
106 140
106 152
106 153
106 159
106 160
106 165
106 180
106 182
106 183
106 185
106 186
106 194
106 199
107 0
107 2
107 5
107 6
107 15
107 20
107 21
107 27
107 29
107 32
107 36
107 41
107 54
107 75
107 79
107 90
107 95
107 97
107 99
107 102
107 103
107 105
107 106
107 110
107 114
107 122
107 126
107 128
107 130
107 131
107 133
107 136
107 144
107 149
107 154
107 155
107 156
107 160
107 165
107 169
107 188
107 190
107 195
107 197
107 200
107 203
108 1
108 14
108 18
108 20
108 22
108 24
108 29
108 36
108 39
108 40
108 43
108 46
108 47
108 51
108 56
108 58
108 60
108 66
108 73
108 79
108 82
108 83
108 84
108 88
108 96
108 106
108 109
108 111
108 113
108 117
108 123
108 129
108 132
108 135
108 141
108 142
108 151
108 158
108 162
108 168
108 171
108 179
108 181
108 189
108 195
108 196
108 197
108 204
109 3
109 4
109 5
109 6
109 7
109 18
109 21
109 24
109 35
109 54
109 65
109 69
109 71
109 82
109 86
109 88
109 91
109 97
109 101
109 105
109 106
109 113
109 114
109 120
109 135
109 137
109 140
109 182
109 203
110 7
110 12
110 13
110 17
110 18
110 21
110 24
110 28
110 31
110 32
110 38
110 43
110 46
110 47
110 48
110 53
110 57
110 62
110 63
110 72
110 88
110 92
110 96
110 97
110 99
110 101
110 103
110 120
110 121
110 123
110 131
110 137
110 138
110 146
110 147
110 163
110 166
110 167
110 169
110 173
110 174
110 176
110 181
110 183
110 198
110 201
110 202
111 8
111 9
111 10
111 16
111 21
111 33
111 38
111 40
111 42
111 43
111 45
111 46
111 57
111 58
111 59
111 77
111 79
111 82
111 87
111 90
111 91
111 92
111 98
111 99
111 116
111 129
111 140
111 151
111 155
111 156
111 165
111 168
111 169
111 185
111 193
111 200
111 202
111 203
112 3
112 10
112 18
112 27
112 29
112 31
112 37
112 38
112 39
112 40
112 59
112 62
112 63
112 66
112 68
112 76
112 85
112 93
112 103
112 108
112 113
112 118
112 119
112 123
112 128
112 129
112 130
112 131
112 136
112 137
112 150
112 162
112 165
112 167
112 172
112 173
112 181
112 184
112 186
112 187
112 203
112 204
113 6
113 11
113 12
113 21
113 23
113 27
113 53
113 56
113 57
113 61
113 73
113 78
113 82
113 84
113 91
113 95
113 98
113 104
113 107
113 108
113 126
113 133
113 141
113 143
113 144
113 146
113 148
113 149
113 151
113 156
113 160
113 162
113 167
113 169
113 181
113 184
113 200
113 202
114 0
114 2
114 3
114 14
114 28
114 46
114 50
114 53
114 55
114 56
114 62
114 63
114 64
114 76
114 77
114 90
114 96
114 104
114 110
114 115
114 116
114 123
114 124
114 127
114 129
114 134
114 139
114 140
114 162
114 167
114 168
114 170
114 186
114 191
114 193
114 195
114 201
114 204
115 1
115 8
115 13
115 16
115 18
115 25
115 27
115 36
115 39
115 41
115 44
115 46
115 62
115 67
115 68
115 70
115 73
115 88
115 90
115 91
115 99
115 101
115 108
115 113
115 120
115 126
115 139
115 148
115 149
115 154
115 158
115 166
115 169
115 178
115 181
115 183
115 184
115 187
115 188
115 191
115 201
116 0
116 3
116 4
116 10
116 11
116 20
116 21
116 23
116 27
116 32
116 33
116 38
116 41
116 49
116 59
116 64
116 67
116 68
116 79
116 85
116 88
116 89
116 90
116 102
116 108
116 109
116 117
116 122
116 131
116 137
116 140
116 150
116 157
116 159
116 164
116 172
116 174
116 180
116 193
116 204
117 2
117 5
117 6
117 7
117 11
117 18
117 19
117 24
117 36
117 38
117 40
117 46
117 55
117 58
117 60
117 61
117 66
117 71
117 74
117 79
117 86
117 87
117 93
117 105
117 109
117 116
117 118
117 121
117 137
117 158
117 162
117 164
117 165
117 166
117 168
117 170
117 179
117 181
117 182
117 183
117 188
117 191
117 194
117 199
117 200
117 201
117 202
117 204
118 6
118 9
118 14
118 18
118 24
118 27
118 31
118 32
118 36
118 39
118 44
118 49
118 61
118 62
118 63
118 64
118 71
118 73
118 75
118 81
118 88
118 110
118 113
118 121
118 123
118 130
118 133
118 139
118 147
118 148
118 154
118 156
118 157
118 159
118 162
118 166
118 180
118 188
118 190
118 191
118 197
118 203
119 0
119 1
119 3
119 4
119 9
119 12
119 18
119 20
119 24
119 28
119 38
119 40
119 49
119 53
119 59
119 60
119 66
119 67
119 78
119 79
119 85
119 86
119 93
119 95
119 102
119 108
119 114
119 120
119 126
119 131
119 137
119 139
119 143
119 145
119 147
119 149
119 158
119 163
119 169
119 190
119 193
119 194
119 196
119 197
120 1
120 12
120 14
120 19
120 21
120 28
120 29
120 33
120 35
120 40
120 44
120 51
120 53
120 60
120 64
120 68
120 69
120 79
120 80
120 86
120 87
120 88
120 94
120 104
120 107
120 108
120 113
120 116
120 117
120 126
120 129
120 144
120 146
120 151
120 165
120 166
120 174
120 175
120 176
120 180
120 183
120 184
120 190
120 191
120 199
120 200
121 4
121 5
121 10
121 16
121 20
121 33
121 37
121 38
121 39
121 48
121 54
121 62
121 63
121 66
121 67
121 74
121 75
121 79
121 81
121 83
121 85
121 91
121 97
121 99
121 100
121 112
121 129
121 140
121 149
121 163
121 167
121 169
121 177
121 181
121 186
121 193
121 202
122 1
122 4
122 7
122 12
122 15
122 24
122 28
122 33
122 34
122 38
122 41
122 50
122 58
122 60
122 61
122 62
122 66
122 67
122 69
122 77
122 78
122 81
122 86
122 87
122 88
122 90
122 96
122 97
122 114
122 128
122 129
122 135
122 144
122 146
122 149
122 151
122 159
122 168
122 171
122 172
122 174
122 178
122 185
122 193
122 194
122 202
122 203
123 0
123 7
123 8
123 18
123 20
123 36
123 43
123 45
123 51
123 54
123 56
123 62
123 69
123 71
123 80
123 82
123 85
123 86
123 88
123 90
123 110
123 119
123 122
123 124
123 125
123 129
123 130
123 131
123 140
123 141
123 154
123 162
123 164
123 166
123 177
123 201
124 4
124 7
124 12
124 18
124 28
124 32
124 35
124 37
124 39
124 43
124 45
124 51
124 54
124 55
124 56
124 57
124 62
124 69
124 70
124 77
124 78
124 85
124 88
124 89
124 90
124 93
124 94
124 96
124 98
124 99
124 100
124 101
124 107
124 110
124 112
124 113
124 114
124 121
124 125
124 131
124 132
124 138
124 140
124 141
124 149
124 152
124 156
124 168
124 169
124 170
124 176
124 177
124 182
124 202
125 2
125 6
125 12
125 17
125 21
125 24
125 27
125 36
125 46
125 47
125 54
125 56
125 81
125 88
125 93
125 94
125 101
125 114
125 120
125 121
125 122
125 124
125 126
125 129
125 133
125 145
125 148
125 153
125 159
125 160
125 168
125 173
125 175
125 181
125 193
125 194
125 196
125 202
125 203
126 0
126 4
126 6
126 7
126 9
126 15
126 18
126 33
126 34
126 36
126 38
126 39
126 40
126 48
126 55
126 59
126 63
126 65
126 69
126 75
126 84
126 85
126 88
126 89
126 93
126 95
126 98
126 105
126 108
126 111
126 112
126 114
126 117
126 119
126 120
126 129
126 131
126 132
126 135
126 161
126 165
126 179
126 180
126 196
126 203
127 1
127 2
127 3
127 7
127 9
127 13
127 18
127 23
127 30
127 31
127 39
127 46
127 48
127 53
127 55
127 58
127 63
127 74
127 75
127 79
127 80
127 83
127 88
127 95
127 98
127 103
127 106
127 112
127 116
127 117
127 123
127 126
127 128
127 130
127 132
127 141
127 164
127 167
127 168
127 170
127 186
127 187
127 192
128 5
128 6
128 7
128 10
128 11
128 15
128 39
128 52
128 54
128 67
128 72
128 82
128 90
128 104
128 105
128 106
128 112
128 113
128 118
128 120
128 123
128 126
128 130
128 137
128 138
128 140
128 152
128 154
128 159
128 161
128 162
128 175
128 177
128 183
128 185
128 196
128 197
128 200
128 202
129 7
129 9
129 10
129 15
129 31
129 34
129 39
129 46
129 48
129 53
129 59
129 64
129 67
129 68
129 71
129 78
129 80
129 82
129 83
129 88
129 91
129 92
129 101
129 105
129 106
129 112
129 116
129 118
129 119
129 130
129 144
129 156
129 163
129 164
129 169
129 171
129 172
129 181
129 185
129 191
129 193
129 194
129 195
129 197
129 198
130 0
130 1
130 5
130 13
130 24
130 31
130 37
130 41
130 48
130 51
130 53
130 55
130 69
130 92
130 99
130 100
130 121
130 122
130 124
130 133
130 134
130 136
130 137
130 138
130 139
130 145
130 150
130 151
130 156
130 157
130 158
130 161
130 164
130 167
130 172
130 174
130 188
130 203
130 204
131 0
131 6
131 8
131 13
131 18
131 21
131 33
131 37
131 53
131 56
131 68
131 70
131 74
131 77
131 88
131 89
131 91
131 94
131 100
131 102
131 112
131 122
131 124
131 130
131 133
131 140
131 141
131 143
131 165
131 170
131 172
131 173
131 183
131 190
131 200
132 4
132 6
132 7
132 14
132 20
132 22
132 32
132 34
132 35
132 42
132 50
132 51
132 54
132 56
132 58
132 61
132 65
132 71
132 76
132 77
132 78
132 82
132 85
132 89
132 104
132 105
132 106
132 111
132 113
132 123
132 129
132 130
132 136
132 141
132 147
132 148
132 149
132 151
132 169
132 176
132 179
132 199
132 201
132 204
133 4
133 16
133 18
133 25
133 41
133 48
133 49
133 53
133 55
133 63
133 80
133 115
133 117
133 124
133 128
133 144
133 145
133 146
133 150
133 153
133 155
133 156
133 158
133 161
133 162
133 166
133 169
133 173
133 176
133 177
133 178
133 188
133 189
133 190
133 191
133 192
133 195
133 196
133 199
133 201
134 1
134 8
134 16
134 20
134 22
134 27
134 28
134 30
134 32
134 33
134 34
134 41
134 45
134 64
134 67
134 69
134 86
134 88
134 93
134 98
134 118
134 131
134 133
134 138
134 144
134 149
134 152
134 157
134 163
134 167
134 176
134 181
134 194
134 196
134 199
134 200
134 201
135 6
135 8
135 12
135 13
135 19
135 21
135 23
135 29
135 57
135 60
135 69
135 89
135 92
135 113
135 115
135 120
135 131
135 137
135 152
135 156
135 162
135 163
135 180
135 181
135 190
135 194
135 202
136 8
136 14
136 22
136 37
136 39
136 42
136 44
136 57
136 74
136 75
136 76
136 80
136 82
136 86
136 87
136 88
136 90
136 95
136 105
136 107
136 110
136 115
136 118
136 127
136 128
136 131
136 138
136 146
136 149
136 152
136 168
136 170
136 179
136 184
136 185
136 188
136 195
136 197
136 199
137 0
137 1
137 2
137 9
137 13
137 15
137 20
137 23
137 31
137 35
137 37
137 42
137 44
137 45
137 49
137 55
137 56
137 60
137 62
137 65
137 66
137 69
137 71
137 73
137 74
137 76
137 78
137 80
137 87
137 88
137 95
137 98
137 99
137 106
137 111
137 115
137 116
137 127
137 132
137 139
137 163
137 164
137 167
137 169
137 177
137 202
138 2
138 11
138 15
138 18
138 23
138 26
138 28
138 38
138 41
138 69
138 74
138 76
138 81
138 85
138 88
138 90
138 91
138 105
138 109
138 111
138 116
138 121
138 123
138 131
138 140
138 141
138 143
138 144
138 146
138 149
138 158
138 159
138 163
138 168
138 172
138 188
138 195
138 196
138 202
139 1
139 3
139 11
139 12
139 13
139 22
139 30
139 35
139 37
139 47
139 50
139 53
139 58
139 60
139 69
139 70
139 76
139 80
139 84
139 86
139 90
139 94
139 96
139 119
139 142
139 146
139 147
139 153
139 159
139 160
139 162
139 163
139 165
139 181
139 184
139 187
139 189
139 192
139 193
139 201
140 2
140 5
140 10
140 12
140 28
140 32
140 35
140 37
140 43
140 44
140 53
140 54
140 58
140 61
140 62
140 67
140 68
140 74
140 77
140 83
140 85
140 103
140 105
140 110
140 120
140 125
140 131
140 144
140 174
140 187
140 194
141 1
141 2
141 6
141 7
141 11
141 12
141 15
141 20
141 24
141 26
141 29
141 33
141 43
141 52
141 60
141 61
141 64
141 65
141 66
141 77
141 78
141 85
141 87
141 98
141 103
141 106
141 110
141 124
141 125
141 126
141 133
141 138
141 147
141 158
141 161
141 167
141 168
141 169
141 177
141 178
141 186
141 187
141 190
141 203
141 204
142 2
142 3
142 4
142 5
142 14
142 20
142 24
142 34
142 37
142 40
142 46
142 48
142 52
142 58
142 66
142 67
142 70
142 74
142 81
142 82
142 89
142 100
142 105
142 107
142 111
142 117
142 121
142 131
142 141
142 144
142 145
142 146
142 150
142 157
142 161
142 163
142 166
142 167
142 169
142 176
142 177
142 181
142 183
142 185
142 201
143 5
143 9
143 17
143 30
143 33
143 47
143 48
143 50
143 51
143 58
143 61
143 65
143 66
143 68
143 74
143 78
143 83
143 87
143 88
143 90
143 93
143 101
143 106
143 107
143 112
143 113
143 114
143 118
143 126
143 128
143 132
143 134
143 137
143 149
143 150
143 157
143 167
143 170
143 171
143 172
143 175
143 181
143 187
143 197
144 4
144 6
144 7
144 19
144 20
144 24
144 26
144 27
144 30
144 31
144 60
144 64
144 67
144 68
144 71
144 76
144 81
144 85
144 92
144 94
144 110
144 115
144 119
144 126
144 127
144 136
144 142
144 143
144 148
144 150
144 152
144 154
144 157
144 166
144 169
144 171
144 176
144 178
144 189
144 192
144 200
144 202
145 4
145 5
145 13
145 14
145 22
145 37
145 39
145 40
145 43
145 47
145 48
145 51
145 52
145 56
145 57
145 69
145 71
145 75
145 81
145 85
145 87
145 89
145 90
145 94
145 105
145 106
145 120
145 126
145 127
145 130
145 133
145 147
145 149
145 150
145 151
145 153
145 154
145 162
145 169
145 170
145 172
145 173
145 179
145 182
145 185
145 187
145 189
145 194
145 195
145 198
145 200
145 204
146 2
146 3
146 9
146 14
146 19
146 24
146 26
146 27
146 28
146 30
146 37
146 40
146 45
146 47
146 52
146 54
146 55
146 60
146 83
146 89
146 106
146 107
146 109
146 112
146 116
146 124
146 125
146 134
146 142
146 145
146 148
146 157
146 159
146 163
146 164
146 168
146 190
146 197
146 204
147 0
147 4
147 5
147 15
147 23
147 30
147 32
147 34
147 49
147 51
147 55
147 59
147 61
147 67
147 70
147 71
147 72
147 73
147 76
147 79
147 80
147 81
147 82
147 84
147 85
147 86
147 92
147 99
147 103
147 111
147 113
147 116
147 131
147 140
147 144
147 145
147 171
147 173
147 180
147 183
147 186
147 192
147 197
147 202
148 8
148 31
148 34
148 38
148 44
148 53
148 55
148 70
148 72
148 75
148 76
148 83
148 91
148 94
148 105
148 106
148 110
148 121
148 124
148 135
148 136
148 144
148 145
148 150
148 151
148 157
148 159
148 163
148 168
148 169
148 174
148 178
148 182
148 183
148 195
148 201
148 202
149 6
149 7
149 12
149 13
149 14
149 26
149 42
149 43
149 44
149 54
149 58
149 59
149 65
149 71
149 73
149 85
149 86
149 89
149 90
149 91
149 92
149 95
149 97
149 99
149 100
149 102
149 109
149 116
149 122
149 139
149 142
149 145
149 151
149 155
149 157
149 164
149 165
149 171
149 172
149 175
149 179
149 187
149 191
149 195
150 6
150 14
150 25
150 27
150 30
150 33
150 37
150 39
150 46
150 47
150 50
150 53
150 54
150 65
150 66
150 69
150 88
150 89
150 92
150 93
150 95
150 107
150 111
150 123
150 124
150 125
150 126
150 129
150 132
150 134
150 135
150 140
150 143
150 151
150 162
150 164
150 169
150 195
150 197
150 199
150 200
150 203
150 204
151 0
151 7
151 8
151 9
151 13
151 15
151 22
151 27
151 32
151 35
151 47
151 55
151 60
151 63
151 70
151 71
151 72
151 78
151 80
151 83
151 84
151 91
151 97
151 98
151 104
151 107
151 108
151 133
151 141
151 142
151 145
151 153
151 158
151 162
151 168
151 171
151 181
151 183
151 185
151 188
151 190
151 193
151 199
152 0
152 7
152 20
152 25
152 34
152 36
152 39
152 41
152 42
152 43
152 50
152 53
152 55
152 56
152 59
152 68
152 83
152 85
152 87
152 89
152 90
152 96
152 109
152 113
152 115
152 116
152 124
152 126
152 132
152 142
152 148
152 156
152 157
152 159
152 163
152 171
152 172
152 179
152 181
152 185
152 190
152 192
152 194
152 202
153 0
153 4
153 9
153 11
153 13
153 18
153 33
153 37
153 39
153 44
153 48
153 61
153 67
153 75
153 78
153 83
153 84
153 86
153 98
153 100
153 106
153 108
153 111
153 119
153 121
153 124
153 126
153 130
153 134
153 138
153 144
153 145
153 147
153 158
153 160
153 163
153 165
153 174
153 180
153 193
153 196
153 197
154 9
154 16
154 20
154 25
154 27
154 35
154 36
154 54
154 55
154 56
154 65
154 66
154 71
154 75
154 83
154 86
154 104
154 106
154 108
154 110
154 112
154 119
154 123
154 132
154 136
154 139
154 141
154 145
154 147
154 155
154 162
154 164
154 171
154 175
154 176
154 180
154 195
154 204
155 2
155 4
155 11
155 22
155 23
155 24
155 38
155 48
155 58
155 72
155 76
155 79
155 85
155 86
155 90
155 99
155 113
155 115
155 121
155 123
155 124
155 125
155 130
155 138
155 139
155 142
155 148
155 151
155 157
155 171
155 177
155 197
155 201
156 0
156 5
156 8
156 12
156 15
156 22
156 23
156 26
156 28
156 41
156 43
156 47
156 50
156 53
156 55
156 57
156 60
156 62
156 65
156 73
156 74
156 81
156 85
156 89
156 95
156 99
156 102
156 107
156 117
156 118
156 122
156 129
156 133
156 136
156 139
156 142
156 145
156 147
156 150
156 152
156 158
156 159
156 162
156 170
156 181
156 185
156 186
156 188
156 191
157 0
157 7
157 11
157 22
157 26
157 27
157 37
157 38
157 43
157 46
157 58
157 60
157 66
157 74
157 76
157 82
157 91
157 108
157 116
157 119
157 124
157 127
157 137
157 138
157 140
157 149
157 154
157 156
157 161
157 166
157 168
157 176
157 178
157 183
157 186
157 197
157 201
157 204
158 2
158 5
158 12
158 18
158 20
158 26
158 27
158 33
158 42
158 60
158 61
158 63
158 75
158 80
158 86
158 96
158 108
158 114
158 121
158 126
158 136
158 143
158 144
158 146
158 149
158 150
158 152
158 163
158 165
158 168
158 170
158 178
158 192
158 197
158 199
158 201
159 0
159 7
159 11
159 14
159 16
159 18
159 19
159 28
159 34
159 36
159 49
159 54
159 59
159 67
159 78
159 96
159 97
159 98
159 102
159 108
159 111
159 115
159 117
159 131
159 132
159 135
159 144
159 149
159 152
159 158
159 160
159 165
159 166
159 169
159 180
159 188
159 196
160 8
160 20
160 24
160 46
160 48
160 51
160 54
160 56
160 66
160 68
160 69
160 74
160 91
160 93
160 109
160 135
160 140
160 144
160 154
160 157
160 159
160 187
160 193
160 194
160 195
160 197
160 200
160 204
161 1
161 2
161 3
161 12
161 18
161 22
161 26
161 31
161 34
161 40
161 58
161 62
161 64
161 65
161 68
161 73
161 76
161 78
161 79
161 81
161 90
161 91
161 94
161 100
161 101
161 114
161 116
161 119
161 135
161 136
161 148
161 154
161 157
161 167
161 168
161 177
161 180
161 184
161 187
161 189
161 194
161 198
162 1
162 6
162 7
162 12
162 19
162 26
162 28
162 35
162 36
162 37
162 38
162 40
162 43
162 46
162 60
162 62
162 70
162 72
162 73
162 79
162 84
162 86
162 89
162 111
162 124
162 133
162 137
162 139
162 141
162 144
162 151
162 160
162 164
162 171
162 177
162 178
162 179
162 181
162 183
162 185
162 188
162 192
162 193
162 197
163 2
163 3
163 4
163 5
163 9
163 11
163 16
163 17
163 19
163 25
163 31
163 49
163 58
163 62
163 63
163 67
163 68
163 74
163 85
163 89
163 91
163 92
163 95
163 102
163 104
163 107
163 109
163 115
163 116
163 117
163 122
163 128
163 129
163 132
163 134
163 135
163 140
163 143
163 150
163 152
163 153
163 155
163 159
163 169
163 172
163 177
163 183
163 184
163 196
163 198
163 201
163 203
163 204
164 9
164 15
164 21
164 31
164 36
164 37
164 44
164 50
164 52
164 53
164 55
164 70
164 71
164 72
164 73
164 75
164 77
164 79
164 84
164 87
164 88
164 91
164 94
164 104
164 106
164 113
164 116
164 120
164 136
164 145
164 149
164 150
164 155
164 160
164 163
164 165
164 171
164 174
164 178
164 186
164 203
165 3
165 4
165 7
165 16
165 23
165 25
165 26
165 27
165 29
165 32
165 36
165 39
165 52
165 54
165 71
165 77
165 86
165 87
165 98
165 100
165 106
165 108
165 116
165 121
165 125
165 127
165 131
165 141
165 142
165 145
165 147
165 148
165 154
165 160
165 183
165 190
165 197
166 4
166 6
166 7
166 19
166 24
166 28
166 31
166 51
166 53
166 57
166 68
166 71
166 74
166 76
166 95
166 99
166 112
166 114
166 117
166 118
166 122
166 125
166 126
166 129
166 131
166 132
166 135
166 142
166 157
166 164
166 168
166 170
166 182
166 195
166 200
167 2
167 10
167 12
167 14
167 16
167 19
167 20
167 21
167 23
167 25
167 26
167 28
167 33
167 35
167 37
167 38
167 42
167 43
167 44
167 52
167 60
167 63
167 72
167 82
167 87
167 97
167 104
167 108
167 118
167 119
167 125
167 126
167 127
167 131
167 134
167 136
167 138
167 140
167 143
167 146
167 147
167 153
167 160
167 168
167 180
167 181
167 187
167 188
167 191
167 200
167 202
168 13
168 18
168 31
168 33
168 46
168 49
168 70
168 80
168 82
168 85
168 97
168 98
168 101
168 114
168 118
168 119
168 126
168 127
168 131
168 134
168 138
168 149
168 150
168 156
168 161
168 163
168 164
168 165
168 183
168 197
168 200
168 204
169 16
169 17
169 19
169 20
169 21
169 26
169 27
169 32
169 34
169 41
169 42
169 43
169 47
169 50
169 55
169 67
169 70
169 88
169 91
169 93
169 100
169 103
169 106
169 122
169 130
169 132
169 133
169 147
169 148
169 150
169 158
169 164
169 166
169 171
169 180
169 181
169 182
169 185
169 192
169 202
170 0
170 22
170 26
170 29
170 34
170 36
170 37
170 39
170 40
170 47
170 50
170 51
170 53
170 55
170 59
170 63
170 67
170 68
170 73
170 84
170 89
170 92
170 93
170 96
170 101
170 102
170 104
170 112
170 117
170 129
170 132
170 139
170 148
170 149
170 158
170 160
170 161
170 165
170 168
170 173
170 174
170 175
170 176
170 177
170 184
170 194
170 196
171 0
171 5
171 8
171 17
171 19
171 20
171 30
171 32
171 33
171 34
171 37
171 39
171 40
171 43
171 49
171 50
171 52
171 53
171 56
171 57
171 63
171 64
171 66
171 69
171 75
171 78
171 80
171 82
171 87
171 90
171 95
171 96
171 97
171 131
171 136
171 139
171 141
171 142
171 147
171 148
171 151
171 154
171 157
171 159
171 161
171 178
171 180
171 181
171 185
171 193
171 197
171 201
172 5
172 7
172 20
172 27
172 28
172 33
172 35
172 48
172 51
172 52
172 60
172 65
172 67
172 68
172 70
172 75
172 78
172 83
172 85
172 87
172 88
172 100
172 101
172 102
172 105
172 108
172 114
172 119
172 125
172 128
172 131
172 138
172 140
172 142
172 145
172 146
172 150
172 153
172 154
172 156
172 167
172 174
172 178
172 183
172 187
172 199
172 204
173 4
173 5
173 9
173 20
173 22
173 25
173 28
173 30
173 32
173 37
173 41
173 42
173 47
173 51
173 53
173 60
173 61
173 62
173 74
173 75
173 77
173 79
173 85
173 94
173 95
173 97
173 101
173 105
173 107
173 119
173 136
173 142
173 143
173 149
173 154
173 160
173 171
173 175
173 181
173 189
173 193
173 194
173 196
173 201
173 203
174 0
174 1
174 8
174 18
174 19
174 26
174 27
174 36
174 42
174 49
174 52
174 72
174 78
174 80
174 86
174 87
174 102
174 103
174 105
174 117
174 118
174 130
174 138
174 139
174 142
174 144
174 149
174 152
174 160
174 163
174 164
174 166
174 171
174 177
174 180
174 183
174 185
174 189
174 192
174 201
174 203
174 204
175 2
175 8
175 17
175 21
175 27
175 30
175 39
175 41
175 42
175 50
175 51
175 53
175 58
175 63
175 64
175 69
175 76
175 80
175 83
175 89
175 90
175 91
175 92
175 94
175 97
175 99
175 105
175 108
175 115
175 116
175 120
175 125
175 127
175 132
175 137
175 140
175 142
175 151
175 154
175 155
175 158
175 180
175 185
175 186
175 194
175 200
176 6
176 22
176 23
176 29
176 36
176 40
176 42
176 48
176 50
176 51
176 53
176 55
176 57
176 59
176 63
176 65
176 66
176 67
176 69
176 76
176 79
176 90
176 91
176 92
176 96
176 101
176 102
176 104
176 106
176 107
176 125
176 133
176 134
176 136
176 137
176 140
176 141
176 146
176 160
176 198
176 203
177 8
177 12
177 14
177 18
177 25
177 26
177 33
177 39
177 52
177 57
177 58
177 64
177 66
177 73
177 83
177 87
177 96
177 97
177 110
177 127
177 132
177 140
177 145
177 156
177 162
177 163
177 164
177 168
177 173
177 178
177 181
177 183
177 189
177 190
177 195
177 200
178 3
178 8
178 9
178 17
178 25
178 33
178 44
178 48
178 50
178 52
178 53
178 54
178 62
178 81
178 86
178 88
178 97
178 104
178 105
178 106
178 109
178 112
178 114
178 117
178 119
178 128
178 130
178 140
178 146
178 168
178 169
178 185
178 188
178 189
178 195
178 196
178 198
178 199
178 201
179 3
179 10
179 13
179 15
179 18
179 19
179 29
179 34
179 36
179 46
179 48
179 56
179 57
179 59
179 60
179 63
179 67
179 72
179 91
179 93
179 95
179 104
179 113
179 115
179 118
179 122
179 126
179 130
179 135
179 139
179 153
179 160
179 164
179 170
179 178
179 181
179 184
179 186
179 188
179 189
179 194
179 200
179 203
180 0
180 11
180 22
180 23
180 25
180 39
180 45
180 48
180 50
180 52
180 63
180 68
180 70
180 73
180 77
180 78
180 79
180 92
180 99
180 101
180 104
180 108
180 113
180 128
180 133
180 135
180 141
180 142
180 144
180 145
180 151
180 154
180 155
180 160
180 163
180 164
180 167
180 175
180 179
180 182
180 186
180 189
180 192
180 198
180 201
180 203
180 204
181 4
181 9
181 15
181 17
181 18
181 20
181 25
181 34
181 38
181 44
181 45
181 48
181 49
181 58
181 63
181 67
181 68
181 74
181 79
181 84
181 85
181 86
181 95
181 99
181 106
181 107
181 118
181 119
181 128
181 130
181 134
181 140
181 144
181 157
181 159
181 163
181 167
181 174
181 183
181 184
181 191
181 196
182 0
182 1
182 5
182 7
182 18
182 22
182 27
182 36
182 46
182 52
182 58
182 62
182 78
182 87
182 89
182 97
182 104
182 107
182 109
182 111
182 116
182 122
182 123
182 127
182 132
182 142
182 145
182 147
182 151
182 154
182 157
182 161
182 162
182 169
182 173
182 174
182 176
182 179
182 181
182 188
182 191
182 195
182 200
183 3
183 9
183 22
183 28
183 41
183 46
183 48
183 49
183 53
183 67
183 70
183 76
183 77
183 78
183 83
183 86
183 89
183 92
183 98
183 104
183 105
183 106
183 109
183 110
183 121
183 124
183 125
183 128
183 153
183 160
183 170
183 176
183 178
183 181
183 191
183 194
183 197
183 199
184 3
184 11
184 21
184 32
184 34
184 44
184 59
184 61
184 67
184 71
184 75
184 79
184 88
184 93
184 97
184 104
184 110
184 115
184 116
184 118
184 123
184 130
184 131
184 133
184 140
184 141
184 144
184 153
184 155
184 157
184 159
184 161
184 164
184 168
184 174
184 177
184 178
184 180
184 183
184 198
184 202
185 7
185 9
185 20
185 24
185 31
185 34
185 37
185 38
185 42
185 43
185 50
185 53
185 57
185 62
185 75
185 76
185 78
185 86
185 88
185 90
185 94
185 96
185 99
185 105
185 113
185 124
185 131
185 134
185 146
185 147
185 151
185 154
185 157
185 162
185 166
185 169
185 174
185 187
185 190
185 194
185 198
185 202
186 4
186 6
186 7
186 8
186 10
186 11
186 13
186 15
186 19
186 27
186 45
186 46
186 48
186 49
186 57
186 61
186 64
186 75
186 77
186 83
186 84
186 85
186 92
186 94
186 96
186 97
186 102
186 105
186 107
186 112
186 115
186 122
186 123
186 128
186 136
186 137
186 140
186 142
186 154
186 159
186 161
186 165
186 171
186 179
186 180
186 194
186 197
186 200
187 0
187 5
187 12
187 17
187 18
187 25
187 36
187 37
187 38
187 45
187 51
187 54
187 55
187 61
187 75
187 77
187 79
187 87
187 88
187 96
187 97
187 98
187 115
187 119
187 125
187 128
187 130
187 152
187 153
187 155
187 160
187 174
187 182
187 184
187 193
187 202
187 204
188 6
188 8
188 10
188 11
188 12
188 13
188 15
188 17
188 21
188 23
188 32
188 34
188 36
188 41
188 44
188 45
188 48
188 50
188 52
188 57
188 58
188 59
188 60
188 62
188 66
188 69
188 74
188 79
188 80
188 82
188 100
188 108
188 120
188 121
188 124
188 151
188 152
188 160
188 164
188 167
188 177
188 180
188 181
188 183
188 192
188 195
188 198
188 199
189 2
189 3
189 12
189 14
189 19
189 22
189 31
189 40
189 43
189 46
189 48
189 51
189 53
189 56
189 57
189 64
189 67
189 70
189 77
189 93
189 94
189 104
189 105
189 113
189 119
189 123
189 130
189 139
189 142
189 146
189 154
189 156
189 160
189 167
189 172
189 181
189 184
189 188
189 196
189 202
190 5
190 9
190 20
190 27
190 31
190 34
190 45
190 48
190 49
190 51
190 53
190 58
190 60
190 63
190 66
190 67
190 73
190 90
190 95
190 103
190 120
190 121
190 124
190 125
190 126
190 141
190 144
190 152
190 157
190 170
190 173
190 181
190 182
190 188
190 200
191 7
191 8
191 13
191 15
191 22
191 24
191 28
191 30
191 32
191 33
191 39
191 43
191 48
191 53
191 54
191 56
191 57
191 60
191 62
191 65
191 72
191 76
191 83
191 90
191 92
191 93
191 95
191 102
191 104
191 110
191 114
191 116
191 119
191 128
191 132
191 149
191 153
191 159
191 161
191 165
191 170
191 181
191 187
191 196
191 198
191 199
191 201
191 204
192 0
192 1
192 4
192 13
192 17
192 19
192 21
192 24
192 26
192 37
192 45
192 49
192 54
192 57
192 58
192 60
192 64
192 66
192 71
192 73
192 75
192 76
192 78
192 81
192 84
192 85
192 87
192 91
192 92
192 96
192 98
192 101
192 103
192 104
192 109
192 113
192 114
192 120
192 123
192 133
192 138
192 144
192 146
192 155
192 156
192 157
192 159
192 160
192 161
192 171
192 172
192 181
193 6
193 9
193 29
193 35
193 36
193 38
193 50
193 52
193 57
193 58
193 61
193 62
193 63
193 73
193 77
193 84
193 95
193 99
193 105
193 107
193 108
193 112
193 121
193 122
193 125
193 131
193 152
193 154
193 156
193 163
193 172
193 183
193 188
193 195
193 198
193 201
193 204
194 13
194 14
194 17
194 26
194 36
194 37
194 43
194 62
194 63
194 65
194 67
194 74
194 75
194 80
194 93
194 94
194 96
194 98
194 99
194 111
194 114
194 118
194 127
194 128
194 130
194 137
194 144
194 170
194 176
194 178
194 189
194 192
194 193
194 203
195 7
195 27
195 28
195 29
195 31
195 41
195 53
195 58
195 60
195 74
195 80
195 83
195 89
195 95
195 99
195 100
195 102
195 105
195 108
195 111
195 117
195 124
195 129
195 141
195 142
195 147
195 166
195 170
195 171
195 173
195 180
195 200
195 203
196 4
196 9
196 21
196 22
196 25
196 28
196 36
196 42
196 46
196 47
196 51
196 53
196 55
196 56
196 57
196 59
196 71
196 94
196 96
196 99
196 102
196 104
196 106
196 107
196 119
196 124
196 133
196 135
196 137
196 144
196 150
196 156
196 162
196 172
196 176
196 183
196 185
196 186
196 189
196 191
196 202
197 1
197 2
197 14
197 16
197 23
197 30
197 34
197 37
197 44
197 50
197 57
197 59
197 61
197 68
197 70
197 72
197 76
197 77
197 89
197 90
197 91
197 109
197 117
197 120
197 127
197 128
197 136
197 141
197 147
197 148
197 150
197 153
197 154
197 168
197 169
197 176
197 179
197 180
197 196
197 200
197 203
197 204
198 2
198 9
198 11
198 12
198 14
198 17
198 22
198 49
198 55
198 61
198 62
198 64
198 68
198 69
198 77
198 80
198 85
198 86
198 90
198 95
198 113
198 117
198 118
198 120
198 130
198 132
198 140
198 143
198 144
198 145
198 146
198 147
198 148
198 153
198 159
198 164
198 170
198 173
198 175
198 176
198 177
198 179
198 183
198 189
198 191
198 195
198 196
198 203
198 204
199 2
199 4
199 9
199 18
199 23
199 30
199 33
199 34
199 40
199 45
199 49
199 56
199 58
199 59
199 60
199 61
199 62
199 87
199 94
199 95
199 100
199 107
199 108
199 117
199 118
199 121
199 123
199 129
199 144
199 147
199 153
199 154
199 161
199 166
199 174
199 182
199 184
199 186
199 196
199 200
199 202
200 3
200 11
200 12
200 15
200 22
200 26
200 28
200 31
200 34
200 49
200 51
200 52
200 59
200 67
200 75
200 82
200 83
200 85
200 88
200 89
200 93
200 103
200 109
200 114
200 117
200 121
200 123
200 125
200 131
200 137
200 145
200 150
200 155
200 167
200 168
200 180
200 181
200 183
200 185
200 187
200 189
200 191
200 195
200 196
200 201
201 3
201 9
201 18
201 21
201 22
201 27
201 28
201 32
201 40
201 41
201 46
201 47
201 49
201 52
201 67
201 68
201 75
201 77
201 78
201 79
201 88
201 91
201 103
201 107
201 108
201 115
201 116
201 123
201 125
201 134
201 135
201 136
201 138
201 140
201 149
201 150
201 155
201 157
201 164
201 175
201 176
201 188
201 196
201 198
201 203
202 4
202 7
202 8
202 15
202 16
202 18
202 19
202 20
202 25
202 29
202 30
202 32
202 38
202 39
202 42
202 43
202 49
202 50
202 51
202 53
202 73
202 74
202 75
202 79
202 81
202 82
202 85
202 89
202 90
202 92
202 96
202 97
202 98
202 99
202 101
202 102
202 104
202 105
202 114
202 115
202 116
202 118
202 121
202 123
202 130
202 142
202 147
202 160
202 166
202 175
202 176
202 186
202 187
202 192
202 203
202 204
203 6
203 7
203 10
203 15
203 18
203 21
203 27
203 30
203 34
203 36
203 38
203 40
203 41
203 43
203 46
203 49
203 51
203 52
203 64
203 74
203 83
203 89
203 102
203 104
203 111
203 112
203 124
203 126
203 130
203 131
203 144
203 147
203 148
203 151
203 156
203 160
203 168
203 170
203 174
203 182
203 194
204 0
204 11
204 19
204 26
204 36
204 37
204 46
204 48
204 53
204 58
204 59
204 61
204 62
204 65
204 70
204 75
204 77
204 78
204 80
204 86
204 88
204 89
204 91
204 96
204 97
204 98
204 99
204 100
204 101
204 114
204 129
204 132
204 138
204 140
204 145
204 146
204 153
204 154
204 156
204 157
204 158
204 160
204 180
204 184
204 187
204 190
204 191
204 193
