165
0 4
0 18
0 27
0 29
0 30
0 43
0 46
0 48
0 57
0 65
0 71
0 73
0 76
0 82
0 86
0 89
0 108
0 109
0 112
0 116
0 117
0 119
0 125
0 126
0 129
0 130
0 134
0 137
0 141
0 144
0 146
1 4
1 14
1 28
1 29
1 45
1 47
1 54
1 57
1 63
1 65
1 73
1 75
1 76
1 77
1 83
1 84
1 87
1 93
1 98
1 99
1 103
1 107
1 129
1 133
1 134
1 139
1 152
1 157
2 5
2 8
2 22
2 24
2 25
2 37
2 39
2 47
2 48
2 49
2 51
2 52
2 54
2 56
2 60
2 64
2 84
2 102
2 105
2 111
2 112
2 119
2 122
2 127
2 131
2 133
2 161
2 163
2 164
3 2
3 16
3 24
3 28
3 29
3 37
3 38
3 41
3 63
3 66
3 68
3 79
3 85
3 88
3 98
3 100
3 103
3 106
3 117
3 118
3 132
3 140
3 144
3 148
3 153
3 158
4 1
4 7
4 8
4 14
4 23
4 30
4 37
4 44
4 49
4 50
4 54
4 61
4 65
4 70
4 72
4 74
4 75
4 77
4 83
4 95
4 100
4 107
4 110
4 117
4 119
4 123
4 126
4 127
4 131
4 132
4 138
4 143
4 149
4 151
4 154
4 157
4 158
4 161
4 162
5 17
5 21
5 23
5 27
5 59
5 61
5 62
5 69
5 80
5 94
5 99
5 101
5 103
5 113
5 114
5 128
5 130
5 134
5 135
5 138
5 143
5 144
5 148
6 3
6 5
6 12
6 13
6 21
6 22
6 29
6 31
6 33
6 35
6 41
6 46
6 47
6 54
6 76
6 79
6 80
6 85
6 93
6 102
6 112
6 113
6 121
6 122
6 124
6 130
6 133
6 140
6 143
6 146
6 151
6 152
6 155
7 10
7 11
7 14
7 17
7 19
7 20
7 26
7 40
7 48
7 50
7 56
7 57
7 62
7 68
7 93
7 95
7 97
7 105
7 108
7 121
7 126
7 130
7 136
7 142
7 145
7 158
7 160
8 1
8 4
8 5
8 11
8 14
8 16
8 20
8 24
8 39
8 41
8 46
8 55
8 56
8 58
8 79
8 81
8 83
8 91
8 98
8 102
8 108
8 111
8 116
8 136
8 141
8 145
8 154
8 155
8 159
8 162
8 164
9 0
9 3
9 5
9 16
9 17
9 18
9 23
9 26
9 36
9 37
9 39
9 41
9 49
9 52
9 53
9 54
9 70
9 74
9 78
9 79
9 81
9 88
9 90
9 94
9 95
9 99
9 102
9 104
9 107
9 113
9 119
9 131
9 133
9 144
9 145
9 152
9 154
9 156
9 161
10 2
10 11
10 12
10 17
10 21
10 30
10 32
10 36
10 37
10 42
10 49
10 57
10 59
10 63
10 64
10 66
10 70
10 73
10 89
10 91
10 95
10 105
10 107
10 132
10 153
11 4
11 7
11 14
11 19
11 23
11 31
11 32
11 36
11 42
11 45
11 48
11 64
11 78
11 80
11 83
11 88
11 91
11 92
11 100
11 109
11 110
11 124
11 130
11 132
11 142
11 148
11 155
11 160
11 161
12 4
12 8
12 10
12 15
12 16
12 17
12 18
12 22
12 29
12 31
12 37
12 46
12 51
12 52
12 57
12 59
12 63
12 64
12 71
12 73
12 80
12 89
12 94
12 95
12 96
12 102
12 105
12 107
12 113
12 118
12 130
12 133
12 134
12 145
12 147
12 150
12 152
13 0
13 8
13 15
13 18
13 23
13 31
13 47
13 48
13 49
13 62
13 68
13 72
13 78
13 84
13 85
13 88
13 94
13 97
13 99
13 103
13 111
13 120
13 121
13 125
13 126
13 136
13 138
13 141
13 145
13 147
13 153
13 154
13 158
13 163
14 3
14 10
14 17
14 20
14 25
14 28
14 37
14 40
14 53
14 54
14 62
14 69
14 73
14 86
14 92
14 101
14 108
14 110
14 111
14 118
14 129
14 138
14 156
15 6
15 7
15 8
15 25
15 26
15 30
15 33
15 40
15 46
15 48
15 60
15 71
15 76
15 79
15 81
15 95
15 98
15 101
15 106
15 118
15 123
15 130
15 131
15 136
15 137
15 143
15 144
15 146
15 148
15 154
15 157
15 160
16 4
16 7
16 15
16 21
16 24
16 32
16 34
16 38
16 42
16 45
16 52
16 60
16 62
16 63
16 66
16 78
16 91
16 92
16 96
16 100
16 107
16 115
16 116
16 129
16 132
16 135
16 137
16 138
16 141
16 143
16 146
16 149
16 157
16 161
16 162
17 0
17 1
17 24
17 32
17 37
17 38
17 41
17 50
17 52
17 53
17 54
17 67
17 70
17 78
17 105
17 110
17 114
17 120
17 122
17 127
17 144
17 147
17 159
18 1
18 5
18 11
18 13
18 27
18 38
18 41
18 44
18 49
18 51
18 52
18 54
18 56
18 64
18 65
18 70
18 73
18 77
18 80
18 85
18 89
18 90
18 93
18 94
18 109
18 122
18 127
18 128
18 132
18 135
18 139
18 147
18 149
18 151
18 154
18 161
18 163
19 4
19 6
19 11
19 17
19 18
19 20
19 22
19 31
19 33
19 35
19 36
19 42
19 47
19 48
19 52
19 60
19 62
19 63
19 64
19 67
19 86
19 89
19 90
19 100
19 101
19 103
19 105
19 108
19 109
19 116
19 121
19 122
19 124
19 126
19 128
19 135
19 141
19 147
19 150
19 152
19 158
19 159
19 162
20 2
20 4
20 14
20 16
20 17
20 22
20 26
20 29
20 33
20 38
20 40
20 41
20 44
20 47
20 49
20 64
20 69
20 81
20 90
20 91
20 98
20 101
20 112
20 119
20 122
20 124
20 125
20 127
20 132
20 138
20 140
20 161
21 6
21 8
21 12
21 20
21 22
21 42
21 44
21 54
21 59
21 63
21 70
21 73
21 75
21 78
21 93
21 95
21 99
21 100
21 105
21 118
21 122
21 124
21 129
21 147
21 149
21 154
21 155
22 1
22 8
22 15
22 21
22 24
22 27
22 33
22 36
22 37
22 44
22 45
22 47
22 51
22 55
22 65
22 66
22 68
22 72
22 74
22 75
22 76
22 78
22 79
22 81
22 83
22 92
22 95
22 104
22 126
22 145
22 149
22 151
22 154
22 161
22 164
23 5
23 10
23 13
23 30
23 33
23 42
23 45
23 46
23 53
23 66
23 67
23 69
23 77
23 89
23 90
23 91
23 92
23 93
23 102
23 103
23 109
23 116
23 119
23 122
23 124
23 128
23 131
23 132
23 142
23 152
23 153
23 157
24 4
24 6
24 10
24 13
24 23
24 27
24 29
24 37
24 38
24 40
24 44
24 58
24 60
24 77
24 78
24 82
24 85
24 90
24 93
24 103
24 107
24 110
24 113
24 116
24 118
24 122
24 136
24 137
24 143
24 144
24 146
24 147
24 148
24 149
24 156
24 157
24 158
25 12
25 13
25 23
25 28
25 39
25 40
25 49
25 55
25 58
25 68
25 70
25 72
25 76
25 98
25 112
25 119
25 124
25 128
25 132
25 134
25 145
25 148
25 150
25 155
25 156
25 158
25 160
25 164
26 5
26 6
26 12
26 13
26 20
26 22
26 24
26 45
26 55
26 65
26 74
26 77
26 80
26 83
26 85
26 87
26 89
26 93
26 95
26 102
26 103
26 109
26 118
26 126
26 137
26 139
26 142
26 146
26 147
26 151
26 160
26 163
27 2
27 5
27 9
27 12
27 18
27 25
27 35
27 41
27 49
27 57
27 61
27 67
27 68
27 78
27 81
27 83
27 86
27 98
27 105
27 107
27 115
27 119
27 143
27 148
27 151
27 163
28 1
28 7
28 13
28 14
28 15
28 27
28 31
28 34
28 38
28 40
28 41
28 58
28 65
28 68
28 75
28 79
28 103
28 106
28 109
28 118
28 135
28 139
28 140
28 149
28 151
28 157
28 161
28 162
28 164
29 0
29 8
29 30
29 33
29 41
29 47
29 53
29 70
29 78
29 79
29 88
29 89
29 107
29 115
29 116
29 118
29 119
29 124
29 126
29 128
29 133
29 145
29 147
29 155
29 156
29 160
29 164
30 0
30 15
30 17
30 24
30 28
30 41
30 52
30 56
30 57
30 76
30 90
30 93
30 98
30 109
30 114
30 117
30 122
30 123
30 127
30 128
30 134
30 138
30 146
30 152
30 153
30 163
30 164
31 0
31 6
31 11
31 19
31 21
31 25
31 30
31 38
31 43
31 46
31 48
31 49
31 53
31 58
31 72
31 73
31 75
31 84
31 89
31 112
31 117
31 118
31 125
31 127
31 129
31 145
31 147
31 149
31 150
31 156
31 158
32 3
32 4
32 5
32 18
32 22
32 24
32 25
32 31
32 37
32 45
32 54
32 55
32 66
32 68
32 71
32 72
32 73
32 76
32 89
32 91
32 92
32 93
32 102
32 104
32 105
32 107
32 113
32 121
32 129
32 131
32 132
32 135
32 143
32 144
32 150
32 156
33 0
33 8
33 11
33 28
33 30
33 34
33 47
33 50
33 76
33 77
33 78
33 80
33 83
33 84
33 88
33 90
33 92
33 98
33 99
33 102
33 108
33 115
33 117
33 121
33 125
33 130
33 135
33 154
33 155
33 159
33 162
34 0
34 6
34 10
34 20
34 22
34 25
34 31
34 46
34 49
34 53
34 59
34 63
34 64
34 74
34 87
34 91
34 92
34 95
34 101
34 116
34 118
34 136
34 138
35 0
35 3
35 8
35 12
35 30
35 49
35 50
35 55
35 59
35 64
35 66
35 79
35 80
35 87
35 93
35 106
35 108
35 112
35 115
35 120
35 123
35 126
35 133
35 147
35 148
35 150
35 162
36 4
36 7
36 15
36 21
36 26
36 32
36 37
36 40
36 42
36 48
36 53
36 54
36 57
36 62
36 63
36 67
36 68
36 71
36 74
36 75
36 80
36 84
36 86
36 90
36 97
36 106
36 112
36 128
36 129
36 143
36 147
36 154
36 155
36 156
36 157
36 160
36 161
37 5
37 10
37 14
37 22
37 23
37 26
37 32
37 38
37 48
37 70
37 76
37 77
37 83
37 92
37 96
37 100
37 101
37 104
37 126
37 128
37 129
37 141
37 151
37 154
37 155
37 157
37 161
38 5
38 10
38 19
38 20
38 30
38 39
38 41
38 46
38 51
38 54
38 65
38 76
38 78
38 84
38 88
38 90
38 94
38 95
38 105
38 110
38 124
38 127
38 130
38 138
38 139
38 141
38 142
38 144
38 145
38 147
38 156
38 163
39 0
39 1
39 4
39 15
39 19
39 22
39 24
39 28
39 29
39 31
39 42
39 46
39 48
39 54
39 55
39 60
39 75
39 85
39 87
39 90
39 93
39 98
39 100
39 102
39 107
39 112
39 113
39 116
39 119
39 123
39 124
39 154
39 159
39 164
40 9
40 11
40 13
40 18
40 19
40 29
40 30
40 36
40 39
40 41
40 49
40 54
40 57
40 58
40 60
40 71
40 81
40 85
40 87
40 89
40 90
40 109
40 110
40 125
40 135
40 136
40 138
40 146
40 150
40 151
40 156
40 160
40 161
40 162
41 9
41 10
41 17
41 21
41 22
41 24
41 30
41 33
41 34
41 35
41 42
41 51
41 53
41 57
41 59
41 60
41 62
41 63
41 66
41 67
41 72
41 78
41 80
41 92
41 100
41 102
41 109
41 113
41 135
41 136
41 137
41 148
41 153
41 154
42 5
42 6
42 7
42 9
42 27
42 29
42 34
42 44
42 45
42 46
42 49
42 72
42 76
42 77
42 83
42 86
42 93
42 95
42 103
42 107
42 118
42 121
42 136
42 138
42 142
42 144
42 152
42 156
42 160
42 164
43 4
43 20
43 25
43 26
43 33
43 34
43 39
43 44
43 46
43 47
43 48
43 59
43 62
43 72
43 75
43 78
43 81
43 90
43 93
43 97
43 101
43 108
43 112
43 123
43 130
43 137
43 139
43 147
43 156
44 11
44 20
44 22
44 27
44 43
44 50
44 52
44 59
44 61
44 66
44 72
44 75
44 80
44 81
44 83
44 98
44 107
44 122
44 127
44 128
44 130
44 132
44 133
44 135
44 136
44 139
44 141
44 159
44 161
45 6
45 10
45 11
45 12
45 13
45 22
45 27
45 32
45 35
45 39
45 50
45 58
45 62
45 70
45 76
45 86
45 92
45 97
45 101
45 108
45 110
45 112
45 115
45 118
45 120
45 129
45 146
45 147
45 150
45 154
45 158
45 161
45 163
45 164
46 10
46 11
46 13
46 16
46 35
46 49
46 56
46 65
46 88
46 91
46 104
46 105
46 118
46 120
46 127
46 129
46 130
46 131
46 133
46 134
46 135
46 144
46 150
46 162
47 2
47 7
47 9
47 11
47 12
47 13
47 15
47 16
47 25
47 30
47 31
47 34
47 38
47 44
47 46
47 48
47 54
47 64
47 68
47 70
47 71
47 76
47 88
47 90
47 93
47 101
47 106
47 107
47 121
47 129
47 132
47 138
47 144
47 149
47 150
47 157
47 164
48 0
48 1
48 4
48 6
48 15
48 17
48 19
48 25
48 26
48 28
48 39
48 45
48 55
48 59
48 65
48 74
48 79
48 84
48 89
48 95
48 96
48 105
48 109
48 125
48 126
48 129
48 135
48 140
48 141
48 142
48 147
48 151
48 152
48 153
48 164
49 1
49 5
49 6
49 21
49 23
49 27
49 29
49 31
49 39
49 40
49 45
49 50
49 58
49 59
49 61
49 64
49 69
49 71
49 74
49 77
49 86
49 96
49 99
49 100
49 101
49 106
49 113
49 117
49 120
49 126
49 128
49 138
49 150
49 152
49 159
50 15
50 17
50 26
50 36
50 48
50 57
50 61
50 65
50 66
50 71
50 72
50 73
50 74
50 77
50 84
50 85
50 90
50 97
50 100
50 102
50 109
50 114
50 116
50 122
50 131
50 134
50 143
50 146
50 152
50 156
50 158
50 164
51 0
51 1
51 7
51 16
51 21
51 24
51 34
51 50
51 55
51 62
51 64
51 72
51 74
51 77
51 81
51 98
51 106
51 107
51 109
51 110
51 111
51 113
51 114
51 121
51 122
51 127
51 134
51 138
51 143
51 145
51 146
51 148
51 154
51 160
52 19
52 20
52 27
52 32
52 37
52 43
52 45
52 46
52 48
52 63
52 65
52 66
52 69
52 71
52 75
52 80
52 82
52 83
52 84
52 85
52 86
52 87
52 92
52 104
52 109
52 111
52 115
52 119
52 126
52 132
52 146
52 148
52 151
53 0
53 11
53 13
53 14
53 17
53 27
53 29
53 31
53 35
53 38
53 41
53 45
53 46
53 62
53 68
53 72
53 75
53 77
53 99
53 103
53 111
53 112
53 117
53 119
53 120
53 121
53 136
53 139
53 141
53 142
53 145
53 153
53 156
53 162
53 163
54 2
54 7
54 8
54 12
54 14
54 19
54 22
54 23
54 31
54 32
54 33
54 41
54 42
54 43
54 47
54 49
54 52
54 55
54 57
54 66
54 68
54 76
54 79
54 81
54 84
54 89
54 94
54 95
54 104
54 107
54 115
54 119
54 122
54 125
54 127
54 135
54 138
54 144
54 145
54 146
54 150
54 163
55 4
55 5
55 9
55 11
55 23
55 28
55 29
55 30
55 32
55 41
55 42
55 53
55 59
55 72
55 73
55 85
55 87
55 94
55 101
55 102
55 103
55 108
55 111
55 121
55 124
55 146
55 149
55 154
55 156
55 157
55 158
55 159
55 160
55 161
56 5
56 6
56 7
56 9
56 12
56 14
56 16
56 18
56 19
56 20
56 38
56 47
56 50
56 54
56 59
56 70
56 71
56 73
56 76
56 85
56 98
56 99
56 100
56 101
56 104
56 120
56 122
56 125
56 127
56 128
56 131
56 133
56 141
56 142
56 149
56 157
56 159
56 161
57 3
57 5
57 7
57 13
57 16
57 18
57 20
57 21
57 25
57 26
57 34
57 35
57 38
57 40
57 47
57 48
57 65
57 66
57 71
57 74
57 75
57 82
57 84
57 86
57 90
57 92
57 93
57 101
57 103
57 105
57 106
57 117
57 120
57 125
57 133
57 145
57 151
57 152
57 153
57 156
57 158
58 0
58 1
58 13
58 14
58 26
58 28
58 42
58 46
58 49
58 60
58 64
58 67
58 69
58 72
58 90
58 95
58 96
58 98
58 103
58 106
58 108
58 110
58 113
58 115
58 124
58 132
58 134
58 146
58 155
58 156
58 163
59 3
59 11
59 19
59 21
59 27
59 43
59 47
59 60
59 78
59 82
59 87
59 89
59 92
59 96
59 102
59 106
59 122
59 129
59 130
59 132
59 134
59 142
59 146
59 155
59 157
59 164
60 1
60 3
60 6
60 13
60 27
60 29
60 34
60 36
60 37
60 41
60 51
60 52
60 54
60 65
60 68
60 70
60 73
60 78
60 79
60 84
60 96
60 101
60 107
60 115
60 127
60 129
60 133
60 135
60 136
60 150
61 1
61 12
61 20
61 24
61 25
61 29
61 30
61 31
61 35
61 36
61 46
61 49
61 52
61 53
61 55
61 62
61 68
61 69
61 70
61 76
61 83
61 85
61 89
61 92
61 93
61 94
61 95
61 99
61 103
61 105
61 118
61 137
61 143
61 152
61 157
61 164
62 2
62 6
62 18
62 19
62 23
62 24
62 25
62 34
62 40
62 49
62 50
62 65
62 66
62 75
62 82
62 97
62 99
62 103
62 113
62 114
62 120
62 122
62 125
62 130
62 136
62 139
62 140
62 144
62 146
62 149
62 152
62 155
62 158
63 9
63 15
63 25
63 30
63 38
63 42
63 54
63 57
63 66
63 73
63 79
63 88
63 98
63 103
63 109
63 120
63 121
63 130
63 133
63 152
63 154
63 155
63 157
64 4
64 6
64 11
64 13
64 14
64 34
64 36
64 43
64 44
64 65
64 67
64 69
64 75
64 76
64 83
64 85
64 92
64 104
64 110
64 111
64 114
64 124
64 126
64 130
64 136
64 140
64 141
64 142
64 144
64 146
64 148
64 155
65 0
65 1
65 2
65 11
65 15
65 17
65 20
65 40
65 42
65 47
65 52
65 53
65 54
65 56
65 57
65 66
65 67
65 85
65 90
65 92
65 105
65 107
65 111
65 114
65 115
65 117
65 121
65 122
65 126
65 127
65 138
65 156
65 157
65 162
66 10
66 14
66 17
66 21
66 35
66 36
66 38
66 45
66 62
66 64
66 67
66 76
66 81
66 96
66 98
66 104
66 108
66 109
66 118
66 132
66 141
66 143
66 150
66 152
66 156
66 160
66 164
67 0
67 9
67 12
67 17
67 24
67 25
67 26
67 28
67 31
67 41
67 49
67 53
67 59
67 60
67 62
67 64
67 66
67 68
67 70
67 71
67 77
67 79
67 93
67 103
67 105
67 110
67 112
67 113
67 114
67 117
67 121
67 129
67 148
67 161
67 164
68 10
68 19
68 22
68 26
68 37
68 38
68 52
68 53
68 62
68 80
68 90
68 97
68 103
68 104
68 105
68 109
68 118
68 120
68 125
68 130
68 133
68 134
68 135
68 139
68 145
68 147
68 148
68 151
68 153
68 162
68 163
69 10
69 12
69 13
69 20
69 26
69 29
69 44
69 60
69 62
69 63
69 65
69 73
69 77
69 97
69 103
69 119
69 123
69 124
69 126
69 129
69 130
69 131
69 142
69 160
69 163
69 164
70 7
70 10
70 11
70 12
70 15
70 18
70 20
70 25
70 27
70 29
70 30
70 34
70 38
70 49
70 52
70 55
70 59
70 60
70 61
70 66
70 82
70 88
70 98
70 100
70 111
70 117
70 118
70 122
70 127
70 128
70 130
70 131
70 137
70 140
70 155
71 0
71 1
71 4
71 5
71 6
71 7
71 12
71 15
71 17
71 21
71 26
71 30
71 37
71 38
71 43
71 46
71 50
71 58
71 59
71 69
71 76
71 80
71 85
71 86
71 93
71 99
71 112
71 114
71 115
71 121
71 132
71 136
71 137
71 141
71 144
71 149
71 159
71 160
71 161
72 1
72 3
72 10
72 13
72 21
72 22
72 26
72 29
72 30
72 31
72 33
72 36
72 42
72 43
72 49
72 50
72 55
72 59
72 63
72 64
72 67
72 74
72 75
72 82
72 85
72 88
72 96
72 101
72 103
72 104
72 108
72 113
72 119
72 127
72 128
72 137
72 141
72 143
72 149
72 150
72 155
72 156
72 159
72 161
73 2
73 3
73 9
73 12
73 13
73 16
73 18
73 19
73 23
73 24
73 27
73 33
73 43
73 44
73 45
73 56
73 60
73 69
73 74
73 85
73 104
73 111
73 113
73 118
73 125
73 126
73 127
73 130
73 133
73 134
73 135
73 138
73 141
73 144
73 155
73 160
73 162
73 163
74 18
74 19
74 21
74 28
74 36
74 48
74 49
74 51
74 61
74 67
74 71
74 75
74 76
74 81
74 83
74 86
74 92
74 94
74 101
74 103
74 109
74 112
74 115
74 119
74 133
74 135
74 136
74 138
74 139
74 141
74 143
74 147
74 153
74 156
74 159
75 0
75 8
75 13
75 20
75 23
75 30
75 37
75 47
75 50
75 55
75 58
75 61
75 67
75 81
75 82
75 83
75 85
75 87
75 88
75 101
75 108
75 111
75 115
75 117
75 118
75 120
75 125
75 126
75 128
75 131
75 135
75 152
75 159
76 13
76 21
76 36
76 37
76 38
76 41
76 46
76 47
76 54
76 65
76 66
76 68
76 75
76 91
76 93
76 94
76 107
76 115
76 116
76 127
76 137
76 140
76 148
76 152
76 161
77 1
77 11
77 16
77 24
77 30
77 34
77 41
77 48
77 51
77 58
77 63
77 66
77 68
77 91
77 107
77 108
77 114
77 128
77 147
77 155
77 158
78 5
78 6
78 9
78 21
78 26
78 28
78 29
78 34
78 40
78 42
78 47
78 55
78 56
78 58
78 66
78 69
78 70
78 79
78 81
78 84
78 85
78 88
78 97
78 99
78 101
78 107
78 116
78 127
78 130
78 134
78 144
78 147
78 155
78 156
78 157
78 159
79 0
79 14
79 24
79 25
79 29
79 36
79 37
79 39
79 43
79 50
79 52
79 56
79 57
79 65
79 66
79 67
79 70
79 76
79 77
79 81
79 82
79 83
79 85
79 86
79 88
79 90
79 92
79 94
79 100
79 115
79 130
79 131
79 134
79 135
79 137
79 155
79 161
79 162
80 6
80 7
80 11
80 17
80 18
80 45
80 46
80 51
80 61
80 66
80 67
80 71
80 75
80 77
80 88
80 90
80 92
80 94
80 99
80 104
80 110
80 112
80 122
80 123
80 140
80 143
80 148
80 155
81 2
81 3
81 10
81 28
81 50
81 55
81 59
81 60
81 62
81 65
81 67
81 73
81 75
81 78
81 80
81 83
81 87
81 92
81 98
81 110
81 111
81 112
81 122
81 127
81 133
81 135
81 136
81 138
81 142
81 144
81 150
81 151
81 160
81 161
81 164
82 5
82 10
82 26
82 31
82 32
82 44
82 49
82 54
82 58
82 70
82 85
82 90
82 92
82 96
82 99
82 102
82 103
82 107
82 118
82 121
82 123
82 132
82 140
82 161
82 162
82 163
83 1
83 8
83 21
83 22
83 36
83 41
83 42
83 46
83 52
83 55
83 58
83 64
83 65
83 73
83 81
83 104
83 105
83 106
83 110
83 112
83 113
83 118
83 127
83 132
83 143
83 147
83 156
83 160
84 2
84 9
84 11
84 15
84 21
84 27
84 34
84 35
84 41
84 42
84 53
84 58
84 62
84 63
84 65
84 66
84 72
84 79
84 81
84 82
84 83
84 87
84 90
84 91
84 98
84 108
84 115
84 116
84 123
84 125
84 129
84 139
84 153
84 156
84 159
84 164
85 5
85 6
85 17
85 21
85 22
85 25
85 34
85 38
85 39
85 44
85 48
85 50
85 52
85 59
85 62
85 66
85 71
85 72
85 78
85 81
85 89
85 98
85 101
85 110
85 113
85 116
85 123
85 126
85 130
85 132
85 139
85 159
85 161
86 1
86 16
86 17
86 22
86 23
86 24
86 27
86 33
86 42
86 45
86 47
86 48
86 51
86 56
86 63
86 72
86 78
86 80
86 85
86 90
86 92
86 93
86 97
86 100
86 105
86 106
86 111
86 113
86 115
86 129
86 134
86 136
86 137
86 147
86 150
86 157
86 159
86 161
86 164
87 9
87 12
87 14
87 17
87 20
87 32
87 34
87 41
87 42
87 50
87 51
87 56
87 69
87 74
87 75
87 78
87 82
87 83
87 85
87 90
87 91
87 110
87 127
87 128
87 129
87 130
87 134
87 137
87 142
87 145
87 152
87 163
87 164
88 7
88 17
88 23
88 39
88 48
88 64
88 66
88 80
88 81
88 83
88 85
88 87
88 89
88 90
88 91
88 94
88 103
88 135
88 137
88 138
88 141
88 149
88 151
89 8
89 11
89 12
89 14
89 18
89 22
89 24
89 41
89 42
89 46
89 49
89 52
89 69
89 71
89 72
89 74
89 76
89 78
89 84
89 85
89 96
89 101
89 103
89 108
89 111
89 113
89 114
89 128
89 132
89 135
89 136
89 139
89 142
89 145
89 148
89 149
89 153
89 155
89 159
90 6
90 15
90 24
90 29
90 30
90 35
90 36
90 44
90 47
90 51
90 52
90 62
90 66
90 67
90 73
90 78
90 79
90 83
90 95
90 98
90 113
90 114
90 120
90 124
90 125
90 130
90 140
90 142
90 143
90 149
91 0
91 9
91 15
91 21
91 24
91 25
91 40
91 41
91 43
91 44
91 45
91 46
91 51
91 54
91 56
91 59
91 62
91 63
91 66
91 80
91 81
91 83
91 97
91 108
91 113
91 117
91 123
91 129
91 130
91 132
91 133
91 136
91 139
91 146
91 149
91 154
91 156
91 158
92 3
92 13
92 17
92 21
92 23
92 38
92 45
92 48
92 49
92 55
92 56
92 62
92 63
92 68
92 69
92 79
92 104
92 105
92 106
92 107
92 108
92 116
92 122
92 123
92 124
92 130
92 135
92 144
92 152
92 159
93 4
93 5
93 8
93 15
93 19
93 20
93 24
93 29
93 40
93 47
93 51
93 53
93 54
93 70
93 76
93 84
93 94
93 96
93 97
93 98
93 101
93 107
93 110
93 113
93 127
93 129
93 130
93 138
93 139
93 142
93 144
93 155
93 158
93 164
94 5
94 10
94 12
94 17
94 20
94 30
94 32
94 41
94 42
94 44
94 54
94 61
94 66
94 73
94 77
94 84
94 85
94 88
94 92
94 95
94 96
94 98
94 106
94 110
94 112
94 118
94 120
94 121
94 128
94 129
94 130
94 139
94 143
94 151
94 154
94 159
94 161
95 2
95 3
95 7
95 9
95 10
95 18
95 21
95 30
95 33
95 37
95 41
95 45
95 46
95 48
95 52
95 71
95 75
95 82
95 86
95 87
95 88
95 98
95 99
95 105
95 107
95 113
95 114
95 117
95 120
95 138
95 139
95 144
95 153
95 154
95 160
95 161
96 4
96 7
96 8
96 12
96 19
96 22
96 23
96 25
96 26
96 30
96 31
96 32
96 46
96 50
96 51
96 52
96 53
96 63
96 64
96 74
96 81
96 86
96 90
96 91
96 92
96 97
96 99
96 113
96 125
96 134
96 136
96 140
96 143
96 149
96 155
96 156
96 163
97 16
97 18
97 26
97 27
97 29
97 38
97 43
97 44
97 45
97 55
97 58
97 74
97 75
97 90
97 99
97 103
97 105
97 107
97 110
97 112
97 116
97 118
97 122
97 124
97 125
97 130
97 131
97 133
97 136
97 140
97 142
97 144
97 147
97 157
97 163
98 0
98 3
98 4
98 5
98 9
98 12
98 29
98 42
98 45
98 52
98 63
98 64
98 76
98 77
98 79
98 81
98 84
98 87
98 92
98 94
98 97
98 100
98 106
98 109
98 117
98 121
98 126
98 133
98 135
98 136
98 141
98 142
98 143
98 146
98 152
98 156
98 160
98 161
99 1
99 5
99 13
99 14
99 19
99 23
99 26
99 30
99 42
99 43
99 44
99 47
99 48
99 52
99 53
99 55
99 56
99 66
99 69
99 83
99 90
99 95
99 96
99 103
99 107
99 118
99 119
99 120
99 121
99 134
99 136
99 145
99 149
99 157
99 163
100 5
100 7
100 12
100 25
100 28
100 38
100 41
100 44
100 46
100 54
100 59
100 66
100 70
100 80
100 83
100 90
100 111
100 119
100 128
100 129
100 131
100 133
100 134
100 135
100 143
100 160
100 161
100 163
101 7
101 11
101 12
101 19
101 20
101 25
101 40
101 42
101 43
101 45
101 50
101 52
101 53
101 55
101 65
101 66
101 68
101 70
101 84
101 91
101 93
101 96
101 103
101 106
101 113
101 117
101 122
101 124
101 125
101 126
101 128
101 129
101 132
101 133
101 135
101 143
101 144
101 145
101 147
101 150
101 152
101 157
102 1
102 12
102 14
102 15
102 21
102 25
102 30
102 33
102 47
102 57
102 59
102 62
102 67
102 70
102 78
102 82
102 98
102 100
102 101
102 104
102 108
102 113
102 114
102 115
102 124
102 137
102 138
102 148
102 157
102 159
103 1
103 2
103 9
103 10
103 15
103 16
103 17
103 20
103 23
103 27
103 33
103 34
103 37
103 43
103 54
103 61
103 67
103 68
103 69
103 72
103 73
103 80
103 83
103 86
103 98
103 105
103 116
103 117
103 119
103 120
103 125
103 129
103 132
103 134
103 151
104 10
104 18
104 35
104 41
104 50
104 56
104 57
104 73
104 74
104 86
104 99
104 107
104 113
104 114
104 119
104 124
104 128
104 129
104 133
104 139
104 141
104 145
104 152
104 159
104 162
105 1
105 2
105 9
105 10
105 11
105 18
105 22
105 24
105 25
105 32
105 43
105 44
105 46
105 47
105 49
105 52
105 54
105 55
105 57
105 76
105 81
105 86
105 87
105 90
105 91
105 92
105 93
105 94
105 95
105 97
105 120
105 131
105 137
106 1
106 5
106 8
106 18
106 19
106 20
106 22
106 23
106 24
106 26
106 36
106 43
106 45
106 47
106 62
106 64
106 66
106 71
106 73
106 75
106 95
106 100
106 105
106 108
106 112
106 117
106 119
106 123
106 124
106 128
106 136
106 137
106 144
106 145
106 148
106 150
106 151
106 152
106 156
106 158
107 2
107 6
107 18
107 26
107 30
107 31
107 32
107 53
107 54
107 57
107 59
107 64
107 65
107 69
107 70
107 71
107 77
107 81
107 89
107 103
107 108
107 115
107 120
107 121
107 127
107 133
107 139
107 153
107 163
108 1
108 11
108 24
108 40
108 44
108 62
108 65
108 67
108 71
108 73
108 88
108 99
108 105
108 117
108 120
108 126
108 131
108 142
108 144
108 152
108 156
108 157
108 158
109 5
109 6
109 15
109 26
109 28
109 29
109 36
109 38
109 39
109 43
109 47
109 48
109 60
109 62
109 71
109 72
109 77
109 85
109 89
109 90
109 95
109 96
109 100
109 101
109 125
109 134
109 137
109 140
109 141
109 144
109 152
110 5
110 12
110 13
110 16
110 18
110 29
110 32
110 36
110 62
110 64
110 67
110 68
110 69
110 73
110 78
110 80
110 84
110 85
110 88
110 95
110 99
110 106
110 113
110 122
110 132
110 147
110 148
110 155
110 156
111 18
111 23
111 25
111 38
111 40
111 42
111 45
111 49
111 56
111 59
111 60
111 61
111 67
111 72
111 73
111 86
111 92
111 93
111 97
111 100
111 125
111 126
111 127
111 129
111 130
111 133
111 140
111 146
111 157
111 161
112 10
112 12
112 13
112 16
112 18
112 22
112 29
112 30
112 31
112 32
112 37
112 39
112 40
112 49
112 52
112 53
112 62
112 66
112 80
112 81
112 84
112 86
112 100
112 109
112 114
112 116
112 134
112 136
112 140
112 146
112 149
112 150
112 153
112 156
112 161
113 0
113 3
113 4
113 26
113 27
113 30
113 31
113 39
113 43
113 44
113 61
113 62
113 64
113 67
113 74
113 78
113 80
113 86
113 87
113 91
113 92
113 96
113 106
113 107
113 108
113 111
113 114
113 115
113 117
113 122
113 123
113 131
113 136
113 139
113 140
113 143
113 144
113 145
113 146
113 152
113 153
114 0
114 4
114 10
114 17
114 20
114 22
114 23
114 24
114 29
114 51
114 54
114 55
114 57
114 59
114 60
114 69
114 72
114 75
114 86
114 95
114 101
114 104
114 107
114 117
114 125
114 126
114 127
114 132
114 135
114 140
114 144
114 148
114 153
114 162
115 5
115 6
115 11
115 17
115 19
115 21
115 22
115 29
115 37
115 47
115 49
115 52
115 59
115 78
115 79
115 95
115 98
115 108
115 111
115 113
115 118
115 128
115 134
115 137
115 140
115 143
115 144
115 149
115 154
115 157
115 161
115 164
116 13
116 20
116 23
116 27
116 30
116 36
116 37
116 38
116 44
116 45
116 47
116 52
116 58
116 67
116 71
116 72
116 78
116 87
116 88
116 92
116 93
116 98
116 103
116 104
116 108
116 110
116 112
116 117
116 121
116 123
116 128
116 132
116 136
116 147
116 153
116 157
116 162
117 2
117 4
117 6
117 11
117 24
117 26
117 29
117 31
117 36
117 46
117 61
117 63
117 67
117 69
117 71
117 72
117 73
117 78
117 92
117 103
117 109
117 110
117 112
117 122
117 127
117 130
117 132
117 137
117 138
117 145
117 159
117 160
117 161
117 164
118 1
118 2
118 3
118 6
118 13
118 19
118 55
118 67
118 69
118 79
118 86
118 87
118 93
118 98
118 103
118 112
118 119
118 120
118 123
118 128
118 132
118 140
118 143
118 158
119 0
119 7
119 16
119 28
119 32
119 34
119 38
119 40
119 46
119 50
119 54
119 58
119 60
119 67
119 71
119 74
119 76
119 80
119 85
119 87
119 88
119 89
119 91
119 96
119 105
119 106
119 111
119 113
119 115
119 122
119 129
119 133
119 136
119 142
119 143
119 151
119 155
119 157
120 1
120 22
120 29
120 30
120 34
120 37
120 41
120 45
120 53
120 58
120 61
120 63
120 64
120 82
120 83
120 86
120 90
120 93
120 96
120 98
120 105
120 112
120 114
120 115
120 118
120 125
120 132
120 133
120 146
120 148
121 5
121 6
121 9
121 13
121 14
121 19
121 29
121 49
121 65
121 70
121 74
121 78
121 84
121 87
121 89
121 95
121 98
121 101
121 109
121 118
121 125
121 130
121 139
121 143
121 147
121 157
121 159
121 160
121 161
122 5
122 9
122 13
122 14
122 15
122 17
122 26
122 36
122 38
122 42
122 47
122 49
122 54
122 60
122 65
122 66
122 67
122 73
122 76
122 77
122 79
122 85
122 86
122 91
122 100
122 103
122 107
122 110
122 112
122 114
122 118
122 125
122 126
122 128
122 139
122 143
122 144
122 149
122 151
122 153
122 155
122 157
122 158
122 161
122 164
123 6
123 7
123 11
123 14
123 16
123 20
123 27
123 31
123 33
123 35
123 39
123 56
123 58
123 62
123 66
123 68
123 70
123 72
123 83
123 88
123 105
123 110
123 111
123 115
123 117
123 121
123 125
123 132
123 135
123 139
123 142
123 150
123 153
123 161
123 162
123 163
123 164
124 3
124 5
124 15
124 16
124 21
124 22
124 29
124 30
124 33
124 38
124 44
124 47
124 48
124 53
124 62
124 69
124 73
124 83
124 85
124 88
124 94
124 95
124 104
124 105
124 109
124 111
124 115
124 127
124 131
124 136
124 142
124 152
124 160
125 2
125 13
125 15
125 29
125 37
125 40
125 42
125 49
125 56
125 59
125 71
125 78
125 81
125 87
125 93
125 100
125 101
125 108
125 113
125 123
125 134
125 137
125 145
125 146
125 154
125 155
126 3
126 6
126 21
126 33
126 39
126 44
126 54
126 57
126 61
126 64
126 66
126 69
126 82
126 89
126 91
126 92
126 100
126 105
126 109
126 116
126 117
126 118
126 120
126 122
126 124
126 138
126 142
126 154
126 155
126 162
126 163
126 164
127 0
127 1
127 3
127 12
127 22
127 25
127 42
127 43
127 44
127 45
127 50
127 69
127 71
127 73
127 80
127 82
127 83
127 89
127 95
127 97
127 102
127 111
127 113
127 114
127 125
127 126
127 135
127 164
128 2
128 12
128 16
128 18
128 28
128 34
128 40
128 46
128 47
128 54
128 55
128 67
128 68
128 76
128 82
128 98
128 102
128 105
128 107
128 109
128 131
128 145
128 146
128 148
128 153
128 155
128 157
129 0
129 9
129 10
129 21
129 22
129 26
129 35
129 36
129 37
129 41
129 45
129 47
129 49
129 51
129 53
129 58
129 62
129 65
129 67
129 69
129 78
129 82
129 96
129 103
129 118
129 120
129 132
129 135
129 140
129 148
129 150
129 151
129 158
130 12
130 18
130 20
130 21
130 22
130 31
130 34
130 40
130 44
130 47
130 48
130 51
130 53
130 60
130 68
130 73
130 75
130 77
130 80
130 81
130 89
130 90
130 96
130 112
130 120
130 122
130 124
130 134
130 138
130 140
130 148
130 163
131 7
131 15
131 24
131 26
131 32
131 43
131 45
131 52
131 57
131 59
131 60
131 68
131 71
131 76
131 85
131 87
131 89
131 90
131 91
131 108
131 111
131 116
131 121
131 125
131 127
131 132
131 134
131 141
131 142
131 144
131 145
131 153
131 154
131 157
131 159
131 160
131 161
132 0
132 7
132 8
132 20
132 35
132 36
132 37
132 44
132 45
132 46
132 47
132 60
132 64
132 66
132 75
132 76
132 77
132 82
132 83
132 86
132 87
132 92
132 94
132 95
132 101
132 102
132 104
132 117
132 120
132 121
132 122
132 126
132 128
132 130
132 133
132 135
132 137
132 143
133 0
133 2
133 14
133 15
133 17
133 25
133 29
133 32
133 34
133 42
133 45
133 48
133 49
133 50
133 53
133 55
133 59
133 62
133 63
133 69
133 70
133 76
133 83
133 84
133 86
133 95
133 97
133 103
133 106
133 112
133 131
133 135
133 138
133 140
133 145
133 148
133 152
133 154
133 156
133 160
133 162
134 1
134 17
134 23
134 26
134 27
134 31
134 34
134 39
134 41
134 43
134 48
134 62
134 71
134 84
134 85
134 94
134 110
134 116
134 117
134 123
134 130
134 142
134 144
134 149
134 153
135 15
135 16
135 18
135 28
135 32
135 33
135 42
135 45
135 49
135 52
135 53
135 54
135 56
135 59
135 62
135 64
135 67
135 77
135 86
135 92
135 93
135 97
135 101
135 102
135 107
135 112
135 114
135 115
135 118
135 122
135 149
135 152
135 160
135 162
135 164
136 0
136 3
136 11
136 13
136 26
136 29
136 31
136 37
136 38
136 51
136 86
136 89
136 96
136 99
136 102
136 109
136 111
136 114
136 117
136 121
136 122
136 130
136 137
136 145
136 147
136 150
137 1
137 15
137 23
137 43
137 47
137 65
137 69
137 75
137 80
137 84
137 88
137 96
137 105
137 108
137 110
137 113
137 135
137 142
137 143
137 155
137 157
137 158
137 160
138 14
138 18
138 19
138 29
138 31
138 32
138 33
138 39
138 45
138 49
138 53
138 59
138 63
138 65
138 69
138 75
138 77
138 78
138 92
138 97
138 101
138 102
138 103
138 105
138 114
138 120
138 121
138 123
138 131
138 150
138 153
139 0
139 1
139 12
139 16
139 25
139 28
139 29
139 34
139 37
139 39
139 41
139 42
139 44
139 51
139 52
139 58
139 65
139 66
139 67
139 70
139 85
139 93
139 94
139 96
139 104
139 107
139 112
139 125
139 126
139 140
139 150
139 152
139 153
139 157
140 8
140 12
140 42
140 44
140 45
140 46
140 47
140 48
140 50
140 51
140 57
140 69
140 72
140 73
140 74
140 76
140 79
140 80
140 83
140 86
140 88
140 96
140 102
140 115
140 119
140 122
140 127
140 132
140 134
140 135
140 160
141 8
141 16
141 20
141 31
141 32
141 39
141 40
141 45
141 46
141 49
141 51
141 53
141 61
141 71
141 74
141 75
141 76
141 78
141 80
141 81
141 86
141 88
141 92
141 98
141 104
141 108
141 119
141 120
141 121
141 125
141 133
141 138
141 143
141 149
141 154
141 158
141 159
141 164
142 5
142 19
142 21
142 24
142 31
142 32
142 34
142 38
142 40
142 45
142 46
142 53
142 54
142 58
142 71
142 89
142 97
142 100
142 107
142 108
142 116
142 120
142 121
142 127
142 145
142 154
142 155
142 158
142 159
142 161
142 164
143 3
143 7
143 10
143 18
143 22
143 23
143 26
143 29
143 34
143 35
143 36
143 77
143 79
143 81
143 84
143 86
143 99
143 100
143 105
143 114
143 117
143 119
143 120
143 123
143 127
143 134
143 135
143 136
143 145
143 146
143 150
143 152
143 155
143 159
143 164
144 2
144 3
144 10
144 13
144 14
144 29
144 39
144 41
144 42
144 52
144 65
144 74
144 78
144 82
144 83
144 85
144 87
144 89
144 95
144 96
144 103
144 108
144 110
144 114
144 116
144 118
144 125
144 135
144 136
144 138
144 139
144 151
144 156
145 4
145 6
145 9
145 12
145 20
145 22
145 23
145 24
145 34
145 37
145 38
145 40
145 43
145 47
145 54
145 55
145 88
145 89
145 92
145 95
145 106
145 122
145 125
145 147
145 151
145 153
145 154
145 158
146 0
146 2
146 5
146 8
146 11
146 13
146 15
146 16
146 17
146 22
146 28
146 32
146 37
146 38
146 57
146 65
146 68
146 71
146 74
146 75
146 89
146 97
146 99
146 109
146 120
146 122
146 126
146 129
146 134
146 135
146 138
146 143
146 147
146 153
146 155
147 2
147 13
147 21
147 22
147 35
147 38
147 39
147 45
147 48
147 52
147 60
147 95
147 106
147 108
147 114
147 121
147 126
147 130
147 141
147 148
147 149
148 7
148 10
148 11
148 13
148 18
148 22
148 23
148 27
148 29
148 45
148 46
148 51
148 54
148 55
148 57
148 58
148 60
148 63
148 65
148 68
148 71
148 78
148 80
148 82
148 86
148 89
148 91
148 94
148 97
148 98
148 102
148 105
148 114
148 117
148 118
148 119
148 120
148 129
148 135
148 149
149 0
149 4
149 6
149 7
149 10
149 15
149 17
149 23
149 32
149 33
149 43
149 53
149 56
149 58
149 61
149 66
149 67
149 68
149 71
149 77
149 83
149 86
149 90
149 94
149 95
149 96
149 103
149 109
149 113
149 114
149 131
149 138
149 139
149 144
149 145
149 148
149 151
149 153
149 157
149 161
150 5
150 8
150 12
150 13
150 15
150 20
150 27
150 29
150 39
150 42
150 44
150 47
150 49
150 55
150 73
150 74
150 78
150 83
150 101
150 102
150 106
150 114
150 119
150 125
150 138
150 141
150 142
150 144
150 149
150 152
150 159
151 1
151 13
151 25
151 27
151 31
151 32
151 38
151 39
151 43
151 51
151 54
151 56
151 58
151 64
151 67
151 69
151 109
151 111
151 116
151 122
151 126
151 145
151 150
151 152
151 154
151 157
151 158
151 162
151 164
152 1
152 3
152 9
152 10
152 11
152 13
152 20
152 22
152 41
152 52
152 58
152 75
152 86
152 87
152 89
152 92
152 96
152 106
152 110
152 111
152 119
152 124
152 127
152 129
152 135
152 142
152 144
152 147
152 149
152 156
152 158
152 160
152 161
153 10
153 20
153 21
153 27
153 37
153 44
153 45
153 46
153 48
153 49
153 50
153 57
153 62
153 66
153 70
153 79
153 86
153 87
153 88
153 113
153 116
153 127
153 133
153 144
153 156
154 1
154 8
154 30
154 33
154 35
154 37
154 39
154 40
154 52
154 54
154 56
154 61
154 63
154 64
154 66
154 71
154 83
154 84
154 89
154 92
154 93
154 94
154 95
154 103
154 109
154 114
154 115
154 116
154 121
154 123
154 125
154 126
154 131
154 134
154 136
154 138
154 141
154 142
154 145
154 163
155 2
155 3
155 7
155 12
155 13
155 16
155 19
155 20
155 22
155 31
155 37
155 38
155 45
155 46
155 47
155 48
155 54
155 56
155 58
155 60
155 69
155 72
155 79
155 84
155 92
155 106
155 110
155 115
155 117
155 119
155 121
155 126
155 127
155 128
155 132
155 136
155 137
155 141
155 144
155 152
155 157
155 158
156 3
156 7
156 18
156 23
156 25
156 27
156 37
156 47
156 56
156 58
156 61
156 65
156 77
156 88
156 95
156 98
156 99
156 101
156 113
156 129
156 131
156 132
156 133
156 149
156 153
156 157
156 158
156 161
156 163
157 9
157 14
157 17
157 19
157 35
157 43
157 46
157 49
157 54
157 95
157 99
157 101
157 105
157 107
157 113
157 121
157 125
157 126
157 132
157 139
157 140
157 158
157 164
158 9
158 13
158 17
158 24
158 25
158 34
158 35
158 37
158 38
158 41
158 47
158 51
158 52
158 57
158 64
158 71
158 73
158 81
158 91
158 93
158 94
158 107
158 126
158 127
158 130
158 132
158 151
158 159
159 2
159 9
159 10
159 14
159 15
159 17
159 41
159 43
159 45
159 48
159 49
159 51
159 55
159 65
159 66
159 73
159 80
159 88
159 94
159 96
159 98
159 105
159 107
159 117
159 119
159 121
159 130
159 132
159 135
159 136
159 137
159 138
159 142
159 150
159 157
159 161
159 162
159 163
160 2
160 4
160 14
160 17
160 20
160 22
160 35
160 38
160 40
160 51
160 56
160 69
160 78
160 81
160 87
160 94
160 110
160 116
160 119
160 123
160 125
160 128
160 133
160 141
160 149
160 150
160 153
160 154
160 156
160 164
161 5
161 9
161 13
161 22
161 28
161 33
161 35
161 40
161 45
161 49
161 50
161 51
161 79
161 86
161 89
161 92
161 93
161 94
161 95
161 122
161 127
161 129
161 135
161 136
161 151
161 159
161 163
162 0
162 6
162 16
162 22
162 27
162 51
162 54
162 55
162 56
162 58
162 61
162 66
162 67
162 72
162 76
162 82
162 92
162 104
162 109
162 110
162 112
162 122
162 128
162 135
162 147
162 153
162 155
162 159
163 4
163 5
163 10
163 12
163 13
163 32
163 35
163 37
163 39
163 42
163 48
163 55
163 56
163 59
163 65
163 68
163 76
163 78
163 84
163 87
163 88
163 89
163 95
163 98
163 99
163 100
163 112
163 113
163 115
163 118
163 119
163 123
163 127
163 133
163 134
163 143
163 144
163 149
163 150
164 1
164 5
164 8
164 12
164 16
164 22
164 23
164 32
164 33
164 34
164 38
164 44
164 46
164 47
164 50
164 63
164 65
164 67
164 73
164 86
164 88
164 92
164 97
164 103
164 104
164 110
164 111
164 114
164 117
164 127
164 129
164 135
164 138
164 142
164 146
164 155
164 156
