30
0 3
0 7
0 12
0 13
0 15
0 18
0 19
0 28
1 0
1 3
1 6
1 14
1 22
1 24
1 26
1 29
2 6
2 9
2 10
2 16
2 18
2 21
3 13
3 15
3 17
3 18
3 19
3 22
3 24
3 26
3 28
4 5
4 12
4 16
4 23
4 24
5 0
5 4
5 9
5 24
5 26
6 2
6 4
6 14
6 17
6 24
7 8
7 9
7 13
7 14
7 15
8 4
8 10
8 13
8 16
8 21
8 22
8 24
8 25
9 1
9 4
9 5
9 16
9 18
9 19
9 28
10 0
10 19
10 20
10 27
10 29
11 0
11 2
11 4
11 12
11 28
12 1
12 5
12 6
12 8
12 11
12 13
12 16
12 19
12 26
12 28
12 29
13 2
13 16
13 29
14 6
14 7
14 17
15 12
15 17
15 22
15 25
15 27
16 1
16 7
16 14
16 23
16 28
17 2
17 8
17 9
17 10
17 24
18 1
18 21
18 23
18 28
19 2
19 4
19 8
19 17
19 21
19 23
19 26
20 2
20 10
20 13
20 26
21 2
21 6
21 8
21 15
21 16
21 29
22 0
22 8
23 5
23 14
23 21
23 27
23 29
24 22
24 29
25 4
25 7
25 11
25 13
25 17
25 18
26 7
26 8
27 10
27 11
27 15
27 22
27 24
27 25
28 0
28 1
28 4
28 8
28 12
28 17
29 4
29 13
29 16
29 21
29 22
29 23
29 26
