135
0 2
0 3
0 5
0 10
0 16
0 25
0 36
0 40
0 47
0 49
0 59
0 64
0 72
0 84
0 88
0 100
0 112
0 116
0 122
0 125
0 129
0 134
1 0
1 2
1 6
1 19
1 28
1 29
1 46
1 52
1 53
1 54
1 57
1 61
1 70
1 79
1 85
1 87
1 89
1 92
1 94
1 100
1 101
1 102
1 106
1 108
1 109
1 112
1 116
1 118
1 122
1 127
1 129
1 133
2 3
2 5
2 6
2 14
2 18
2 31
2 37
2 43
2 45
2 58
2 60
2 63
2 70
2 79
2 90
2 103
2 121
2 122
2 123
2 124
2 127
2 131
3 7
3 11
3 30
3 31
3 33
3 35
3 36
3 42
3 47
3 48
3 50
3 52
3 58
3 60
3 70
3 74
3 75
3 85
3 91
3 94
3 95
3 96
3 102
3 103
3 104
3 112
3 115
3 120
3 121
3 122
3 129
3 133
4 1
4 11
4 18
4 22
4 31
4 51
4 55
4 60
4 61
4 63
4 74
4 80
4 83
4 87
4 96
4 102
4 105
4 106
4 116
4 127
4 128
5 8
5 13
5 16
5 17
5 21
5 23
5 24
5 32
5 36
5 44
5 50
5 57
5 60
5 65
5 80
5 81
5 99
5 100
5 104
5 105
5 106
5 110
5 116
5 119
5 122
5 130
5 132
6 10
6 13
6 15
6 17
6 19
6 26
6 32
6 33
6 40
6 42
6 45
6 53
6 56
6 60
6 69
6 74
6 76
6 87
6 88
6 103
6 105
6 106
6 108
6 112
6 113
6 115
6 118
6 120
6 125
6 128
6 133
7 8
7 9
7 17
7 19
7 23
7 24
7 28
7 29
7 30
7 31
7 33
7 39
7 53
7 72
7 74
7 75
7 79
7 82
7 86
7 88
7 98
7 103
7 113
7 114
7 115
7 119
7 120
7 128
7 130
8 0
8 3
8 12
8 18
8 22
8 31
8 38
8 41
8 49
8 51
8 66
8 76
8 82
8 83
8 85
8 90
8 100
8 101
8 106
8 113
8 117
8 129
8 130
9 8
9 15
9 26
9 46
9 47
9 56
9 62
9 63
9 65
9 68
9 78
9 82
9 89
9 93
9 94
9 128
9 132
9 133
10 1
10 2
10 4
10 5
10 16
10 21
10 24
10 28
10 32
10 35
10 38
10 39
10 50
10 58
10 65
10 71
10 79
10 81
10 86
10 91
10 98
10 110
10 111
10 116
10 119
10 131
10 134
11 3
11 7
11 8
11 9
11 21
11 22
11 30
11 32
11 34
11 38
11 39
11 42
11 44
11 45
11 49
11 55
11 56
11 62
11 67
11 73
11 81
11 91
11 93
11 99
11 101
11 102
11 114
11 122
11 129
11 132
12 1
12 7
12 20
12 28
12 33
12 38
12 39
12 45
12 47
12 50
12 55
12 57
12 60
12 61
12 64
12 65
12 83
12 86
12 93
12 106
12 109
12 116
12 125
12 129
13 16
13 38
13 49
13 54
13 59
13 68
13 69
13 71
13 72
13 73
13 74
13 77
13 80
13 84
13 88
13 89
13 93
13 102
13 103
13 105
13 107
13 108
13 112
13 116
13 123
13 130
13 134
14 6
14 10
14 12
14 22
14 25
14 37
14 50
14 57
14 59
14 67
14 68
14 71
14 73
14 91
14 93
14 94
14 98
14 100
14 103
14 104
14 107
14 113
14 116
14 117
14 121
14 127
14 130
14 132
15 4
15 12
15 17
15 25
15 29
15 30
15 32
15 33
15 37
15 42
15 46
15 49
15 53
15 54
15 55
15 57
15 58
15 59
15 65
15 70
15 77
15 78
15 79
15 90
15 93
15 101
15 103
15 111
15 115
15 117
15 127
15 128
15 130
15 134
16 4
16 6
16 8
16 18
16 19
16 22
16 26
16 28
16 33
16 35
16 37
16 40
16 46
16 47
16 50
16 53
16 55
16 60
16 62
16 65
16 67
16 70
16 71
16 76
16 84
16 85
16 86
16 89
16 93
16 94
16 95
16 96
16 98
16 101
16 114
16 115
16 116
16 120
16 122
17 1
17 5
17 6
17 20
17 24
17 25
17 26
17 28
17 32
17 33
17 34
17 37
17 46
17 47
17 54
17 70
17 74
17 85
17 99
17 110
17 121
17 130
17 132
17 134
18 10
18 30
18 53
18 59
18 64
18 74
18 77
18 82
18 88
18 89
18 92
18 103
18 106
18 115
18 117
18 118
18 120
18 121
18 123
18 125
18 127
19 9
19 10
19 27
19 32
19 37
19 40
19 43
19 48
19 57
19 59
19 63
19 64
19 66
19 69
19 74
19 88
19 93
19 102
19 105
19 108
19 129
19 131
20 0
20 19
20 24
20 27
20 28
20 37
20 44
20 53
20 57
20 60
20 64
20 69
20 74
20 76
20 77
20 81
20 86
20 91
20 102
20 105
20 112
20 114
20 118
20 122
20 126
20 128
20 132
21 2
21 4
21 6
21 8
21 23
21 27
21 33
21 41
21 48
21 49
21 51
21 59
21 62
21 86
21 87
21 92
21 97
21 100
21 102
21 107
21 108
21 111
21 112
21 116
21 118
21 123
21 130
21 132
22 4
22 14
22 16
22 21
22 26
22 27
22 32
22 36
22 38
22 47
22 48
22 51
22 53
22 54
22 62
22 63
22 76
22 77
22 90
22 94
22 102
22 113
22 116
22 117
22 130
22 131
23 4
23 7
23 9
23 18
23 19
23 20
23 30
23 32
23 35
23 37
23 52
23 68
23 69
23 75
23 79
23 84
23 89
23 94
23 95
23 96
23 98
23 99
23 103
23 104
23 106
23 107
23 108
23 114
23 116
23 120
23 122
23 125
24 3
24 21
24 27
24 29
24 42
24 43
24 48
24 52
24 55
24 63
24 64
24 88
24 89
24 98
24 106
24 110
24 111
24 121
24 126
24 127
25 2
25 7
25 13
25 15
25 35
25 42
25 46
25 49
25 59
25 68
25 69
25 76
25 77
25 82
25 85
25 94
25 95
25 98
25 107
25 110
25 112
25 121
25 122
25 131
26 11
26 19
26 20
26 21
26 33
26 37
26 38
26 54
26 62
26 67
26 68
26 74
26 77
26 83
26 87
26 88
26 91
26 97
26 98
26 99
26 104
26 107
26 109
26 113
26 115
26 122
26 132
26 134
27 2
27 16
27 19
27 20
27 22
27 28
27 30
27 39
27 41
27 50
27 57
27 62
27 67
27 70
27 72
27 74
27 75
27 89
27 92
27 106
27 118
27 128
27 134
28 1
28 2
28 5
28 14
28 25
28 26
28 27
28 31
28 33
28 35
28 37
28 59
28 68
28 71
28 74
28 82
28 97
28 103
28 106
28 122
28 133
29 10
29 14
29 22
29 25
29 26
29 33
29 35
29 37
29 41
29 43
29 62
29 63
29 64
29 67
29 73
29 77
29 79
29 81
29 82
29 88
29 93
29 99
29 104
29 105
29 107
29 108
29 113
29 116
29 118
29 120
29 130
29 132
30 4
30 17
30 49
30 52
30 57
30 63
30 64
30 66
30 67
30 87
30 89
30 90
30 92
30 97
30 101
30 102
30 108
30 110
30 126
30 127
31 2
31 15
31 19
31 20
31 33
31 41
31 50
31 52
31 56
31 64
31 68
31 76
31 90
31 96
31 97
31 98
31 102
31 114
31 115
31 119
31 126
32 2
32 3
32 17
32 38
32 41
32 44
32 47
32 49
32 51
32 54
32 60
32 62
32 69
32 71
32 75
32 76
32 77
32 89
32 90
32 99
32 108
32 111
32 113
32 119
32 122
32 128
33 1
33 6
33 13
33 15
33 17
33 19
33 29
33 34
33 37
33 61
33 75
33 91
33 95
33 97
33 101
33 107
33 110
33 113
33 114
33 121
33 127
33 131
33 132
34 0
34 2
34 21
34 27
34 31
34 38
34 39
34 41
34 46
34 48
34 55
34 58
34 65
34 71
34 83
34 85
34 99
34 100
34 103
34 114
34 116
34 124
34 125
34 126
34 130
34 133
34 134
35 1
35 9
35 14
35 17
35 20
35 22
35 24
35 45
35 56
35 66
35 70
35 71
35 78
35 79
35 81
35 86
35 99
35 108
35 115
35 116
35 123
35 125
35 128
35 134
36 9
36 10
36 12
36 13
36 14
36 17
36 18
36 21
36 39
36 40
36 69
36 73
36 90
36 95
36 96
36 107
36 113
36 117
36 127
36 129
37 2
37 7
37 9
37 10
37 12
37 19
37 25
37 33
37 34
37 35
37 43
37 48
37 55
37 61
37 63
37 65
37 66
37 68
37 78
37 80
37 83
37 90
37 96
37 101
37 103
37 106
37 114
37 121
38 1
38 4
38 12
38 21
38 25
38 26
38 30
38 33
38 37
38 43
38 51
38 52
38 57
38 61
38 64
38 65
38 66
38 76
38 84
38 85
38 93
38 94
38 110
38 111
38 116
38 117
38 128
38 131
39 1
39 6
39 8
39 12
39 25
39 32
39 48
39 50
39 70
39 71
39 80
39 86
39 93
39 97
39 100
39 106
39 114
39 122
39 125
39 126
39 133
40 0
40 1
40 15
40 20
40 28
40 37
40 41
40 42
40 43
40 44
40 48
40 50
40 59
40 60
40 66
40 68
40 69
40 70
40 73
40 77
40 78
40 80
40 85
40 88
40 98
40 104
40 107
40 111
40 112
40 116
40 124
40 131
41 3
41 5
41 6
41 13
41 16
41 17
41 20
41 28
41 57
41 58
41 66
41 81
41 86
41 87
41 88
41 89
41 93
41 97
41 100
41 103
41 105
41 109
41 111
41 114
41 123
41 127
41 130
41 132
41 133
42 3
42 5
42 9
42 19
42 26
42 35
42 38
42 54
42 63
42 67
42 69
42 78
42 90
42 96
42 115
42 116
42 123
42 124
42 127
42 130
42 131
43 3
43 6
43 8
43 12
43 13
43 16
43 19
43 23
43 33
43 34
43 36
43 45
43 48
43 50
43 52
43 75
43 78
43 94
43 98
43 99
43 103
43 104
43 106
43 113
43 117
43 122
43 132
44 0
44 3
44 12
44 30
44 37
44 43
44 47
44 48
44 49
44 50
44 55
44 57
44 62
44 64
44 73
44 79
44 86
44 89
44 90
44 92
44 99
44 106
44 107
44 122
45 3
45 10
45 12
45 19
45 24
45 27
45 29
45 52
45 56
45 58
45 60
45 69
45 79
45 80
45 88
45 93
45 97
45 98
45 116
45 124
46 4
46 7
46 10
46 11
46 13
46 14
46 32
46 45
46 49
46 58
46 65
46 73
46 74
46 78
46 80
46 90
46 92
46 99
46 114
46 115
46 120
46 133
47 10
47 14
47 19
47 23
47 29
47 32
47 37
47 43
47 63
47 66
47 73
47 77
47 93
47 95
47 105
47 108
47 120
48 4
48 7
48 24
48 31
48 53
48 55
48 57
48 60
48 76
48 78
48 84
48 85
48 86
48 89
48 90
48 101
48 102
48 103
48 107
48 109
48 117
48 132
48 133
48 134
49 2
49 7
49 9
49 12
49 28
49 33
49 35
49 42
49 43
49 44
49 51
49 55
49 68
49 69
49 75
49 83
49 86
49 90
49 93
49 95
49 100
49 104
49 110
49 111
49 116
49 126
49 134
50 2
50 7
50 11
50 12
50 19
50 21
50 25
50 26
50 28
50 35
50 36
50 41
50 54
50 60
50 63
50 72
50 78
50 80
50 85
50 86
50 87
50 88
50 89
50 91
50 92
50 100
50 105
50 108
50 123
50 129
50 134
51 3
51 5
51 6
51 13
51 16
51 27
51 32
51 33
51 38
51 39
51 40
51 41
51 44
51 75
51 90
51 109
51 124
51 126
51 127
51 131
51 132
52 5
52 12
52 16
52 19
52 22
52 23
52 37
52 42
52 49
52 53
52 56
52 58
52 69
52 74
52 75
52 76
52 93
52 102
52 114
52 116
52 118
52 125
52 131
52 133
52 134
53 1
53 10
53 21
53 48
53 50
53 51
53 52
53 58
53 71
53 79
53 83
53 84
53 86
53 87
53 91
53 92
53 99
53 101
53 105
53 108
53 110
53 112
53 125
53 126
53 127
53 129
53 134
54 0
54 1
54 2
54 6
54 13
54 14
54 27
54 29
54 32
54 36
54 38
54 40
54 44
54 45
54 48
54 51
54 53
54 57
54 58
54 66
54 80
54 84
54 92
54 97
54 101
54 106
54 109
54 110
54 112
54 113
54 115
54 118
54 127
54 130
55 3
55 4
55 12
55 24
55 26
55 27
55 32
55 41
55 46
55 48
55 51
55 56
55 57
55 58
55 64
55 67
55 72
55 76
55 84
55 89
55 98
55 103
55 106
55 107
55 123
55 125
55 129
55 130
55 132
56 11
56 16
56 18
56 19
56 20
56 21
56 22
56 29
56 36
56 41
56 47
56 51
56 58
56 63
56 66
56 68
56 77
56 80
56 81
56 93
56 95
56 99
56 101
56 103
56 107
56 108
56 109
56 117
56 119
56 121
56 129
56 130
57 8
57 9
57 11
57 13
57 20
57 27
57 29
57 39
57 45
57 46
57 56
57 60
57 61
57 68
57 70
57 77
57 84
57 87
57 88
57 106
57 108
57 112
57 117
57 120
57 124
57 126
57 134
58 14
58 16
58 19
58 20
58 24
58 34
58 39
58 45
58 48
58 52
58 55
58 65
58 69
58 77
58 88
58 94
58 95
58 98
58 99
58 108
58 110
58 114
58 124
58 125
58 127
58 128
58 131
59 4
59 9
59 18
59 22
59 23
59 25
59 26
59 28
59 29
59 31
59 32
59 33
59 35
59 37
59 49
59 50
59 56
59 63
59 65
59 76
59 82
59 86
59 88
59 91
59 92
59 98
59 102
59 105
59 106
59 108
59 109
59 113
59 125
59 128
60 5
60 7
60 8
60 9
60 13
60 15
60 18
60 25
60 26
60 31
60 35
60 36
60 42
60 45
60 46
60 53
60 54
60 59
60 66
60 76
60 82
60 87
60 90
60 91
60 95
60 99
60 106
60 129
61 0
61 6
61 10
61 12
61 15
61 19
61 21
61 22
61 23
61 28
61 39
61 46
61 51
61 56
61 63
61 66
61 69
61 70
61 74
61 76
61 86
61 87
61 101
61 103
61 106
61 113
61 114
61 125
61 130
62 2
62 12
62 13
62 15
62 18
62 22
62 24
62 28
62 31
62 36
62 54
62 70
62 71
62 72
62 77
62 81
62 82
62 84
62 86
62 99
62 100
62 102
62 107
62 111
62 133
63 0
63 3
63 7
63 10
63 14
63 15
63 16
63 30
63 41
63 48
63 49
63 57
63 58
63 59
63 68
63 70
63 77
63 81
63 92
63 96
63 106
63 107
63 110
63 115
63 118
63 120
63 121
63 123
63 126
63 130
63 133
63 134
64 22
64 26
64 39
64 44
64 46
64 47
64 50
64 55
64 60
64 61
64 65
64 68
64 72
64 85
64 87
64 89
64 97
64 102
64 107
64 108
64 117
64 125
64 130
65 13
65 14
65 18
65 22
65 31
65 36
65 37
65 43
65 45
65 48
65 54
65 55
65 59
65 64
65 69
65 70
65 71
65 82
65 86
65 87
65 93
65 100
65 102
65 106
65 124
65 125
65 126
65 128
65 130
66 7
66 14
66 19
66 26
66 29
66 36
66 41
66 42
66 46
66 47
66 59
66 69
66 71
66 75
66 80
66 83
66 92
66 94
66 98
66 100
66 116
66 118
66 119
66 121
66 124
66 129
66 130
67 6
67 11
67 13
67 17
67 18
67 38
67 39
67 41
67 43
67 49
67 50
67 53
67 73
67 80
67 84
67 85
67 88
67 91
67 101
67 102
67 106
67 112
67 113
67 114
67 132
68 1
68 10
68 12
68 13
68 18
68 27
68 37
68 45
68 46
68 51
68 55
68 69
68 77
68 87
68 95
68 97
68 98
68 101
68 104
68 106
68 108
68 113
68 115
68 116
68 117
68 124
68 126
68 128
68 130
68 132
69 5
69 8
69 17
69 25
69 31
69 35
69 36
69 37
69 42
69 57
69 61
69 63
69 67
69 71
69 87
69 89
69 90
69 94
69 97
69 107
69 110
69 113
69 119
69 120
69 127
69 129
69 130
69 132
70 19
70 20
70 32
70 37
70 39
70 44
70 47
70 51
70 55
70 58
70 59
70 66
70 73
70 74
70 78
70 85
70 90
70 94
70 99
70 107
70 111
70 112
70 116
70 123
70 128
70 132
71 18
71 19
71 21
71 24
71 28
71 30
71 32
71 34
71 42
71 54
71 58
71 65
71 67
71 74
71 80
71 84
71 86
71 95
71 97
71 100
71 101
71 103
71 105
71 121
71 122
71 126
72 0
72 8
72 26
72 27
72 31
72 41
72 43
72 49
72 60
72 62
72 67
72 71
72 74
72 77
72 78
72 88
72 89
72 95
72 96
72 104
72 106
72 108
72 111
72 112
72 113
72 114
73 14
73 15
73 20
73 23
73 36
73 44
73 48
73 55
73 65
73 69
73 74
73 82
73 94
73 98
73 101
73 106
73 107
73 112
73 117
73 118
73 128
74 0
74 1
74 3
74 6
74 8
74 9
74 12
74 15
74 18
74 26
74 27
74 31
74 35
74 45
74 46
74 47
74 54
74 59
74 60
74 72
74 73
74 75
74 85
74 95
74 97
74 99
74 114
74 120
74 124
74 127
74 134
75 5
75 12
75 20
75 21
75 23
75 26
75 37
75 38
75 42
75 43
75 48
75 55
75 59
75 60
75 62
75 67
75 69
75 70
75 82
75 87
75 88
75 91
75 97
75 98
75 111
75 113
75 117
75 119
75 122
75 123
75 127
75 130
75 131
76 5
76 7
76 10
76 19
76 22
76 28
76 32
76 37
76 39
76 40
76 42
76 46
76 53
76 65
76 73
76 74
76 79
76 83
76 87
76 97
76 100
76 107
76 112
76 118
76 127
76 129
77 2
77 3
77 11
77 19
77 27
77 42
77 52
77 54
77 59
77 60
77 71
77 73
77 80
77 93
77 95
77 100
77 102
77 106
77 107
77 116
77 123
78 1
78 6
78 7
78 10
78 13
78 19
78 29
78 34
78 36
78 41
78 42
78 45
78 50
78 54
78 63
78 65
78 71
78 83
78 89
78 92
78 102
78 106
78 111
78 121
78 128
78 134
79 8
79 22
79 26
79 32
79 38
79 48
79 53
79 54
79 57
79 60
79 61
79 62
79 65
79 70
79 74
79 83
79 93
79 94
79 102
79 106
79 111
79 113
79 120
79 123
79 131
80 10
80 11
80 18
80 19
80 24
80 36
80 38
80 41
80 42
80 44
80 46
80 47
80 48
80 57
80 59
80 64
80 67
80 68
80 69
80 71
80 76
80 79
80 93
80 95
80 99
80 104
80 105
80 108
80 110
80 115
80 116
80 120
80 127
80 129
80 130
81 10
81 13
81 18
81 22
81 34
81 36
81 41
81 43
81 50
81 52
81 55
81 58
81 60
81 79
81 82
81 83
81 90
81 106
81 111
81 112
81 113
81 114
81 120
81 123
81 129
81 130
81 131
82 0
82 9
82 22
82 23
82 25
82 27
82 34
82 41
82 43
82 50
82 54
82 57
82 59
82 63
82 67
82 69
82 70
82 74
82 75
82 77
82 79
82 84
82 86
82 87
82 90
82 93
82 95
82 96
82 103
82 108
82 110
82 111
82 113
82 122
83 8
83 9
83 17
83 21
83 22
83 29
83 36
83 41
83 42
83 43
83 47
83 48
83 67
83 79
83 80
83 81
83 82
83 92
83 97
83 98
83 102
83 104
83 113
83 117
83 118
83 130
83 131
83 132
84 1
84 3
84 8
84 21
84 25
84 30
84 37
84 48
84 49
84 56
84 59
84 67
84 68
84 70
84 75
84 77
84 90
84 94
84 96
84 97
84 98
84 101
84 103
84 115
84 119
84 131
85 3
85 7
85 15
85 16
85 18
85 25
85 29
85 32
85 38
85 39
85 47
85 49
85 51
85 54
85 62
85 65
85 66
85 67
85 69
85 70
85 75
85 77
85 88
85 90
85 91
85 94
85 101
85 102
85 105
85 110
85 111
85 112
85 119
85 127
85 128
85 132
86 0
86 2
86 7
86 9
86 17
86 21
86 22
86 36
86 40
86 41
86 50
86 54
86 55
86 59
86 60
86 61
86 62
86 64
86 68
86 72
86 74
86 84
86 91
86 94
86 109
86 110
86 121
86 123
86 128
86 134
87 0
87 2
87 4
87 8
87 9
87 20
87 22
87 31
87 38
87 39
87 45
87 48
87 54
87 60
87 65
87 66
87 67
87 68
87 71
87 76
87 78
87 85
87 96
87 104
87 117
87 118
87 119
87 120
87 121
87 124
87 130
88 1
88 2
88 16
88 24
88 26
88 28
88 29
88 43
88 47
88 50
88 67
88 68
88 79
88 87
88 89
88 95
88 96
88 101
88 117
88 120
88 123
88 128
89 11
89 12
89 24
89 30
89 38
89 39
89 40
89 44
89 45
89 49
89 58
89 59
89 66
89 68
89 69
89 75
89 85
89 87
89 91
89 99
89 117
89 118
89 131
90 0
90 2
90 8
90 9
90 12
90 13
90 22
90 24
90 25
90 26
90 27
90 31
90 43
90 47
90 49
90 51
90 54
90 55
90 57
90 58
90 70
90 76
90 77
90 79
90 84
90 87
90 91
90 97
90 99
90 100
90 108
90 126
90 134
91 0
91 3
91 12
91 15
91 32
91 35
91 43
91 46
91 60
91 64
91 70
91 71
91 72
91 78
91 84
91 85
91 88
91 95
91 104
91 106
91 110
91 111
91 113
91 120
91 128
92 2
92 6
92 10
92 14
92 21
92 25
92 26
92 36
92 38
92 42
92 43
92 48
92 54
92 57
92 61
92 72
92 78
92 79
92 81
92 102
92 106
92 108
92 114
92 121
92 133
93 0
93 8
93 12
93 19
93 35
93 36
93 41
93 45
93 46
93 61
93 63
93 65
93 66
93 68
93 69
93 73
93 101
93 110
93 124
93 127
93 128
93 133
94 1
94 6
94 7
94 17
94 28
94 30
94 33
94 37
94 40
94 47
94 49
94 54
94 55
94 56
94 57
94 62
94 64
94 69
94 73
94 74
94 81
94 84
94 89
94 91
94 110
94 117
94 119
94 123
94 128
94 134
95 0
95 1
95 3
95 8
95 14
95 18
95 20
95 21
95 36
95 45
95 57
95 66
95 70
95 71
95 72
95 78
95 80
95 81
95 82
95 94
95 96
95 99
95 100
95 102
95 106
95 109
95 111
95 112
95 117
95 123
95 129
96 2
96 10
96 25
96 29
96 39
96 40
96 43
96 54
96 65
96 68
96 69
96 81
96 85
96 90
96 95
96 98
96 102
96 106
96 109
96 110
96 111
96 114
96 115
96 120
96 123
96 132
97 4
97 14
97 16
97 20
97 22
97 32
97 33
97 34
97 37
97 42
97 46
97 48
97 59
97 61
97 76
97 87
97 91
97 95
97 104
97 107
97 115
97 119
97 121
97 126
97 128
97 129
97 132
98 1
98 3
98 7
98 8
98 15
98 18
98 23
98 26
98 39
98 42
98 47
98 48
98 49
98 51
98 52
98 55
98 60
98 69
98 70
98 71
98 73
98 75
98 77
98 79
98 80
98 87
98 116
98 120
98 122
98 128
98 131
99 8
99 24
99 26
99 27
99 35
99 41
99 44
99 48
99 58
99 69
99 71
99 75
99 77
99 82
99 105
99 120
99 126
99 129
99 133
100 1
100 9
100 15
100 18
100 20
100 44
100 55
100 63
100 65
100 70
100 71
100 78
100 82
100 102
100 104
100 106
100 117
100 125
100 129
101 0
101 3
101 6
101 11
101 13
101 15
101 17
101 18
101 19
101 20
101 21
101 24
101 29
101 34
101 36
101 39
101 40
101 43
101 44
101 49
101 52
101 56
101 58
101 66
101 76
101 78
101 83
101 86
101 87
101 90
101 91
101 94
101 95
101 97
101 117
101 122
102 4
102 22
102 23
102 24
102 25
102 27
102 29
102 37
102 45
102 51
102 53
102 62
102 67
102 69
102 76
102 77
102 84
102 85
102 86
102 90
102 93
102 105
102 110
102 114
102 115
102 117
102 121
102 122
102 123
102 129
103 1
103 5
103 6
103 9
103 15
103 17
103 23
103 27
103 29
103 34
103 44
103 47
103 53
103 60
103 70
103 71
103 74
103 75
103 76
103 78
103 82
103 89
103 105
103 117
103 119
103 120
103 126
103 128
103 132
104 2
104 12
104 19
104 25
104 34
104 36
104 38
104 44
104 45
104 48
104 56
104 61
104 65
104 66
104 70
104 75
104 79
104 83
104 98
104 101
104 102
104 107
104 110
104 124
104 128
104 132
104 134
105 2
105 4
105 9
105 10
105 15
105 17
105 19
105 29
105 49
105 60
105 63
105 69
105 70
105 79
105 87
105 95
105 99
105 101
105 104
105 107
105 117
105 129
106 20
106 23
106 24
106 29
106 31
106 33
106 35
106 38
106 41
106 43
106 50
106 51
106 61
106 62
106 74
106 76
106 80
106 87
106 97
106 103
106 104
106 107
106 119
106 127
106 131
106 133
107 0
107 2
107 10
107 18
107 25
107 27
107 28
107 42
107 49
107 50
107 52
107 55
107 57
107 59
107 65
107 72
107 73
107 90
107 99
107 105
107 113
107 128
108 0
108 2
108 11
108 15
108 27
108 36
108 37
108 40
108 41
108 46
108 50
108 51
108 63
108 68
108 73
108 74
108 76
108 80
108 81
108 88
108 94
108 98
108 102
108 112
108 113
108 119
108 124
108 127
108 129
109 2
109 3
109 12
109 15
109 18
109 38
109 47
109 59
109 64
109 67
109 68
109 70
109 72
109 82
109 87
109 98
109 108
109 118
110 21
110 32
110 41
110 43
110 46
110 50
110 53
110 54
110 55
110 59
110 73
110 75
110 76
110 82
110 88
110 91
110 92
110 94
110 95
110 99
110 100
110 109
110 113
110 116
110 121
110 126
110 134
111 1
111 5
111 6
111 7
111 9
111 12
111 35
111 37
111 38
111 39
111 41
111 44
111 47
111 58
111 60
111 70
111 80
111 85
111 89
111 90
111 92
111 103
111 105
111 106
111 108
111 117
111 122
111 123
111 129
112 1
112 16
112 23
112 25
112 31
112 39
112 49
112 53
112 65
112 67
112 78
112 88
112 95
112 96
112 97
112 108
112 110
112 116
112 117
112 123
113 5
113 16
113 37
113 38
113 46
113 49
113 53
113 55
113 64
113 65
113 73
113 79
113 80
113 83
113 87
113 94
113 98
113 107
113 111
113 112
113 118
113 125
113 127
114 0
114 10
114 14
114 15
114 20
114 22
114 26
114 28
114 38
114 49
114 50
114 52
114 56
114 57
114 58
114 64
114 68
114 72
114 75
114 80
114 86
114 97
114 116
114 122
114 125
115 0
115 1
115 15
115 34
115 37
115 41
115 42
115 49
115 52
115 54
115 59
115 60
115 62
115 71
115 74
115 85
115 102
115 105
115 116
115 119
115 122
115 131
116 36
116 45
116 49
116 64
116 73
116 78
116 87
116 92
116 93
116 100
116 103
116 113
116 114
116 121
117 4
117 6
117 7
117 13
117 22
117 25
117 28
117 31
117 34
117 36
117 37
117 38
117 43
117 50
117 58
117 67
117 69
117 86
117 89
117 94
117 102
117 103
117 107
117 116
117 123
117 133
117 134
118 2
118 3
118 6
118 13
118 14
118 19
118 21
118 29
118 31
118 34
118 35
118 38
118 40
118 44
118 53
118 55
118 59
118 63
118 68
118 71
118 77
118 79
118 81
118 82
118 87
118 99
118 102
118 103
118 107
118 108
118 111
118 123
118 124
118 125
118 130
119 7
119 14
119 17
119 20
119 21
119 24
119 26
119 29
119 40
119 47
119 51
119 53
119 63
119 70
119 74
119 75
119 76
119 82
119 85
119 87
119 89
119 92
119 96
119 99
119 100
119 106
119 108
119 113
119 115
119 123
119 124
119 125
119 131
119 134
120 3
120 6
120 14
120 15
120 21
120 22
120 31
120 37
120 38
120 41
120 51
120 52
120 58
120 59
120 64
120 65
120 72
120 73
120 77
120 79
120 83
120 85
120 89
120 95
120 99
120 101
120 106
120 108
120 110
120 111
120 113
120 114
120 118
120 122
120 126
121 5
121 16
121 33
121 39
121 42
121 45
121 56
121 61
121 68
121 74
121 82
121 92
121 94
121 95
121 103
121 104
121 117
121 119
121 123
121 127
122 0
122 1
122 6
122 9
122 11
122 12
122 15
122 19
122 24
122 35
122 42
122 43
122 51
122 57
122 70
122 73
122 75
122 81
122 83
122 90
122 91
122 92
122 93
122 95
122 105
122 106
122 111
122 114
122 121
122 125
122 127
123 7
123 12
123 14
123 18
123 23
123 24
123 26
123 31
123 41
123 42
123 43
123 45
123 48
123 51
123 52
123 66
123 72
123 77
123 104
123 109
123 121
123 125
123 130
123 132
123 133
124 1
124 2
124 8
124 13
124 18
124 22
124 30
124 32
124 37
124 42
124 46
124 53
124 54
124 57
124 64
124 66
124 68
124 72
124 74
124 75
124 81
124 89
124 92
124 100
124 102
124 105
124 109
124 111
124 113
124 114
124 116
124 126
124 127
125 2
125 6
125 8
125 9
125 10
125 12
125 17
125 18
125 23
125 27
125 29
125 32
125 33
125 34
125 44
125 48
125 53
125 56
125 63
125 74
125 77
125 80
125 82
125 86
125 90
125 100
125 101
125 103
125 109
125 111
125 114
125 115
125 119
125 120
125 122
125 124
125 128
125 132
126 12
126 17
126 18
126 20
126 21
126 23
126 25
126 27
126 32
126 40
126 43
126 48
126 52
126 59
126 62
126 66
126 69
126 71
126 80
126 83
126 84
126 87
126 95
126 101
126 104
126 111
126 117
126 131
126 133
127 5
127 6
127 17
127 21
127 30
127 31
127 33
127 34
127 39
127 47
127 53
127 56
127 61
127 62
127 63
127 66
127 67
127 69
127 73
127 74
127 83
127 85
127 89
127 100
127 104
127 109
127 117
127 122
127 132
128 2
128 9
128 11
128 16
128 29
128 30
128 35
128 40
128 41
128 49
128 51
128 54
128 56
128 61
128 63
128 72
128 92
128 94
128 105
128 107
128 108
128 121
128 124
129 7
129 8
129 18
129 25
129 30
129 32
129 34
129 36
129 42
129 45
129 64
129 75
129 78
129 79
129 80
129 87
129 95
129 96
129 97
129 98
129 100
129 101
129 103
129 117
129 118
129 121
129 122
129 131
130 8
130 11
130 14
130 15
130 18
130 20
130 21
130 24
130 28
130 30
130 31
130 41
130 45
130 57
130 66
130 67
130 74
130 79
130 85
130 94
130 95
130 99
130 106
130 107
130 111
130 114
130 121
130 122
130 126
130 127
131 2
131 9
131 21
131 29
131 32
131 39
131 41
131 44
131 51
131 58
131 61
131 67
131 68
131 73
131 74
131 78
131 80
131 104
131 107
131 116
131 132
132 16
132 18
132 23
132 26
132 29
132 31
132 37
132 41
132 44
132 48
132 49
132 50
132 58
132 63
132 71
132 72
132 90
132 93
132 94
132 95
132 97
132 104
132 109
132 111
133 0
133 1
133 4
133 8
133 24
133 28
133 43
133 46
133 47
133 63
133 78
133 86
133 87
133 90
133 93
133 99
133 106
133 111
133 112
133 118
133 127
133 131
133 134
134 5
134 12
134 14
134 30
134 36
134 38
134 39
134 44
134 49
134 59
134 62
134 63
134 67
134 68
134 74
134 81
134 83
134 88
134 96
134 100
134 106
134 110
134 113
134 119
134 120
134 124
134 129
134 131
