180
0 7
0 11
0 25
0 26
0 27
0 29
0 36
0 44
0 46
0 48
0 49
0 53
0 55
0 57
0 62
0 64
0 69
0 80
0 85
0 107
0 111
0 114
0 116
0 117
0 118
0 119
0 122
0 129
0 132
0 133
0 135
0 140
0 144
0 148
0 153
0 154
0 155
0 173
0 179
1 4
1 13
1 19
1 20
1 21
1 24
1 32
1 43
1 55
1 57
1 62
1 64
1 67
1 68
1 70
1 74
1 75
1 76
1 82
1 87
1 91
1 95
1 103
1 110
1 111
1 114
1 127
1 139
1 142
1 143
1 147
1 154
1 159
1 169
1 172
1 174
1 175
1 176
1 178
1 179
2 10
2 14
2 15
2 18
2 21
2 30
2 34
2 43
2 54
2 57
2 58
2 63
2 69
2 75
2 76
2 79
2 80
2 84
2 86
2 92
2 98
2 107
2 108
2 110
2 119
2 127
2 128
2 151
2 152
2 156
2 168
2 172
2 179
3 21
3 23
3 33
3 38
3 50
3 55
3 57
3 58
3 59
3 60
3 63
3 65
3 70
3 77
3 79
3 85
3 93
3 94
3 95
3 101
3 104
3 107
3 108
3 112
3 115
3 122
3 124
3 129
3 133
3 137
3 139
3 140
3 143
3 153
3 154
3 155
3 161
3 167
3 174
3 175
4 6
4 7
4 8
4 17
4 19
4 20
4 29
4 34
4 40
4 43
4 50
4 61
4 68
4 69
4 70
4 88
4 89
4 92
4 93
4 99
4 100
4 102
4 111
4 124
4 126
4 127
4 135
4 145
4 150
4 154
4 160
4 165
4 167
4 171
4 176
4 178
5 2
5 10
5 15
5 19
5 29
5 30
5 44
5 47
5 48
5 51
5 53
5 55
5 57
5 67
5 70
5 71
5 74
5 77
5 88
5 107
5 110
5 112
5 114
5 119
5 129
5 130
5 136
5 141
5 143
5 150
5 155
5 165
5 172
5 173
5 179
6 0
6 3
6 5
6 7
6 20
6 23
6 25
6 33
6 39
6 40
6 43
6 47
6 53
6 57
6 71
6 75
6 77
6 86
6 88
6 90
6 92
6 99
6 115
6 122
6 123
6 135
6 136
6 138
6 144
6 157
6 158
6 164
6 171
6 172
6 173
7 13
7 14
7 18
7 23
7 25
7 26
7 34
7 38
7 45
7 52
7 65
7 70
7 72
7 73
7 74
7 75
7 78
7 84
7 92
7 95
7 100
7 102
7 105
7 107
7 111
7 112
7 115
7 118
7 119
7 120
7 123
7 125
7 127
7 128
7 130
7 132
7 133
7 134
7 136
7 139
7 141
7 143
7 144
7 150
7 158
7 159
7 161
7 168
7 169
7 170
7 175
7 178
8 5
8 14
8 17
8 20
8 28
8 29
8 31
8 32
8 44
8 48
8 50
8 53
8 54
8 59
8 82
8 85
8 88
8 93
8 101
8 102
8 108
8 109
8 122
8 129
8 134
8 136
8 137
8 142
8 151
8 154
8 158
8 162
8 165
8 178
9 2
9 5
9 13
9 14
9 17
9 22
9 30
9 31
9 40
9 52
9 55
9 57
9 59
9 74
9 75
9 79
9 87
9 98
9 100
9 108
9 111
9 113
9 117
9 125
9 128
9 135
9 139
9 141
9 157
9 162
9 165
9 166
9 169
9 175
10 2
10 6
10 7
10 11
10 13
10 15
10 16
10 17
10 21
10 22
10 23
10 25
10 27
10 31
10 35
10 45
10 59
10 89
10 106
10 108
10 110
10 111
10 113
10 114
10 115
10 116
10 123
10 124
10 128
10 130
10 131
10 132
10 133
10 135
10 136
10 139
10 142
10 145
10 154
10 159
11 1
11 5
11 10
11 13
11 24
11 26
11 27
11 28
11 31
11 32
11 33
11 36
11 40
11 44
11 45
11 47
11 52
11 56
11 65
11 66
11 68
11 80
11 86
11 87
11 88
11 98
11 104
11 110
11 121
11 131
11 133
11 141
11 147
11 162
11 169
12 5
12 8
12 9
12 14
12 15
12 20
12 25
12 26
12 27
12 28
12 31
12 33
12 54
12 56
12 57
12 58
12 66
12 67
12 80
12 81
12 87
12 93
12 96
12 97
12 101
12 105
12 106
12 109
12 113
12 116
12 118
12 124
12 138
12 139
12 148
12 161
12 162
12 168
12 171
13 2
13 4
13 6
13 21
13 23
13 24
13 28
13 30
13 32
13 33
13 39
13 40
13 59
13 60
13 61
13 71
13 75
13 76
13 82
13 89
13 100
13 117
13 127
13 138
13 141
13 146
13 153
13 159
13 161
13 166
13 169
13 173
13 175
14 0
14 1
14 5
14 22
14 31
14 39
14 43
14 54
14 60
14 64
14 70
14 73
14 104
14 106
14 107
14 122
14 125
14 126
14 128
14 146
14 149
14 150
14 153
14 159
14 162
14 176
14 179
15 1
15 2
15 6
15 9
15 14
15 20
15 22
15 24
15 25
15 26
15 29
15 33
15 34
15 35
15 41
15 44
15 51
15 54
15 56
15 58
15 61
15 68
15 76
15 78
15 79
15 94
15 95
15 96
15 106
15 111
15 116
15 117
15 118
15 119
15 123
15 127
15 131
15 135
15 137
15 138
15 141
15 144
15 147
15 151
15 163
15 173
15 174
15 179
16 4
16 8
16 11
16 23
16 28
16 34
16 43
16 44
16 45
16 46
16 47
16 55
16 56
16 64
16 68
16 73
16 77
16 80
16 82
16 83
16 85
16 88
16 93
16 98
16 99
16 104
16 113
16 114
16 119
16 121
16 128
16 131
16 144
16 156
16 161
16 178
17 4
17 5
17 8
17 19
17 22
17 25
17 30
17 31
17 44
17 51
17 53
17 54
17 56
17 63
17 72
17 79
17 84
17 87
17 88
17 90
17 91
17 95
17 96
17 100
17 103
17 108
17 110
17 117
17 131
17 134
17 138
17 139
17 145
17 150
17 154
17 163
17 165
18 5
18 12
18 13
18 14
18 17
18 21
18 26
18 29
18 33
18 38
18 53
18 72
18 75
18 76
18 79
18 80
18 88
18 89
18 90
18 91
18 92
18 94
18 98
18 101
18 103
18 114
18 121
18 133
18 136
18 141
18 142
18 143
18 144
18 146
18 147
18 148
18 151
18 157
18 167
18 177
18 179
19 1
19 2
19 13
19 17
19 25
19 27
19 29
19 35
19 36
19 37
19 43
19 44
19 63
19 66
19 70
19 71
19 74
19 87
19 92
19 106
19 118
19 123
19 124
19 147
19 149
19 153
19 160
19 169
19 178
20 3
20 18
20 24
20 26
20 30
20 36
20 39
20 40
20 42
20 46
20 56
20 59
20 62
20 65
20 77
20 82
20 84
20 85
20 86
20 94
20 95
20 102
20 106
20 112
20 114
20 116
20 131
20 133
20 136
20 138
20 143
20 147
20 148
20 153
20 154
20 157
20 158
20 164
20 171
21 2
21 8
21 12
21 16
21 20
21 25
21 33
21 35
21 37
21 39
21 44
21 48
21 52
21 53
21 63
21 68
21 74
21 75
21 78
21 91
21 94
21 98
21 99
21 100
21 108
21 109
21 110
21 112
21 113
21 119
21 125
21 128
21 140
21 148
21 151
21 152
21 167
21 174
21 175
22 11
22 23
22 24
22 27
22 29
22 31
22 39
22 41
22 46
22 52
22 54
22 58
22 67
22 71
22 90
22 100
22 107
22 123
22 124
22 125
22 129
22 135
22 145
22 148
22 153
22 160
22 163
22 170
22 171
22 173
22 174
22 175
23 5
23 11
23 25
23 27
23 28
23 32
23 35
23 37
23 40
23 45
23 47
23 52
23 57
23 65
23 68
23 69
23 70
23 74
23 76
23 82
23 91
23 94
23 100
23 107
23 121
23 125
23 126
23 147
23 152
23 155
23 156
23 159
23 160
23 163
23 167
23 169
23 173
24 9
24 10
24 11
24 19
24 23
24 25
24 27
24 31
24 38
24 41
24 43
24 49
24 56
24 61
24 78
24 83
24 86
24 90
24 91
24 92
24 94
24 95
24 98
24 108
24 115
24 117
24 124
24 127
24 134
24 143
24 146
24 148
24 155
24 156
24 157
24 165
24 166
24 167
24 172
24 176
24 177
25 4
25 7
25 28
25 30
25 36
25 53
25 56
25 65
25 79
25 84
25 91
25 94
25 95
25 103
25 105
25 106
25 113
25 114
25 125
25 128
25 133
25 140
25 143
25 144
25 145
25 146
25 155
25 157
25 160
25 169
25 170
26 1
26 5
26 9
26 13
26 17
26 18
26 24
26 33
26 35
26 36
26 42
26 47
26 68
26 71
26 74
26 86
26 87
26 102
26 112
26 113
26 117
26 119
26 123
26 131
26 140
26 146
26 149
26 150
26 153
26 155
26 156
26 162
26 164
26 166
26 171
26 176
26 178
27 2
27 4
27 7
27 10
27 11
27 12
27 20
27 22
27 26
27 32
27 60
27 62
27 68
27 71
27 72
27 73
27 74
27 75
27 77
27 79
27 80
27 81
27 84
27 87
27 100
27 113
27 127
27 128
27 130
27 144
27 145
27 148
27 151
27 156
27 175
27 176
28 4
28 7
28 8
28 12
28 13
28 15
28 17
28 19
28 22
28 24
28 33
28 36
28 40
28 46
28 47
28 52
28 56
28 63
28 66
28 68
28 73
28 79
28 83
28 102
28 103
28 107
28 117
28 124
28 130
28 131
28 132
28 138
28 139
28 144
28 150
28 151
28 159
28 163
29 4
29 6
29 10
29 14
29 16
29 21
29 23
29 31
29 33
29 35
29 39
29 40
29 42
29 45
29 46
29 51
29 52
29 53
29 55
29 59
29 64
29 66
29 73
29 77
29 81
29 82
29 86
29 88
29 92
29 98
29 106
29 107
29 120
29 122
29 127
29 129
29 139
29 140
29 143
29 158
29 170
29 176
29 177
30 0
30 8
30 9
30 11
30 14
30 21
30 25
30 26
30 31
30 32
30 35
30 40
30 43
30 45
30 56
30 59
30 60
30 63
30 65
30 70
30 73
30 75
30 85
30 94
30 100
30 106
30 107
30 108
30 113
30 114
30 123
30 128
30 131
30 137
30 146
30 147
30 155
30 156
30 160
30 161
30 166
30 168
30 170
31 0
31 3
31 4
31 6
31 7
31 9
31 10
31 15
31 18
31 21
31 34
31 37
31 42
31 43
31 50
31 54
31 55
31 57
31 62
31 77
31 78
31 86
31 93
31 95
31 96
31 101
31 102
31 109
31 120
31 121
31 122
31 123
31 124
31 125
31 138
31 144
31 145
31 151
31 160
31 161
31 168
31 179
32 0
32 1
32 4
32 8
32 9
32 16
32 24
32 30
32 35
32 40
32 43
32 59
32 68
32 69
32 73
32 75
32 91
32 94
32 103
32 106
32 114
32 119
32 122
32 127
32 131
32 132
32 137
32 139
32 151
32 155
32 157
32 162
32 167
32 168
32 172
32 174
33 1
33 4
33 18
33 25
33 27
33 29
33 36
33 41
33 49
33 59
33 64
33 66
33 73
33 74
33 80
33 87
33 97
33 99
33 104
33 105
33 109
33 110
33 116
33 118
33 127
33 130
33 132
33 139
33 145
33 158
33 160
33 161
33 165
33 168
33 170
33 177
33 178
34 2
34 10
34 17
34 31
34 37
34 41
34 50
34 53
34 57
34 60
34 62
34 70
34 71
34 77
34 82
34 83
34 90
34 91
34 95
34 98
34 102
34 108
34 112
34 113
34 117
34 118
34 125
34 126
34 137
34 139
34 148
34 149
34 151
34 159
34 163
34 168
34 169
34 171
34 175
34 176
35 1
35 2
35 3
35 14
35 18
35 20
35 24
35 29
35 38
35 42
35 51
35 59
35 60
35 63
35 65
35 66
35 69
35 74
35 96
35 103
35 115
35 119
35 122
35 127
35 148
35 152
35 172
36 0
36 7
36 8
36 10
36 19
36 21
36 29
36 31
36 39
36 48
36 52
36 56
36 57
36 79
36 80
36 84
36 97
36 104
36 109
36 125
36 140
36 143
36 144
36 148
36 151
36 153
36 157
36 158
36 159
36 166
36 175
36 177
36 179
37 3
37 5
37 12
37 15
37 16
37 19
37 28
37 29
37 31
37 38
37 39
37 42
37 45
37 46
37 49
37 51
37 53
37 54
37 77
37 84
37 88
37 90
37 92
37 93
37 97
37 103
37 113
37 120
37 125
37 126
37 129
37 134
37 135
37 145
37 171
37 172
37 173
37 174
37 176
37 177
38 2
38 6
38 19
38 23
38 26
38 28
38 53
38 67
38 74
38 80
38 83
38 92
38 96
38 97
38 101
38 113
38 131
38 137
38 142
38 148
38 162
38 167
38 175
39 3
39 4
39 10
39 11
39 20
39 25
39 26
39 34
39 38
39 42
39 46
39 47
39 48
39 49
39 52
39 55
39 59
39 61
39 62
39 64
39 70
39 76
39 77
39 79
39 91
39 92
39 93
39 102
39 111
39 113
39 114
39 119
39 130
39 135
39 142
39 145
39 146
39 151
39 156
39 160
39 163
39 165
39 169
39 174
40 8
40 33
40 34
40 35
40 38
40 42
40 44
40 47
40 56
40 68
40 80
40 85
40 86
40 90
40 96
40 110
40 112
40 114
40 115
40 125
40 131
40 136
40 143
40 153
40 156
40 160
40 163
40 168
40 172
40 175
41 3
41 6
41 9
41 10
41 12
41 15
41 26
41 30
41 32
41 34
41 37
41 40
41 48
41 64
41 72
41 77
41 78
41 80
41 82
41 84
41 91
41 93
41 94
41 101
41 103
41 111
41 115
41 116
41 126
41 132
41 133
41 138
41 144
41 148
41 151
41 155
41 156
41 163
41 165
41 174
42 0
42 3
42 4
42 6
42 8
42 25
42 27
42 29
42 35
42 38
42 41
42 45
42 51
42 57
42 64
42 65
42 67
42 69
42 70
42 75
42 81
42 86
42 89
42 97
42 100
42 101
42 102
42 107
42 109
42 114
42 117
42 119
42 120
42 125
42 126
42 132
42 133
42 152
42 159
42 162
42 170
42 178
42 179
43 4
43 21
43 28
43 37
43 49
43 51
43 58
43 65
43 66
43 71
43 72
43 85
43 86
43 96
43 97
43 99
43 101
43 102
43 108
43 113
43 117
43 146
43 158
43 159
43 170
43 171
43 177
44 2
44 6
44 9
44 32
44 34
44 35
44 36
44 48
44 49
44 53
44 56
44 57
44 65
44 75
44 76
44 85
44 88
44 90
44 91
44 94
44 96
44 98
44 102
44 121
44 131
44 138
44 142
44 143
44 147
44 158
44 159
44 162
44 163
44 164
44 171
45 5
45 9
45 12
45 15
45 16
45 20
45 29
45 30
45 35
45 38
45 47
45 49
45 59
45 61
45 63
45 64
45 66
45 68
45 78
45 82
45 85
45 89
45 91
45 92
45 93
45 97
45 100
45 101
45 104
45 107
45 108
45 109
45 113
45 118
45 129
45 139
45 142
45 144
45 145
45 148
45 157
45 160
45 162
45 163
45 164
45 176
45 179
46 0
46 3
46 4
46 6
46 9
46 10
46 14
46 15
46 20
46 29
46 36
46 37
46 44
46 65
46 67
46 76
46 81
46 84
46 89
46 93
46 94
46 95
46 96
46 101
46 106
46 112
46 114
46 116
46 121
46 123
46 145
46 146
46 160
46 166
46 171
46 172
46 177
47 3
47 10
47 14
47 21
47 31
47 40
47 45
47 51
47 58
47 59
47 60
47 77
47 80
47 84
47 98
47 99
47 109
47 116
47 120
47 122
47 125
47 126
47 131
47 132
47 136
47 138
47 139
47 143
47 148
47 157
47 165
47 168
47 176
48 0
48 3
48 4
48 14
48 16
48 27
48 55
48 71
48 76
48 77
48 93
48 94
48 95
48 108
48 109
48 116
48 120
48 121
48 128
48 135
48 137
48 138
48 139
48 144
48 169
48 174
48 175
49 1
49 9
49 13
49 14
49 18
49 29
49 34
49 38
49 47
49 52
49 58
49 76
49 87
49 88
49 89
49 90
49 95
49 96
49 110
49 111
49 114
49 125
49 136
49 137
49 148
49 161
49 170
49 179
50 5
50 6
50 15
50 17
50 23
50 30
50 33
50 38
50 41
50 42
50 56
50 58
50 60
50 61
50 67
50 72
50 76
50 79
50 86
50 92
50 99
50 104
50 107
50 112
50 114
50 115
50 121
50 135
50 142
50 159
50 160
50 172
50 174
50 178
51 3
51 10
51 12
51 16
51 17
51 19
51 20
51 21
51 23
51 25
51 39
51 40
51 54
51 55
51 56
51 62
51 68
51 72
51 75
51 76
51 78
51 90
51 92
51 97
51 99
51 103
51 104
51 105
51 107
51 127
51 129
51 130
51 134
51 148
51 156
51 158
51 165
51 179
52 3
52 7
52 10
52 16
52 23
52 25
52 30
52 31
52 34
52 45
52 48
52 49
52 50
52 53
52 55
52 58
52 67
52 69
52 72
52 83
52 93
52 96
52 97
52 102
52 105
52 107
52 111
52 114
52 125
52 127
52 128
52 131
52 139
52 146
52 152
52 157
52 158
52 163
52 177
52 178
53 1
53 3
53 6
53 9
53 12
53 13
53 17
53 21
53 24
53 30
53 31
53 35
53 36
53 37
53 44
53 47
53 49
53 51
53 52
53 56
53 58
53 59
53 60
53 65
53 67
53 70
53 79
53 103
53 105
53 113
53 115
53 119
53 133
53 134
53 162
53 163
53 166
53 173
53 176
53 179
54 3
54 5
54 6
54 12
54 17
54 20
54 27
54 29
54 38
54 42
54 48
54 51
54 61
54 64
54 68
54 71
54 90
54 109
54 111
54 117
54 118
54 120
54 121
54 129
54 131
54 138
54 141
54 145
54 152
54 154
54 156
54 160
54 162
54 165
54 173
54 174
54 177
54 179
55 2
55 4
55 6
55 37
55 43
55 48
55 49
55 51
55 56
55 57
55 58
55 59
55 65
55 78
55 79
55 82
55 88
55 92
55 93
55 94
55 95
55 101
55 105
55 107
55 111
55 113
55 122
55 127
55 131
55 138
55 144
55 152
55 159
55 174
55 175
56 4
56 7
56 8
56 19
56 23
56 30
56 34
56 38
56 40
56 44
56 50
56 54
56 57
56 60
56 71
56 86
56 88
56 92
56 95
56 104
56 105
56 112
56 116
56 130
56 134
56 142
56 150
56 151
56 154
56 157
56 162
56 163
56 173
57 3
57 12
57 19
57 21
57 23
57 29
57 32
57 33
57 34
57 40
57 41
57 45
57 47
57 55
57 56
57 64
57 71
57 77
57 79
57 84
57 85
57 88
57 90
57 99
57 102
57 104
57 105
57 107
57 108
57 109
57 116
57 122
57 125
57 126
57 128
57 129
57 133
57 146
57 148
57 156
57 172
58 5
58 17
58 19
58 20
58 22
58 27
58 37
58 38
58 42
58 43
58 49
58 50
58 53
58 54
58 62
58 74
58 79
58 82
58 86
58 88
58 91
58 94
58 95
58 96
58 98
58 102
58 118
58 123
58 134
58 135
58 137
58 139
58 144
58 150
58 153
58 154
58 159
58 161
58 166
58 171
58 175
58 177
59 7
59 15
59 18
59 20
59 21
59 22
59 25
59 30
59 38
59 50
59 55
59 56
59 58
59 60
59 63
59 64
59 69
59 71
59 85
59 92
59 95
59 103
59 125
59 126
59 130
59 152
59 154
59 159
59 168
59 170
60 1
60 4
60 5
60 26
60 31
60 34
60 39
60 43
60 45
60 46
60 50
60 55
60 56
60 64
60 69
60 72
60 79
60 90
60 91
60 92
60 95
60 104
60 111
60 122
60 125
60 131
60 133
60 137
60 166
60 167
60 170
60 173
60 179
61 2
61 12
61 15
61 20
61 24
61 37
61 41
61 42
61 45
61 56
61 66
61 70
61 74
61 76
61 81
61 85
61 88
61 90
61 91
61 103
61 111
61 121
61 124
61 128
61 133
61 136
61 137
61 138
61 140
61 145
61 149
61 151
61 169
61 171
61 173
61 175
61 178
62 1
62 10
62 11
62 18
62 22
62 23
62 25
62 31
62 34
62 38
62 40
62 50
62 53
62 57
62 67
62 68
62 69
62 78
62 83
62 86
62 106
62 109
62 111
62 116
62 119
62 123
62 128
62 140
62 143
62 145
62 149
62 164
62 171
62 173
62 174
63 8
63 15
63 17
63 22
63 30
63 34
63 49
63 53
63 55
63 66
63 75
63 77
63 78
63 85
63 87
63 96
63 98
63 99
63 110
63 122
63 124
63 130
63 134
63 136
63 143
63 147
63 149
63 167
63 170
63 172
64 4
64 15
64 27
64 29
64 33
64 34
64 40
64 55
64 58
64 59
64 65
64 75
64 80
64 84
64 87
64 90
64 92
64 100
64 109
64 110
64 119
64 126
64 133
64 139
64 143
64 145
64 162
64 164
64 166
64 175
65 7
65 17
65 20
65 23
65 25
65 26
65 30
65 37
65 38
65 44
65 50
65 51
65 70
65 71
65 74
65 75
65 79
65 83
65 85
65 95
65 101
65 104
65 106
65 109
65 110
65 111
65 121
65 129
65 130
65 135
65 144
65 147
66 0
66 6
66 20
66 26
66 32
66 38
66 42
66 44
66 46
66 53
66 65
66 67
66 68
66 69
66 73
66 85
66 90
66 93
66 94
66 105
66 106
66 109
66 114
66 118
66 121
66 122
66 127
66 128
66 129
66 137
66 138
66 139
66 142
66 144
66 147
66 148
66 156
66 158
66 172
66 173
66 175
66 178
67 2
67 4
67 5
67 7
67 11
67 13
67 15
67 18
67 20
67 24
67 26
67 27
67 35
67 39
67 44
67 49
67 55
67 63
67 65
67 74
67 78
67 80
67 84
67 87
67 90
67 95
67 98
67 100
67 103
67 109
67 111
67 119
67 123
67 126
67 132
67 146
67 153
67 162
67 165
67 166
67 169
67 171
68 0
68 5
68 6
68 9
68 11
68 16
68 25
68 37
68 39
68 42
68 54
68 66
68 69
68 80
68 83
68 89
68 94
68 95
68 100
68 102
68 107
68 108
68 113
68 125
68 126
68 127
68 128
68 135
68 137
68 139
68 142
68 152
68 153
68 160
68 166
68 167
68 169
68 173
68 174
68 177
69 2
69 10
69 11
69 23
69 24
69 28
69 35
69 48
69 57
69 67
69 75
69 78
69 80
69 81
69 83
69 89
69 90
69 91
69 96
69 102
69 104
69 105
69 110
69 111
69 124
69 125
69 130
69 135
69 145
69 148
69 154
69 157
69 167
69 172
69 178
70 6
70 11
70 31
70 32
70 34
70 35
70 40
70 54
70 56
70 58
70 61
70 65
70 77
70 83
70 84
70 95
70 96
70 101
70 103
70 106
70 117
70 118
70 119
70 121
70 122
70 124
70 125
70 134
70 135
70 141
70 147
70 155
70 158
70 162
70 166
70 167
70 176
70 178
71 1
71 12
71 15
71 18
71 22
71 23
71 41
71 42
71 46
71 49
71 50
71 58
71 65
71 66
71 70
71 73
71 75
71 79
71 80
71 85
71 89
71 92
71 95
71 97
71 99
71 110
71 111
71 113
71 117
71 127
71 128
71 133
71 134
71 135
71 145
71 148
71 150
71 159
71 163
71 165
71 169
71 173
72 3
72 10
72 13
72 18
72 23
72 29
72 30
72 35
72 49
72 56
72 59
72 64
72 65
72 77
72 80
72 94
72 95
72 101
72 103
72 104
72 111
72 112
72 120
72 122
72 126
72 128
72 132
72 137
72 144
72 145
72 146
72 148
72 149
72 150
72 153
72 155
72 157
72 159
72 160
72 162
72 163
72 174
72 176
73 13
73 36
73 44
73 51
73 62
73 65
73 79
73 82
73 92
73 95
73 105
73 121
73 124
73 128
73 137
73 144
73 155
73 158
73 159
73 162
73 166
73 167
73 175
73 179
74 4
74 5
74 10
74 14
74 18
74 32
74 39
74 41
74 47
74 52
74 59
74 61
74 63
74 66
74 68
74 72
74 84
74 89
74 103
74 108
74 109
74 110
74 112
74 124
74 126
74 137
74 146
74 151
74 153
74 154
74 159
74 173
74 177
75 12
75 21
75 29
75 30
75 39
75 42
75 44
75 45
75 57
75 69
75 76
75 77
75 90
75 95
75 96
75 102
75 106
75 113
75 114
75 124
75 125
75 126
75 131
75 132
75 133
75 137
75 138
75 141
75 147
75 148
75 152
75 153
75 155
75 156
75 162
75 165
75 172
75 177
76 0
76 1
76 11
76 16
76 30
76 48
76 52
76 60
76 65
76 73
76 87
76 88
76 98
76 105
76 107
76 111
76 113
76 123
76 125
76 130
76 131
76 136
76 138
76 150
76 153
76 154
76 158
76 159
76 171
76 176
77 5
77 7
77 16
77 19
77 24
77 35
77 36
77 41
77 53
77 67
77 70
77 72
77 73
77 81
77 84
77 85
77 93
77 102
77 106
77 114
77 116
77 122
77 124
77 127
77 128
77 132
77 133
77 134
77 141
77 145
77 146
77 150
77 151
77 152
77 158
77 159
77 161
77 162
77 165
77 175
77 178
78 9
78 12
78 14
78 22
78 30
78 37
78 41
78 46
78 59
78 70
78 83
78 84
78 88
78 93
78 99
78 104
78 106
78 109
78 110
78 114
78 115
78 120
78 122
78 126
78 140
78 147
78 148
78 150
78 154
78 157
78 165
78 168
78 170
78 171
78 172
79 5
79 13
79 14
79 23
79 37
79 41
79 51
79 58
79 63
79 64
79 67
79 71
79 84
79 85
79 92
79 94
79 96
79 99
79 107
79 108
79 114
79 119
79 128
79 137
79 147
79 166
79 168
79 171
79 172
79 175
80 0
80 3
80 10
80 13
80 17
80 28
80 29
80 31
80 38
80 39
80 43
80 46
80 51
80 52
80 55
80 56
80 60
80 61
80 63
80 64
80 66
80 68
80 76
80 77
80 84
80 91
80 92
80 102
80 104
80 105
80 106
80 108
80 117
80 121
80 129
80 140
80 141
80 148
80 158
80 166
80 177
81 5
81 19
81 21
81 22
81 24
81 31
81 36
81 37
81 41
81 44
81 52
81 54
81 56
81 61
81 71
81 76
81 85
81 86
81 92
81 94
81 100
81 104
81 116
81 120
81 122
81 125
81 130
81 132
81 134
81 135
81 147
81 152
81 154
81 158
81 159
81 160
81 167
81 171
81 172
81 176
81 179
82 11
82 16
82 17
82 24
82 25
82 26
82 28
82 30
82 32
82 39
82 40
82 57
82 60
82 61
82 65
82 71
82 73
82 81
82 89
82 92
82 94
82 95
82 99
82 101
82 105
82 106
82 108
82 109
82 117
82 120
82 125
82 126
82 127
82 147
82 148
82 163
82 164
82 169
82 170
82 172
82 173
82 177
83 19
83 24
83 40
83 44
83 47
83 52
83 55
83 81
83 82
83 94
83 98
83 107
83 114
83 117
83 124
83 125
83 143
83 145
83 147
83 160
83 169
83 179
84 3
84 7
84 12
84 14
84 15
84 19
84 30
84 38
84 41
84 49
84 50
84 51
84 54
84 60
84 65
84 72
84 73
84 77
84 90
84 92
84 97
84 99
84 100
84 102
84 103
84 105
84 110
84 112
84 126
84 127
84 130
84 131
84 132
84 136
84 137
84 144
84 155
84 156
84 158
84 159
84 177
85 10
85 14
85 17
85 18
85 19
85 20
85 22
85 26
85 27
85 33
85 35
85 41
85 52
85 57
85 65
85 69
85 78
85 79
85 80
85 82
85 100
85 102
85 104
85 119
85 127
85 128
85 138
85 141
85 142
85 145
85 151
85 155
85 157
85 165
85 166
85 167
85 171
85 174
86 3
86 5
86 6
86 8
86 17
86 18
86 22
86 26
86 36
86 37
86 39
86 41
86 45
86 47
86 52
86 54
86 56
86 60
86 64
86 65
86 66
86 73
86 99
86 107
86 113
86 116
86 117
86 128
86 135
86 141
86 143
86 145
86 146
86 148
86 153
86 160
86 162
86 164
86 165
86 168
86 172
86 175
86 176
86 177
87 8
87 12
87 15
87 25
87 31
87 36
87 38
87 39
87 49
87 52
87 53
87 56
87 71
87 80
87 82
87 86
87 90
87 91
87 107
87 112
87 126
87 131
87 135
87 139
87 140
87 146
87 151
87 155
87 162
87 174
87 178
88 2
88 4
88 16
88 21
88 25
88 31
88 41
88 49
88 50
88 59
88 60
88 73
88 74
88 76
88 78
88 80
88 83
88 84
88 94
88 102
88 103
88 104
88 111
88 119
88 127
88 147
88 163
88 164
88 165
88 167
88 171
88 176
89 12
89 14
89 15
89 20
89 24
89 26
89 34
89 36
89 39
89 44
89 46
89 70
89 74
89 75
89 79
89 82
89 97
89 98
89 101
89 107
89 113
89 123
89 126
89 127
89 135
89 137
89 145
89 150
89 153
89 157
89 160
89 162
89 166
89 171
89 176
89 179
90 15
90 17
90 30
90 32
90 33
90 44
90 51
90 54
90 58
90 64
90 66
90 68
90 73
90 75
90 84
90 86
90 97
90 98
90 103
90 105
90 110
90 120
90 121
90 123
90 129
90 133
90 137
90 141
90 151
90 163
90 169
90 173
90 174
90 178
91 1
91 2
91 5
91 11
91 12
91 13
91 14
91 16
91 17
91 27
91 36
91 67
91 70
91 75
91 78
91 88
91 94
91 106
91 109
91 114
91 124
91 131
91 137
91 143
91 146
91 148
91 153
91 156
91 163
91 168
91 170
91 173
91 174
91 179
92 4
92 7
92 9
92 10
92 13
92 28
92 38
92 49
92 50
92 55
92 56
92 61
92 67
92 72
92 73
92 74
92 77
92 79
92 80
92 82
92 83
92 85
92 86
92 91
92 97
92 100
92 104
92 110
92 112
92 116
92 118
92 122
92 125
92 129
92 131
92 134
92 135
92 141
92 144
92 145
92 150
92 158
92 166
92 168
92 172
92 174
92 179
93 12
93 16
93 17
93 20
93 26
93 28
93 32
93 36
93 37
93 51
93 53
93 55
93 57
93 63
93 65
93 66
93 70
93 77
93 84
93 92
93 99
93 103
93 104
93 113
93 117
93 118
93 122
93 134
93 139
93 141
93 142
93 146
93 147
93 148
93 152
93 155
93 156
93 162
93 172
94 1
94 16
94 18
94 19
94 31
94 38
94 41
94 43
94 52
94 58
94 60
94 67
94 72
94 76
94 78
94 80
94 81
94 83
94 100
94 102
94 105
94 117
94 122
94 124
94 138
94 139
94 142
94 143
94 149
94 150
94 161
94 166
94 167
94 175
94 177
95 3
95 7
95 16
95 21
95 41
95 46
95 50
95 59
95 63
95 64
95 67
95 71
95 76
95 93
95 96
95 104
95 107
95 109
95 115
95 117
95 118
95 119
95 120
95 121
95 125
95 129
95 132
95 137
95 141
95 154
95 157
95 161
95 163
95 172
95 173
95 174
96 3
96 13
96 14
96 15
96 16
96 17
96 19
96 24
96 28
96 29
96 36
96 44
96 48
96 49
96 54
96 67
96 70
96 71
96 74
96 76
96 77
96 78
96 94
96 95
96 100
96 109
96 127
96 144
96 146
96 150
96 153
96 154
96 158
96 166
96 175
96 178
97 14
97 17
97 29
97 36
97 38
97 40
97 45
97 47
97 55
97 61
97 63
97 64
97 66
97 69
97 71
97 72
97 74
97 76
97 81
97 93
97 94
97 98
97 100
97 101
97 102
97 105
97 107
97 112
97 117
97 131
97 137
97 138
97 140
97 145
97 149
97 150
97 155
97 157
97 161
97 164
97 169
97 170
97 173
97 174
97 176
97 177
98 6
98 18
98 20
98 21
98 24
98 25
98 26
98 35
98 39
98 41
98 43
98 46
98 52
98 54
98 55
98 56
98 58
98 63
98 80
98 82
98 87
98 88
98 92
98 102
98 124
98 143
98 155
98 159
98 164
98 166
98 172
99 1
99 13
99 14
99 19
99 33
99 40
99 46
99 54
99 58
99 66
99 74
99 75
99 81
99 84
99 90
99 92
99 101
99 105
99 115
99 135
99 140
99 151
99 155
99 158
99 177
100 2
100 5
100 6
100 12
100 15
100 33
100 41
100 46
100 48
100 51
100 53
100 61
100 62
100 65
100 68
100 74
100 83
100 88
100 104
100 106
100 108
100 109
100 113
100 129
100 138
100 142
100 143
100 144
100 152
100 155
100 169
100 171
100 172
101 0
101 3
101 4
101 12
101 13
101 18
101 19
101 21
101 24
101 29
101 30
101 31
101 33
101 36
101 57
101 59
101 70
101 72
101 78
101 86
101 88
101 100
101 103
101 106
101 107
101 113
101 114
101 123
101 125
101 126
101 127
101 132
101 134
101 136
101 139
101 145
101 148
101 149
101 155
101 161
101 163
101 168
101 170
101 172
101 177
101 178
101 179
102 1
102 11
102 12
102 37
102 60
102 64
102 65
102 69
102 76
102 77
102 78
102 93
102 94
102 98
102 116
102 117
102 138
102 148
102 163
102 168
102 173
102 174
103 12
103 15
103 16
103 19
103 31
103 34
103 43
103 47
103 49
103 51
103 62
103 65
103 72
103 73
103 76
103 78
103 86
103 87
103 90
103 96
103 100
103 106
103 107
103 112
103 127
103 130
103 141
103 146
103 155
103 172
103 176
104 0
104 1
104 3
104 6
104 13
104 15
104 18
104 21
104 29
104 39
104 42
104 46
104 47
104 50
104 51
104 55
104 65
104 68
104 72
104 75
104 80
104 89
104 95
104 96
104 103
104 111
104 119
104 122
104 126
104 130
104 133
104 142
104 147
104 149
104 152
104 155
104 169
105 8
105 9
105 13
105 21
105 25
105 36
105 38
105 43
105 45
105 46
105 64
105 67
105 71
105 74
105 77
105 83
105 84
105 85
105 92
105 93
105 95
105 96
105 103
105 106
105 107
105 121
105 123
105 128
105 131
105 140
105 147
105 159
105 161
105 163
105 167
105 169
106 7
106 24
106 27
106 28
106 36
106 48
106 49
106 52
106 58
106 61
106 73
106 78
106 84
106 88
106 89
106 94
106 96
106 97
106 102
106 114
106 118
106 121
106 126
106 130
106 131
106 134
106 135
106 139
106 140
106 150
106 151
106 156
106 158
106 167
106 169
107 4
107 7
107 9
107 19
107 22
107 24
107 33
107 66
107 73
107 78
107 79
107 81
107 82
107 83
107 89
107 93
107 95
107 113
107 117
107 125
107 128
107 131
107 135
107 137
107 142
107 143
107 145
107 148
107 155
107 159
107 166
107 170
107 179
108 8
108 13
108 23
108 29
108 42
108 62
108 64
108 71
108 74
108 79
108 80
108 94
108 95
108 98
108 99
108 121
108 124
108 126
108 135
108 139
108 155
108 156
108 159
108 167
108 177
109 5
109 30
109 44
109 47
109 48
109 51
109 70
109 72
109 74
109 78
109 80
109 82
109 83
109 84
109 88
109 97
109 98
109 101
109 108
109 120
109 122
109 127
109 128
109 131
109 156
109 159
109 161
109 162
109 164
109 166
109 169
110 6
110 7
110 23
110 27
110 28
110 33
110 36
110 37
110 40
110 43
110 47
110 49
110 60
110 63
110 65
110 71
110 72
110 78
110 86
110 88
110 89
110 91
110 94
110 100
110 106
110 107
110 113
110 115
110 117
110 125
110 130
110 135
110 136
110 141
110 157
110 161
110 166
110 168
110 169
111 3
111 12
111 15
111 18
111 23
111 26
111 30
111 34
111 40
111 44
111 45
111 49
111 50
111 52
111 53
111 57
111 59
111 61
111 62
111 75
111 84
111 91
111 92
111 94
111 102
111 105
111 114
111 121
111 138
111 139
111 142
111 143
111 146
111 147
111 150
111 152
111 154
111 158
111 166
111 167
111 176
112 4
112 9
112 12
112 16
112 17
112 25
112 29
112 39
112 42
112 44
112 46
112 50
112 56
112 59
112 70
112 74
112 77
112 78
112 79
112 81
112 87
112 91
112 100
112 102
112 120
112 122
112 129
112 134
112 137
112 156
112 159
112 166
112 170
112 172
112 173
112 175
112 176
113 1
113 4
113 5
113 7
113 14
113 23
113 33
113 37
113 38
113 40
113 41
113 51
113 55
113 62
113 63
113 64
113 66
113 68
113 72
113 77
113 82
113 84
113 90
113 99
113 101
113 105
113 112
113 117
113 120
113 122
113 123
113 125
113 128
113 138
113 141
113 151
113 155
113 159
113 160
113 165
113 166
113 168
113 171
113 175
113 176
114 11
114 12
114 15
114 33
114 37
114 39
114 45
114 50
114 51
114 58
114 63
114 64
114 75
114 79
114 82
114 100
114 101
114 104
114 117
114 119
114 120
114 121
114 124
114 127
114 131
114 136
114 137
114 141
114 143
114 145
114 150
114 155
114 157
114 162
114 167
114 168
114 172
114 177
115 0
115 3
115 10
115 28
115 29
115 30
115 34
115 36
115 40
115 49
115 50
115 56
115 70
115 88
115 93
115 96
115 99
115 105
115 110
115 116
115 121
115 131
115 132
115 133
115 139
115 143
115 149
115 155
115 161
115 168
115 171
116 10
116 14
116 19
116 20
116 27
116 30
116 34
116 39
116 57
116 58
116 68
116 82
116 87
116 108
116 109
116 110
116 115
116 117
116 129
116 139
116 143
116 149
116 151
116 159
116 160
116 166
116 173
117 1
117 3
117 11
117 15
117 17
117 25
117 29
117 37
117 41
117 44
117 58
117 59
117 64
117 67
117 74
117 75
117 81
117 85
117 88
117 94
117 95
117 98
117 100
117 105
117 110
117 115
117 121
117 127
117 130
117 131
117 136
117 140
117 153
117 154
117 156
117 161
117 170
117 174
117 179
118 3
118 4
118 5
118 10
118 26
118 30
118 35
118 36
118 43
118 45
118 52
118 54
118 56
118 57
118 59
118 60
118 64
118 67
118 69
118 72
118 80
118 81
118 83
118 95
118 107
118 109
118 111
118 112
118 113
118 117
118 126
118 130
118 141
118 142
118 143
118 147
118 149
118 160
118 178
119 0
119 4
119 5
119 6
119 12
119 16
119 26
119 27
119 28
119 30
119 34
119 35
119 40
119 45
119 47
119 52
119 59
119 65
119 66
119 68
119 72
119 73
119 77
119 86
119 90
119 93
119 102
119 103
119 111
119 113
119 114
119 126
119 128
119 130
119 137
119 145
119 146
119 148
119 149
119 152
119 157
119 162
119 163
119 166
119 172
119 178
120 1
120 6
120 7
120 8
120 12
120 15
120 19
120 21
120 23
120 44
120 48
120 51
120 58
120 64
120 67
120 70
120 76
120 78
120 80
120 87
120 88
120 98
120 101
120 141
120 145
120 150
120 157
120 159
120 162
120 163
120 168
120 169
120 174
120 175
120 178
121 1
121 4
121 5
121 9
121 11
121 17
121 22
121 32
121 33
121 34
121 35
121 38
121 42
121 44
121 46
121 57
121 87
121 91
121 93
121 96
121 98
121 101
121 108
121 110
121 114
121 117
121 118
121 122
121 136
121 148
121 149
121 156
121 163
121 171
121 172
121 177
121 179
122 0
122 5
122 12
122 13
122 16
122 21
122 26
122 27
122 44
122 48
122 49
122 56
122 58
122 59
122 72
122 96
122 101
122 106
122 128
122 130
122 143
122 146
122 150
122 156
122 158
122 161
122 162
122 163
122 164
122 168
122 170
122 173
122 174
122 175
122 176
122 177
122 178
123 3
123 12
123 14
123 20
123 25
123 28
123 30
123 33
123 38
123 44
123 46
123 49
123 55
123 57
123 58
123 79
123 81
123 83
123 87
123 100
123 101
123 103
123 119
123 128
123 131
123 137
123 143
123 144
123 145
123 152
123 163
124 4
124 7
124 10
124 11
124 12
124 22
124 27
124 39
124 48
124 50
124 55
124 56
124 57
124 68
124 72
124 74
124 77
124 80
124 81
124 85
124 86
124 88
124 90
124 92
124 98
124 111
124 116
124 135
124 136
124 139
124 143
124 144
124 151
124 154
124 159
124 163
124 165
124 167
124 170
125 10
125 13
125 15
125 24
125 26
125 40
125 41
125 45
125 61
125 63
125 68
125 73
125 85
125 88
125 89
125 93
125 104
125 106
125 111
125 115
125 119
125 122
125 128
125 129
125 130
125 132
125 138
125 139
125 145
125 161
125 162
125 168
125 173
125 175
126 1
126 2
126 3
126 4
126 13
126 15
126 16
126 19
126 22
126 27
126 31
126 32
126 39
126 46
126 47
126 50
126 53
126 56
126 58
126 61
126 74
126 75
126 79
126 80
126 81
126 84
126 94
126 95
126 99
126 100
126 111
126 119
126 128
126 131
126 132
126 133
126 135
126 161
126 162
126 164
126 169
126 171
127 2
127 7
127 10
127 12
127 16
127 25
127 30
127 33
127 34
127 40
127 46
127 47
127 56
127 57
127 61
127 62
127 65
127 68
127 76
127 77
127 78
127 81
127 82
127 89
127 95
127 101
127 109
127 113
127 115
127 116
127 119
127 140
127 142
127 150
127 158
127 159
127 160
127 162
127 163
127 167
127 173
128 7
128 16
128 17
128 26
128 27
128 32
128 47
128 50
128 52
128 54
128 55
128 61
128 66
128 71
128 73
128 82
128 83
128 85
128 86
128 89
128 92
128 94
128 103
128 105
128 118
128 129
128 132
128 135
128 137
128 140
128 150
128 151
128 152
128 162
128 169
128 171
128 174
129 6
129 7
129 9
129 19
129 23
129 34
129 35
129 39
129 41
129 43
129 45
129 48
129 51
129 53
129 55
129 56
129 59
129 65
129 68
129 82
129 87
129 94
129 102
129 105
129 106
129 109
129 112
129 114
129 119
129 121
129 125
129 136
129 137
129 143
129 145
129 166
129 170
129 172
129 178
130 11
130 20
130 25
130 27
130 38
130 42
130 44
130 50
130 59
130 60
130 69
130 70
130 76
130 78
130 90
130 94
130 96
130 102
130 103
130 106
130 115
130 119
130 121
130 125
130 128
130 129
130 131
130 141
130 146
130 147
130 149
130 155
130 156
130 158
130 163
131 2
131 6
131 7
131 11
131 12
131 14
131 21
131 22
131 28
131 32
131 39
131 42
131 44
131 49
131 50
131 76
131 98
131 101
131 103
131 104
131 105
131 113
131 115
131 116
131 124
131 130
131 134
131 141
131 147
131 148
131 150
131 152
131 154
131 165
131 167
132 8
132 15
132 19
132 23
132 27
132 37
132 43
132 55
132 59
132 74
132 77
132 81
132 82
132 83
132 87
132 93
132 94
132 104
132 108
132 109
132 113
132 117
132 119
132 125
132 129
132 130
132 135
132 139
132 140
132 149
132 152
132 160
132 165
132 173
132 176
133 5
133 8
133 26
133 28
133 43
133 47
133 48
133 52
133 54
133 60
133 65
133 70
133 71
133 72
133 80
133 84
133 86
133 102
133 105
133 107
133 108
133 109
133 112
133 113
133 121
133 126
133 131
133 132
133 137
133 138
133 142
133 146
133 150
133 166
133 167
133 172
133 179
134 1
134 3
134 6
134 7
134 18
134 20
134 33
134 35
134 42
134 47
134 48
134 50
134 54
134 56
134 59
134 60
134 64
134 73
134 75
134 77
134 83
134 87
134 91
134 95
134 99
134 109
134 110
134 113
134 117
134 125
134 139
134 142
134 146
134 152
134 160
134 170
134 176
135 9
135 20
135 22
135 28
135 31
135 39
135 40
135 49
135 58
135 59
135 71
135 82
135 84
135 88
135 89
135 97
135 104
135 117
135 125
135 128
135 133
135 146
135 151
135 161
135 162
135 170
135 171
135 172
135 175
135 176
136 1
136 8
136 9
136 14
136 30
136 36
136 39
136 44
136 62
136 65
136 73
136 75
136 80
136 81
136 85
136 93
136 94
136 100
136 105
136 108
136 109
136 115
136 116
136 122
136 125
136 132
136 149
136 150
136 153
136 162
136 174
136 177
137 2
137 17
137 19
137 20
137 22
137 24
137 29
137 34
137 36
137 38
137 40
137 53
137 55
137 57
137 61
137 69
137 72
137 76
137 77
137 82
137 84
137 95
137 101
137 110
137 123
137 125
137 127
137 129
137 132
137 133
137 135
137 138
137 143
137 154
137 158
137 172
137 176
138 1
138 4
138 5
138 19
138 22
138 45
138 46
138 48
138 49
138 50
138 52
138 56
138 59
138 65
138 70
138 82
138 94
138 97
138 102
138 116
138 117
138 127
138 132
138 134
138 139
138 146
138 151
138 152
138 160
138 165
138 167
138 168
138 169
138 170
138 173
139 4
139 5
139 12
139 18
139 20
139 25
139 31
139 35
139 44
139 47
139 50
139 58
139 59
139 64
139 65
139 67
139 69
139 72
139 74
139 79
139 81
139 82
139 92
139 94
139 99
139 116
139 117
139 120
139 122
139 123
139 125
139 127
139 141
139 150
139 153
139 155
139 164
139 172
139 179
140 7
140 14
140 16
140 22
140 23
140 24
140 26
140 27
140 30
140 32
140 38
140 44
140 45
140 47
140 51
140 62
140 65
140 68
140 75
140 85
140 87
140 94
140 97
140 101
140 103
140 113
140 118
140 132
140 133
140 135
140 142
140 147
140 148
140 151
140 152
140 155
140 158
140 164
140 169
141 0
141 7
141 19
141 21
141 27
141 33
141 34
141 35
141 45
141 46
141 48
141 49
141 65
141 70
141 71
141 72
141 73
141 77
141 79
141 87
141 90
141 92
141 94
141 103
141 108
141 109
141 112
141 121
141 130
141 138
141 145
141 149
141 152
141 153
141 161
141 169
141 170
141 177
141 178
142 1
142 4
142 15
142 18
142 30
142 31
142 32
142 36
142 51
142 56
142 57
142 59
142 66
142 75
142 76
142 79
142 84
142 93
142 103
142 106
142 110
142 111
142 113
142 116
142 133
142 134
142 139
142 145
142 151
142 158
142 163
142 172
143 1
143 4
143 23
143 29
143 30
143 47
143 49
143 54
143 55
143 61
143 69
143 76
143 84
143 85
143 86
143 89
143 91
143 97
143 98
143 102
143 122
143 132
143 142
143 144
143 147
143 150
143 153
143 156
143 158
143 161
143 162
143 165
143 169
143 175
143 176
144 3
144 10
144 12
144 13
144 17
144 20
144 22
144 26
144 33
144 36
144 40
144 53
144 57
144 69
144 70
144 71
144 73
144 75
144 79
144 82
144 88
144 91
144 94
144 99
144 102
144 104
144 105
144 106
144 122
144 123
144 124
144 127
144 128
144 129
144 134
144 136
144 143
144 162
144 173
144 177
145 7
145 8
145 10
145 14
145 17
145 20
145 38
145 44
145 48
145 55
145 56
145 58
145 59
145 60
145 78
145 89
145 92
145 94
145 95
145 103
145 105
145 106
145 115
145 133
145 137
145 149
145 151
145 154
145 163
145 164
145 166
145 170
145 177
145 178
146 5
146 6
146 10
146 11
146 12
146 19
146 24
146 27
146 33
146 38
146 51
146 52
146 57
146 59
146 60
146 61
146 63
146 67
146 68
146 72
146 78
146 83
146 84
146 99
146 130
146 150
146 156
146 159
146 162
146 166
146 171
146 176
147 22
147 26
147 37
147 43
147 47
147 55
147 65
147 74
147 84
147 93
147 98
147 101
147 102
147 103
147 107
147 113
147 114
147 121
147 134
147 135
147 144
147 150
147 151
147 158
147 167
147 173
147 174
148 6
148 11
148 17
148 18
148 19
148 25
148 26
148 28
148 29
148 32
148 40
148 42
148 45
148 54
148 60
148 70
148 71
148 75
148 77
148 78
148 82
148 87
148 91
148 92
148 93
148 94
148 98
148 112
148 115
148 118
148 124
148 125
148 128
148 134
148 135
148 139
148 149
148 150
148 160
148 171
148 175
149 0
149 11
149 15
149 18
149 23
149 28
149 29
149 35
149 38
149 43
149 45
149 50
149 53
149 64
149 65
149 68
149 70
149 75
149 84
149 92
149 99
149 101
149 104
149 118
149 126
149 129
149 144
149 146
149 156
149 158
149 159
149 165
149 167
150 0
150 10
150 17
150 27
150 28
150 29
150 32
150 49
150 61
150 67
150 69
150 73
150 84
150 86
150 89
150 93
150 103
150 104
150 118
150 141
150 144
150 147
150 151
150 160
150 162
150 163
150 173
151 5
151 7
151 8
151 9
151 14
151 17
151 18
151 19
151 24
151 27
151 29
151 31
151 39
151 40
151 47
151 58
151 61
151 66
151 69
151 73
151 74
151 79
151 85
151 96
151 102
151 103
151 108
151 111
151 112
151 121
151 136
151 145
151 158
151 159
151 169
152 0
152 9
152 24
152 25
152 30
152 31
152 39
152 44
152 51
152 55
152 59
152 66
152 73
152 79
152 80
152 81
152 90
152 91
152 94
152 101
152 102
152 106
152 114
152 116
152 130
152 131
152 133
152 134
152 139
152 151
152 159
152 161
152 162
152 166
152 171
153 8
153 16
153 22
153 29
153 31
153 34
153 40
153 44
153 47
153 54
153 55
153 84
153 87
153 91
153 93
153 95
153 98
153 99
153 101
153 104
153 105
153 108
153 119
153 121
153 124
153 139
153 142
153 146
153 148
153 151
153 152
153 160
153 165
154 3
154 5
154 18
154 21
154 22
154 25
154 53
154 67
154 71
154 72
154 74
154 75
154 77
154 81
154 95
154 101
154 103
154 105
154 108
154 109
154 113
154 115
154 116
154 134
154 136
154 146
154 152
154 157
154 162
154 171
154 175
155 0
155 10
155 15
155 22
155 24
155 25
155 26
155 29
155 37
155 42
155 43
155 44
155 48
155 50
155 51
155 66
155 89
155 98
155 107
155 118
155 122
155 123
155 128
155 129
155 132
155 133
155 147
155 151
155 161
155 167
155 170
155 175
155 178
155 179
156 2
156 4
156 5
156 9
156 16
156 21
156 26
156 30
156 38
156 48
156 51
156 58
156 62
156 67
156 71
156 72
156 75
156 86
156 87
156 98
156 99
156 102
156 103
156 104
156 107
156 110
156 115
156 123
156 124
156 128
156 130
156 133
156 134
156 137
156 138
156 142
156 148
156 152
156 169
156 172
156 173
156 179
157 4
157 11
157 12
157 22
157 26
157 31
157 38
157 41
157 49
157 52
157 54
157 55
157 56
157 58
157 71
157 73
157 78
157 84
157 91
157 95
157 102
157 105
157 108
157 115
157 121
157 123
157 128
157 129
157 130
157 132
157 133
157 134
157 138
157 140
157 145
157 151
157 154
157 156
157 158
157 162
157 163
157 166
157 167
157 173
158 1
158 2
158 8
158 15
158 16
158 32
158 37
158 38
158 45
158 46
158 52
158 55
158 56
158 65
158 69
158 92
158 95
158 107
158 109
158 116
158 122
158 123
158 125
158 140
158 151
158 156
158 159
158 164
158 166
158 172
158 174
158 175
159 0
159 2
159 5
159 6
159 12
159 20
159 22
159 25
159 33
159 44
159 48
159 59
159 65
159 68
159 69
159 75
159 77
159 105
159 112
159 123
159 125
159 129
159 133
159 134
159 139
159 141
159 146
159 160
159 161
159 163
159 169
159 175
159 178
160 0
160 4
160 5
160 13
160 14
160 15
160 17
160 18
160 24
160 34
160 36
160 41
160 42
160 44
160 58
160 61
160 62
160 63
160 64
160 71
160 73
160 87
160 103
160 109
160 116
160 117
160 118
160 122
160 124
160 137
160 146
160 147
160 157
160 163
160 168
160 171
160 179
161 4
161 12
161 17
161 19
161 24
161 28
161 32
161 37
161 39
161 40
161 45
161 47
161 52
161 54
161 66
161 69
161 72
161 82
161 87
161 91
161 105
161 109
161 112
161 120
161 125
161 131
161 136
161 139
161 144
161 153
161 154
161 169
161 170
161 172
161 174
162 0
162 11
162 16
162 17
162 19
162 21
162 23
162 35
162 42
162 43
162 51
162 52
162 53
162 55
162 65
162 69
162 72
162 74
162 82
162 84
162 89
162 93
162 95
162 96
162 97
162 103
162 110
162 112
162 113
162 116
162 117
162 120
162 131
162 133
162 134
162 138
162 141
162 151
162 153
162 170
163 3
163 5
163 10
163 16
163 30
163 31
163 32
163 36
163 37
163 44
163 48
163 61
163 66
163 75
163 83
163 85
163 89
163 93
163 99
163 100
163 101
163 104
163 108
163 110
163 123
163 131
163 132
163 135
163 141
163 147
163 150
163 153
163 154
163 161
163 164
163 166
163 171
164 2
164 5
164 14
164 16
164 21
164 41
164 45
164 56
164 60
164 66
164 67
164 75
164 79
164 84
164 86
164 88
164 90
164 91
164 98
164 99
164 100
164 101
164 105
164 106
164 125
164 136
164 150
164 157
164 161
164 165
164 167
164 175
165 1
165 12
165 16
165 20
165 30
165 31
165 32
165 36
165 39
165 44
165 46
165 55
165 56
165 65
165 67
165 68
165 80
165 85
165 89
165 91
165 92
165 98
165 106
165 112
165 120
165 143
165 147
165 149
165 166
166 1
166 8
166 11
166 13
166 15
166 21
166 29
166 37
166 38
166 41
166 44
166 47
166 49
166 53
166 56
166 63
166 66
166 70
166 72
166 73
166 86
166 89
166 93
166 99
166 116
166 122
166 140
166 146
166 148
166 171
166 172
166 175
167 8
167 23
167 28
167 39
167 40
167 57
167 58
167 60
167 61
167 65
167 82
167 83
167 98
167 109
167 110
167 119
167 124
167 131
167 135
167 137
167 139
167 148
167 150
167 155
167 159
167 168
168 7
168 11
168 18
168 20
168 23
168 28
168 35
168 39
168 45
168 53
168 54
168 59
168 66
168 67
168 87
168 88
168 97
168 102
168 103
168 108
168 110
168 112
168 116
168 118
168 119
168 120
168 122
168 123
168 127
168 128
168 130
168 134
168 135
168 142
168 143
168 144
168 147
168 152
168 156
168 158
168 159
168 163
168 167
168 172
168 173
168 175
169 0
169 10
169 13
169 15
169 20
169 21
169 23
169 24
169 25
169 36
169 46
169 50
169 58
169 70
169 72
169 76
169 83
169 84
169 89
169 92
169 95
169 117
169 121
169 124
169 147
169 150
169 151
169 163
169 168
169 175
169 179
170 8
170 26
170 30
170 48
170 49
170 59
170 60
170 61
170 66
170 67
170 84
170 93
170 97
170 101
170 102
170 113
170 115
170 130
170 135
170 144
170 155
170 156
170 159
170 165
170 167
171 5
171 18
171 34
171 38
171 39
171 48
171 72
171 73
171 78
171 81
171 85
171 88
171 92
171 97
171 99
171 105
171 110
171 116
171 119
171 122
171 126
171 132
171 133
171 145
171 148
171 150
171 163
171 168
171 170
171 174
172 0
172 1
172 2
172 15
172 16
172 18
172 24
172 28
172 43
172 45
172 48
172 49
172 57
172 66
172 71
172 73
172 74
172 78
172 85
172 94
172 101
172 103
172 105
172 109
172 114
172 120
172 125
172 130
172 131
172 132
172 139
172 143
172 166
172 167
172 176
173 0
173 2
173 3
173 10
173 13
173 25
173 30
173 34
173 38
173 39
173 43
173 45
173 46
173 52
173 60
173 65
173 76
173 77
173 79
173 84
173 86
173 91
173 96
173 98
173 101
173 109
173 111
173 119
173 129
173 131
173 133
173 141
173 144
173 147
173 150
173 158
173 162
173 176
173 177
173 179
174 9
174 21
174 27
174 28
174 29
174 31
174 33
174 34
174 39
174 56
174 60
174 66
174 68
174 69
174 72
174 82
174 89
174 91
174 93
174 101
174 102
174 103
174 106
174 108
174 111
174 115
174 117
174 119
174 120
174 134
174 139
174 140
174 159
174 163
174 168
174 171
174 172
175 7
175 9
175 14
175 20
175 22
175 23
175 38
175 41
175 56
175 61
175 67
175 72
175 77
175 81
175 82
175 104
175 105
175 113
175 115
175 121
175 122
175 126
175 127
175 128
175 129
175 135
175 138
175 139
175 142
175 152
175 154
175 158
175 162
175 165
175 168
175 174
176 0
176 10
176 15
176 22
176 24
176 25
176 28
176 29
176 37
176 41
176 42
176 43
176 45
176 47
176 49
176 53
176 61
176 65
176 67
176 81
176 85
176 86
176 87
176 88
176 89
176 93
176 95
176 119
176 126
176 129
176 150
176 157
176 163
176 170
176 175
177 10
177 13
177 16
177 20
177 22
177 23
177 50
177 53
177 63
177 67
177 69
177 70
177 74
177 75
177 88
177 100
177 101
177 102
177 104
177 108
177 109
177 117
177 120
177 123
177 127
177 135
177 141
177 146
177 149
177 150
177 154
177 159
177 172
177 173
178 4
178 5
178 15
178 17
178 19
178 22
178 33
178 34
178 44
178 47
178 50
178 60
178 61
178 62
178 65
178 68
178 70
178 80
178 85
178 89
178 96
178 102
178 107
178 113
178 121
178 123
178 127
178 129
178 130
178 131
178 142
178 144
178 146
178 154
178 155
178 160
178 163
178 165
178 173
179 1
179 6
179 7
179 10
179 18
179 22
179 23
179 29
179 41
179 44
179 47
179 55
179 61
179 63
179 67
179 71
179 74
179 76
179 90
179 99
179 100
179 107
179 117
179 121
179 130
179 133
179 136
179 138
179 146
179 148
179 151
179 163
179 165
179 166
179 167
179 170
