230
0 2
0 3
0 4
0 9
0 20
0 21
0 24
0 25
0 26
0 33
0 35
0 41
0 45
0 47
0 48
0 52
0 55
0 58
0 68
0 76
0 80
0 85
0 87
0 88
0 94
0 106
0 108
0 109
0 110
0 112
0 119
0 123
0 126
0 127
0 128
0 129
0 135
0 141
0 154
0 164
0 167
0 173
0 178
0 179
0 188
0 207
0 214
0 216
0 218
1 4
1 11
1 12
1 14
1 15
1 19
1 24
1 27
1 36
1 40
1 41
1 42
1 43
1 50
1 53
1 55
1 56
1 57
1 68
1 85
1 90
1 93
1 105
1 110
1 112
1 122
1 126
1 128
1 129
1 136
1 145
1 150
1 151
1 152
1 153
1 155
1 162
1 179
1 184
1 192
1 194
1 203
1 204
1 205
1 212
1 218
1 222
2 0
2 7
2 10
2 11
2 19
2 23
2 37
2 41
2 47
2 48
2 71
2 77
2 83
2 94
2 95
2 99
2 100
2 104
2 118
2 123
2 125
2 127
2 135
2 140
2 145
2 156
2 163
2 170
2 174
2 179
2 192
2 201
2 208
2 216
2 218
2 224
3 4
3 5
3 12
3 14
3 16
3 22
3 28
3 39
3 41
3 51
3 54
3 58
3 64
3 69
3 74
3 95
3 103
3 104
3 118
3 123
3 126
3 129
3 134
3 135
3 137
3 139
3 142
3 150
3 156
3 158
3 162
3 175
3 180
3 181
3 185
3 186
3 187
3 198
3 199
3 202
3 206
3 219
3 229
4 0
4 2
4 8
4 9
4 12
4 15
4 19
4 31
4 33
4 35
4 42
4 45
4 48
4 50
4 53
4 65
4 67
4 71
4 76
4 77
4 79
4 84
4 91
4 119
4 126
4 128
4 130
4 132
4 134
4 137
4 141
4 145
4 148
4 158
4 170
4 174
4 188
4 206
4 212
4 213
4 214
4 218
4 223
4 229
5 2
5 8
5 11
5 14
5 15
5 22
5 23
5 29
5 30
5 32
5 34
5 38
5 44
5 45
5 50
5 52
5 55
5 68
5 86
5 89
5 91
5 93
5 95
5 98
5 99
5 100
5 111
5 112
5 114
5 121
5 130
5 133
5 139
5 147
5 155
5 162
5 174
5 217
5 222
5 224
5 225
5 228
6 8
6 10
6 16
6 23
6 35
6 38
6 41
6 44
6 45
6 55
6 57
6 64
6 78
6 92
6 96
6 103
6 105
6 111
6 114
6 115
6 118
6 124
6 125
6 126
6 132
6 133
6 137
6 139
6 150
6 153
6 160
6 167
6 168
6 171
6 177
6 182
6 189
6 191
6 194
6 199
6 201
6 204
6 205
6 207
6 209
6 212
6 214
6 216
6 217
6 218
6 223
6 226
7 5
7 16
7 23
7 27
7 29
7 31
7 35
7 40
7 46
7 54
7 65
7 74
7 84
7 85
7 91
7 92
7 93
7 103
7 107
7 109
7 110
7 118
7 121
7 142
7 149
7 160
7 164
7 167
7 168
7 169
7 173
7 175
7 184
7 188
7 220
7 225
7 227
8 1
8 6
8 11
8 15
8 23
8 24
8 31
8 47
8 48
8 49
8 61
8 68
8 77
8 80
8 82
8 88
8 91
8 96
8 98
8 105
8 107
8 111
8 113
8 114
8 116
8 118
8 120
8 127
8 137
8 138
8 144
8 148
8 151
8 153
8 154
8 164
8 167
8 172
8 176
8 183
8 201
8 211
8 212
8 214
8 226
8 227
8 229
9 3
9 6
9 15
9 24
9 39
9 44
9 53
9 68
9 75
9 87
9 89
9 96
9 97
9 105
9 106
9 107
9 114
9 124
9 127
9 135
9 138
9 142
9 145
9 161
9 166
9 173
9 175
9 178
9 180
9 184
9 186
9 188
9 190
9 192
9 200
9 201
9 209
9 213
9 226
10 11
10 12
10 25
10 33
10 34
10 43
10 45
10 49
10 53
10 64
10 67
10 73
10 83
10 92
10 93
10 102
10 106
10 116
10 123
10 124
10 131
10 133
10 135
10 142
10 145
10 151
10 152
10 158
10 171
10 176
10 179
10 185
10 192
10 193
10 196
10 211
10 214
10 222
11 6
11 13
11 25
11 30
11 31
11 33
11 37
11 46
11 57
11 58
11 62
11 67
11 74
11 75
11 77
11 82
11 105
11 112
11 115
11 116
11 117
11 118
11 121
11 122
11 123
11 132
11 138
11 141
11 151
11 153
11 157
11 159
11 160
11 166
11 168
11 172
11 180
11 182
11 187
11 189
11 192
11 195
11 200
11 203
11 208
11 210
11 225
11 229
12 1
12 5
12 15
12 17
12 27
12 29
12 40
12 47
12 48
12 49
12 50
12 57
12 62
12 63
12 87
12 95
12 98
12 100
12 118
12 128
12 131
12 135
12 137
12 138
12 142
12 147
12 149
12 151
12 156
12 161
12 164
12 167
12 168
12 170
12 171
12 172
12 174
12 175
12 181
12 183
12 196
12 200
12 201
12 202
12 203
12 218
12 220
12 223
12 224
12 228
13 2
13 5
13 7
13 19
13 32
13 33
13 34
13 37
13 45
13 57
13 69
13 71
13 75
13 81
13 96
13 112
13 114
13 123
13 129
13 135
13 140
13 145
13 146
13 147
13 159
13 169
13 174
13 175
13 180
13 184
13 187
13 202
13 213
13 215
13 217
13 223
13 229
14 0
14 3
14 4
14 6
14 12
14 16
14 19
14 21
14 24
14 26
14 30
14 32
14 40
14 46
14 49
14 53
14 60
14 62
14 66
14 67
14 68
14 69
14 71
14 77
14 78
14 95
14 103
14 106
14 109
14 113
14 114
14 116
14 121
14 122
14 124
14 127
14 129
14 134
14 135
14 139
14 144
14 147
14 150
14 156
14 159
14 165
14 169
14 173
14 174
14 177
14 179
14 184
14 186
14 194
14 196
14 198
14 200
14 210
14 214
14 224
15 3
15 4
15 19
15 23
15 26
15 31
15 35
15 39
15 42
15 47
15 49
15 54
15 66
15 68
15 75
15 76
15 80
15 81
15 85
15 89
15 90
15 102
15 103
15 113
15 115
15 118
15 120
15 121
15 122
15 127
15 137
15 141
15 142
15 144
15 148
15 164
15 174
15 175
15 185
15 189
15 191
15 198
15 203
15 208
15 209
15 218
15 220
15 223
15 224
16 4
16 5
16 6
16 9
16 10
16 19
16 26
16 28
16 35
16 37
16 39
16 42
16 43
16 47
16 56
16 57
16 58
16 66
16 68
16 74
16 75
16 85
16 91
16 93
16 100
16 104
16 107
16 108
16 119
16 120
16 125
16 128
16 129
16 133
16 134
16 136
16 141
16 142
16 145
16 147
16 149
16 160
16 163
16 173
16 183
16 198
16 199
16 204
16 210
16 214
16 216
17 2
17 6
17 9
17 12
17 19
17 22
17 29
17 40
17 45
17 48
17 56
17 58
17 60
17 64
17 76
17 77
17 82
17 87
17 88
17 91
17 92
17 94
17 110
17 112
17 119
17 120
17 134
17 143
17 147
17 148
17 158
17 164
17 166
17 167
17 173
17 174
17 179
17 181
17 183
17 185
17 189
17 195
17 204
17 205
17 206
17 221
17 222
17 225
17 227
18 21
18 22
18 24
18 27
18 34
18 35
18 44
18 47
18 48
18 50
18 57
18 62
18 67
18 69
18 79
18 82
18 92
18 94
18 95
18 106
18 107
18 118
18 121
18 130
18 135
18 136
18 138
18 140
18 142
18 143
18 146
18 157
18 159
18 160
18 161
18 178
18 179
18 181
18 183
18 188
18 201
18 202
18 205
18 208
18 211
18 212
18 220
18 225
18 228
19 7
19 17
19 18
19 28
19 32
19 36
19 37
19 41
19 47
19 56
19 60
19 67
19 71
19 96
19 101
19 102
19 105
19 106
19 114
19 115
19 127
19 145
19 150
19 154
19 155
19 156
19 161
19 174
19 187
19 191
19 192
19 193
19 209
19 210
19 218
19 222
20 3
20 8
20 11
20 18
20 19
20 28
20 44
20 46
20 48
20 52
20 54
20 55
20 62
20 75
20 82
20 84
20 87
20 89
20 94
20 100
20 117
20 128
20 132
20 142
20 143
20 153
20 154
20 157
20 158
20 160
20 163
20 167
20 176
20 184
20 187
20 204
20 206
20 207
20 208
20 214
20 223
20 225
20 228
21 0
21 1
21 2
21 4
21 6
21 10
21 30
21 38
21 41
21 42
21 44
21 45
21 57
21 59
21 66
21 71
21 75
21 115
21 116
21 120
21 124
21 125
21 126
21 131
21 133
21 135
21 142
21 150
21 151
21 158
21 160
21 162
21 168
21 170
21 172
21 176
21 179
21 182
21 183
21 184
21 186
21 192
21 194
21 198
21 199
21 201
21 208
21 223
22 0
22 2
22 4
22 5
22 7
22 13
22 15
22 16
22 25
22 33
22 35
22 51
22 55
22 62
22 65
22 74
22 75
22 82
22 86
22 94
22 98
22 100
22 101
22 104
22 106
22 118
22 121
22 122
22 125
22 144
22 145
22 153
22 156
22 161
22 177
22 181
22 191
22 193
22 203
22 210
22 211
22 215
22 217
22 221
22 222
22 225
22 229
23 0
23 1
23 9
23 11
23 16
23 28
23 29
23 31
23 34
23 36
23 39
23 41
23 43
23 46
23 51
23 59
23 76
23 79
23 83
23 84
23 88
23 93
23 96
23 100
23 103
23 115
23 122
23 156
23 170
23 183
23 185
23 188
23 194
23 196
23 201
23 205
23 210
23 212
23 218
23 222
24 0
24 3
24 23
24 26
24 31
24 37
24 39
24 40
24 47
24 54
24 57
24 60
24 63
24 64
24 68
24 75
24 76
24 77
24 88
24 91
24 94
24 99
24 104
24 111
24 114
24 119
24 135
24 141
24 150
24 152
24 157
24 160
24 162
24 173
24 183
24 185
24 187
24 194
24 196
24 197
24 210
24 213
24 218
24 220
24 224
25 8
25 11
25 12
25 15
25 22
25 28
25 35
25 36
25 37
25 42
25 46
25 51
25 56
25 61
25 66
25 70
25 72
25 81
25 88
25 94
25 95
25 101
25 103
25 107
25 119
25 127
25 131
25 134
25 137
25 142
25 143
25 146
25 156
25 161
25 178
25 180
25 182
25 183
25 184
25 190
25 193
25 194
25 195
25 204
25 205
25 208
25 222
25 223
25 224
25 225
25 227
25 228
26 2
26 5
26 8
26 9
26 16
26 17
26 21
26 24
26 27
26 38
26 46
26 56
26 69
26 70
26 71
26 72
26 73
26 77
26 95
26 98
26 105
26 116
26 117
26 119
26 122
26 123
26 133
26 135
26 144
26 152
26 155
26 157
26 161
26 164
26 168
26 174
26 178
26 181
26 204
26 212
26 218
26 223
27 7
27 9
27 30
27 33
27 38
27 39
27 46
27 56
27 57
27 70
27 76
27 77
27 81
27 88
27 91
27 98
27 99
27 103
27 108
27 115
27 118
27 127
27 132
27 133
27 136
27 146
27 155
27 162
27 167
27 169
27 176
27 179
27 187
27 191
27 197
27 201
27 203
27 213
27 215
27 218
27 223
27 227
28 24
28 25
28 38
28 39
28 49
28 50
28 55
28 58
28 66
28 70
28 73
28 74
28 77
28 79
28 85
28 88
28 96
28 101
28 103
28 111
28 119
28 120
28 121
28 122
28 123
28 124
28 127
28 136
28 141
28 147
28 159
28 160
28 161
28 172
28 183
28 196
28 200
28 203
28 205
28 210
28 211
28 213
28 214
28 215
28 223
28 229
29 0
29 1
29 5
29 6
29 7
29 19
29 21
29 25
29 30
29 41
29 57
29 58
29 59
29 60
29 63
29 79
29 84
29 85
29 86
29 89
29 96
29 98
29 100
29 103
29 104
29 105
29 107
29 108
29 119
29 122
29 125
29 130
29 141
29 154
29 158
29 162
29 163
29 170
29 173
29 178
29 187
29 190
29 197
29 200
29 205
29 213
29 214
29 219
29 220
29 222
29 223
30 9
30 17
30 26
30 27
30 32
30 36
30 41
30 53
30 56
30 58
30 64
30 77
30 81
30 82
30 85
30 93
30 100
30 107
30 111
30 112
30 114
30 120
30 132
30 134
30 139
30 145
30 152
30 168
30 171
30 176
30 179
30 182
30 187
30 189
30 191
30 192
30 193
30 197
30 201
30 204
30 208
30 209
30 211
30 220
30 228
30 229
31 6
31 8
31 9
31 12
31 13
31 14
31 16
31 24
31 34
31 41
31 49
31 53
31 56
31 61
31 67
31 69
31 71
31 74
31 77
31 78
31 79
31 84
31 87
31 88
31 92
31 100
31 102
31 104
31 105
31 106
31 118
31 119
31 126
31 128
31 136
31 142
31 152
31 155
31 159
31 162
31 167
31 168
31 172
31 174
31 177
31 182
31 186
31 190
31 194
31 195
31 198
31 199
31 200
31 201
31 204
31 205
31 206
31 210
31 211
31 212
31 215
31 221
31 222
31 229
32 3
32 11
32 19
32 20
32 23
32 27
32 29
32 36
32 41
32 45
32 56
32 57
32 58
32 70
32 71
32 72
32 73
32 74
32 79
32 87
32 90
32 91
32 101
32 106
32 107
32 108
32 111
32 115
32 117
32 119
32 131
32 140
32 145
32 156
32 157
32 161
32 168
32 170
32 181
32 182
32 183
32 186
32 193
32 204
32 207
32 209
32 211
32 216
32 220
32 225
32 228
33 1
33 5
33 10
33 12
33 13
33 15
33 25
33 27
33 34
33 42
33 44
33 48
33 51
33 56
33 61
33 63
33 64
33 68
33 69
33 78
33 88
33 98
33 104
33 108
33 113
33 115
33 123
33 127
33 128
33 132
33 146
33 148
33 153
33 158
33 160
33 166
33 172
33 183
33 197
33 203
33 204
33 209
33 210
33 211
33 213
33 216
33 219
33 225
34 0
34 1
34 24
34 28
34 29
34 31
34 35
34 38
34 43
34 45
34 56
34 69
34 76
34 82
34 84
34 92
34 96
34 99
34 110
34 114
34 119
34 120
34 124
34 127
34 135
34 140
34 141
34 146
34 148
34 154
34 158
34 164
34 167
34 169
34 174
34 179
34 181
34 185
34 192
34 195
34 202
34 204
34 205
34 210
34 218
34 221
35 0
35 3
35 5
35 6
35 20
35 21
35 25
35 27
35 30
35 32
35 36
35 40
35 46
35 51
35 55
35 56
35 59
35 61
35 74
35 77
35 84
35 86
35 98
35 99
35 111
35 116
35 125
35 136
35 138
35 149
35 151
35 155
35 158
35 167
35 175
35 178
35 181
35 183
35 188
35 221
35 223
35 226
35 228
36 11
36 12
36 13
36 24
36 31
36 43
36 47
36 52
36 63
36 67
36 70
36 75
36 78
36 81
36 82
36 83
36 86
36 94
36 105
36 108
36 112
36 117
36 118
36 124
36 130
36 132
36 137
36 144
36 145
36 153
36 156
36 164
36 173
36 178
36 191
36 201
36 202
36 208
36 213
36 223
36 224
36 227
37 5
37 8
37 12
37 14
37 16
37 18
37 23
37 24
37 28
37 46
37 54
37 56
37 58
37 59
37 61
37 66
37 70
37 78
37 83
37 84
37 85
37 96
37 97
37 101
37 105
37 107
37 110
37 113
37 127
37 131
37 134
37 136
37 141
37 144
37 148
37 153
37 157
37 167
37 173
37 174
37 183
37 184
37 205
37 215
37 222
38 1
38 3
38 8
38 9
38 17
38 19
38 22
38 31
38 32
38 45
38 55
38 61
38 63
38 68
38 72
38 76
38 80
38 87
38 89
38 92
38 95
38 96
38 108
38 122
38 126
38 129
38 132
38 134
38 137
38 139
38 140
38 151
38 152
38 155
38 157
38 162
38 164
38 168
38 184
38 191
38 199
38 202
38 203
38 210
38 216
38 221
38 225
38 227
39 5
39 13
39 16
39 22
39 25
39 26
39 32
39 42
39 43
39 49
39 50
39 54
39 65
39 67
39 71
39 72
39 73
39 75
39 78
39 85
39 88
39 89
39 91
39 92
39 99
39 103
39 110
39 113
39 120
39 129
39 134
39 135
39 144
39 147
39 148
39 162
39 163
39 172
39 174
39 188
39 191
39 200
39 201
39 202
39 207
39 224
39 227
40 5
40 8
40 13
40 15
40 22
40 36
40 45
40 53
40 54
40 61
40 65
40 70
40 71
40 79
40 87
40 89
40 95
40 96
40 97
40 100
40 111
40 113
40 118
40 120
40 121
40 130
40 131
40 136
40 137
40 152
40 153
40 154
40 156
40 163
40 165
40 179
40 193
40 205
40 209
40 212
40 215
40 216
40 225
41 0
41 1
41 12
41 14
41 21
41 22
41 29
41 32
41 34
41 35
41 43
41 46
41 53
41 58
41 59
41 62
41 66
41 67
41 69
41 73
41 74
41 83
41 85
41 87
41 94
41 98
41 123
41 134
41 137
41 138
41 143
41 144
41 146
41 148
41 151
41 163
41 167
41 172
41 173
41 174
41 203
41 212
41 215
41 216
41 227
42 3
42 5
42 12
42 18
42 20
42 22
42 23
42 25
42 26
42 48
42 60
42 61
42 78
42 83
42 90
42 92
42 96
42 101
42 120
42 122
42 126
42 133
42 134
42 150
42 152
42 155
42 160
42 167
42 169
42 171
42 174
42 179
42 181
42 207
42 208
42 213
42 216
42 219
42 226
42 229
43 0
43 3
43 5
43 8
43 19
43 23
43 30
43 33
43 36
43 44
43 47
43 51
43 60
43 61
43 64
43 70
43 73
43 77
43 81
43 87
43 90
43 103
43 111
43 112
43 113
43 117
43 119
43 131
43 147
43 148
43 155
43 165
43 193
43 197
43 198
43 212
43 217
43 220
43 223
44 10
44 11
44 19
44 21
44 22
44 30
44 36
44 38
44 55
44 56
44 57
44 58
44 63
44 69
44 76
44 85
44 86
44 89
44 91
44 94
44 99
44 101
44 114
44 119
44 120
44 126
44 131
44 136
44 153
44 158
44 167
44 170
44 172
44 182
44 194
44 201
44 202
44 209
44 212
44 214
44 217
44 223
44 225
44 229
45 10
45 21
45 25
45 27
45 29
45 30
45 43
45 53
45 61
45 64
45 88
45 89
45 112
45 117
45 123
45 126
45 129
45 133
45 135
45 139
45 141
45 150
45 158
45 159
45 161
45 175
45 178
45 181
45 195
45 199
45 202
45 206
45 216
45 217
45 220
45 226
45 229
46 14
46 17
46 20
46 23
46 25
46 27
46 28
46 36
46 41
46 43
46 44
46 47
46 49
46 58
46 69
46 70
46 75
46 76
46 80
46 82
46 85
46 92
46 96
46 99
46 109
46 129
46 130
46 136
46 153
46 167
46 169
46 174
46 178
46 180
46 183
46 209
46 218
46 227
46 229
47 2
47 3
47 10
47 16
47 22
47 25
47 31
47 40
47 44
47 45
47 57
47 70
47 80
47 81
47 94
47 96
47 98
47 101
47 104
47 107
47 109
47 114
47 116
47 117
47 124
47 125
47 134
47 136
47 137
47 146
47 150
47 152
47 153
47 160
47 161
47 162
47 173
47 175
47 206
47 211
47 221
47 222
47 227
48 15
48 19
48 25
48 31
48 32
48 37
48 38
48 39
48 42
48 43
48 47
48 58
48 71
48 76
48 79
48 88
48 89
48 98
48 100
48 104
48 106
48 116
48 119
48 120
48 124
48 130
48 133
48 138
48 145
48 149
48 150
48 152
48 154
48 155
48 167
48 173
48 176
48 180
48 181
48 187
48 196
48 197
48 199
48 209
48 210
48 212
48 215
48 217
48 224
48 225
48 227
49 19
49 39
49 47
49 53
49 60
49 63
49 65
49 79
49 80
49 85
49 87
49 90
49 94
49 109
49 118
49 149
49 156
49 158
49 162
49 166
49 183
49 184
49 185
49 186
49 189
49 192
49 196
49 200
49 201
49 203
49 205
49 206
49 208
49 219
49 222
49 224
49 229
50 1
50 18
50 21
50 26
50 28
50 29
50 31
50 32
50 39
50 40
50 41
50 42
50 45
50 56
50 57
50 61
50 70
50 72
50 73
50 74
50 76
50 77
50 80
50 82
50 85
50 91
50 95
50 97
50 101
50 114
50 124
50 125
50 135
50 142
50 143
50 153
50 157
50 164
50 169
50 185
50 188
50 189
50 190
50 201
50 210
50 211
50 212
50 215
50 218
50 220
50 226
51 0
51 3
51 12
51 16
51 20
51 25
51 30
51 33
51 35
51 36
51 47
51 49
51 52
51 54
51 56
51 59
51 67
51 72
51 74
51 76
51 77
51 80
51 93
51 94
51 97
51 114
51 118
51 127
51 128
51 131
51 140
51 142
51 143
51 157
51 159
51 161
51 166
51 168
51 169
51 172
51 175
51 177
51 191
51 198
51 204
51 205
51 211
51 213
51 216
51 219
51 220
51 226
52 2
52 12
52 13
52 15
52 19
52 30
52 42
52 43
52 45
52 51
52 57
52 60
52 68
52 77
52 84
52 91
52 92
52 93
52 95
52 97
52 98
52 106
52 111
52 117
52 119
52 124
52 129
52 144
52 149
52 151
52 160
52 161
52 176
52 183
52 186
52 187
52 197
52 205
52 206
52 208
52 211
52 213
52 215
52 229
53 0
53 1
53 4
53 8
53 17
53 18
53 20
53 22
53 26
53 32
53 35
53 38
53 39
53 40
53 44
53 48
53 61
53 63
53 67
53 77
53 80
53 83
53 90
53 93
53 116
53 117
53 120
53 128
53 132
53 145
53 147
53 148
53 150
53 151
53 156
53 161
53 164
53 173
53 191
53 194
53 206
53 227
53 229
54 1
54 4
54 7
54 8
54 9
54 12
54 13
54 14
54 16
54 17
54 19
54 24
54 25
54 34
54 38
54 40
54 46
54 51
54 53
54 55
54 63
54 64
54 68
54 84
54 93
54 98
54 103
54 114
54 115
54 119
54 120
54 126
54 142
54 144
54 151
54 154
54 159
54 160
54 171
54 173
54 174
54 175
54 183
54 185
54 188
54 202
54 203
54 206
54 207
54 224
55 8
55 10
55 12
55 18
55 26
55 29
55 36
55 38
55 44
55 46
55 48
55 51
55 53
55 54
55 64
55 73
55 76
55 99
55 105
55 108
55 110
55 114
55 116
55 117
55 120
55 121
55 139
55 140
55 148
55 152
55 153
55 158
55 160
55 168
55 175
55 185
55 188
55 190
55 191
55 194
55 198
55 201
55 205
55 215
55 221
55 229
56 0
56 4
56 6
56 10
56 22
56 28
56 32
56 41
56 52
56 54
56 59
56 66
56 68
56 90
56 92
56 95
56 102
56 108
56 110
56 114
56 115
56 116
56 120
56 123
56 126
56 127
56 128
56 129
56 132
56 136
56 140
56 143
56 146
56 151
56 159
56 160
56 170
56 171
56 181
56 201
56 204
56 212
56 217
56 218
56 222
56 225
56 227
57 1
57 6
57 7
57 8
57 20
57 23
57 25
57 32
57 33
57 36
57 39
57 40
57 41
57 42
57 48
57 52
57 55
57 66
57 72
57 73
57 77
57 90
57 92
57 94
57 106
57 108
57 115
57 118
57 126
57 127
57 129
57 130
57 141
57 146
57 148
57 161
57 162
57 164
57 173
57 196
57 208
57 210
57 219
58 2
58 3
58 12
58 25
58 40
58 41
58 57
58 61
58 68
58 69
58 70
58 72
58 80
58 84
58 92
58 98
58 100
58 101
58 104
58 111
58 114
58 117
58 118
58 125
58 126
58 128
58 130
58 141
58 142
58 143
58 151
58 157
58 161
58 166
58 167
58 175
58 185
58 186
58 187
58 193
58 208
58 217
59 4
59 9
59 10
59 16
59 19
59 22
59 25
59 30
59 45
59 54
59 57
59 60
59 61
59 65
59 73
59 77
59 81
59 92
59 101
59 109
59 111
59 118
59 122
59 135
59 141
59 143
59 146
59 153
59 157
59 161
59 162
59 165
59 173
59 181
59 187
59 189
59 191
59 193
59 194
59 196
59 200
59 201
59 208
59 213
60 0
60 1
60 2
60 7
60 14
60 22
60 27
60 37
60 38
60 40
60 43
60 49
60 59
60 64
60 69
60 76
60 77
60 82
60 90
60 93
60 94
60 105
60 110
60 117
60 124
60 131
60 142
60 148
60 151
60 152
60 159
60 161
60 172
60 173
60 187
60 188
60 194
60 203
60 205
60 206
60 211
60 214
60 215
60 221
60 228
61 7
61 21
61 24
61 25
61 26
61 39
61 45
61 50
61 54
61 58
61 67
61 77
61 80
61 90
61 97
61 104
61 109
61 110
61 115
61 118
61 120
61 134
61 138
61 146
61 157
61 158
61 162
61 164
61 176
61 185
61 187
61 189
61 193
61 195
61 196
61 200
61 201
61 203
61 209
61 213
61 225
61 229
62 4
62 14
62 23
62 46
62 50
62 64
62 66
62 90
62 91
62 96
62 99
62 100
62 108
62 109
62 130
62 135
62 136
62 137
62 140
62 141
62 144
62 150
62 157
62 158
62 159
62 160
62 171
62 174
62 176
62 177
62 179
62 180
62 183
62 192
62 196
62 206
62 212
62 214
62 229
63 0
63 9
63 10
63 28
63 37
63 38
63 54
63 55
63 58
63 64
63 65
63 68
63 69
63 74
63 85
63 88
63 89
63 94
63 102
63 103
63 109
63 116
63 120
63 125
63 128
63 129
63 130
63 132
63 134
63 136
63 141
63 143
63 158
63 159
63 162
63 167
63 169
63 172
63 174
63 175
63 180
63 185
63 191
63 195
63 199
63 201
63 203
63 205
63 208
63 209
63 216
63 221
63 225
63 228
64 13
64 17
64 31
64 46
64 50
64 51
64 52
64 56
64 59
64 60
64 61
64 67
64 68
64 69
64 74
64 82
64 84
64 85
64 92
64 96
64 101
64 105
64 108
64 115
64 116
64 122
64 131
64 138
64 140
64 146
64 159
64 161
64 163
64 166
64 172
64 174
64 179
64 183
64 187
64 189
64 194
64 196
64 197
64 199
64 200
64 205
64 211
64 213
64 215
64 217
65 2
65 7
65 25
65 28
65 31
65 32
65 34
65 37
65 40
65 41
65 42
65 52
65 60
65 63
65 76
65 80
65 83
65 85
65 88
65 95
65 96
65 104
65 107
65 115
65 118
65 119
65 126
65 142
65 144
65 147
65 148
65 151
65 158
65 170
65 176
65 184
65 187
65 189
65 192
65 194
65 208
65 215
65 216
65 224
65 228
66 2
66 3
66 8
66 9
66 13
66 14
66 19
66 24
66 25
66 26
66 27
66 33
66 35
66 37
66 45
66 48
66 52
66 55
66 57
66 62
66 67
66 71
66 73
66 75
66 77
66 85
66 86
66 89
66 101
66 104
66 108
66 109
66 114
66 127
66 130
66 133
66 134
66 138
66 143
66 150
66 159
66 161
66 179
66 180
66 182
66 185
66 186
66 195
66 203
66 204
66 206
66 211
66 212
66 216
66 218
66 221
67 7
67 9
67 16
67 20
67 22
67 23
67 25
67 26
67 33
67 37
67 41
67 44
67 47
67 66
67 70
67 72
67 81
67 89
67 95
67 100
67 112
67 115
67 116
67 120
67 122
67 133
67 147
67 153
67 154
67 166
67 171
67 173
67 174
67 177
67 179
67 181
67 185
67 199
67 207
67 208
67 211
67 212
67 215
67 220
67 223
67 227
68 7
68 14
68 27
68 34
68 35
68 41
68 42
68 45
68 46
68 48
68 51
68 60
68 63
68 71
68 74
68 75
68 86
68 87
68 94
68 97
68 99
68 103
68 117
68 121
68 128
68 142
68 150
68 153
68 164
68 169
68 175
68 185
68 188
68 209
68 211
68 217
68 222
68 226
68 227
68 228
69 3
69 8
69 11
69 13
69 15
69 16
69 26
69 29
69 44
69 46
69 49
69 50
69 52
69 55
69 56
69 57
69 58
69 68
69 83
69 85
69 87
69 93
69 95
69 103
69 105
69 113
69 115
69 117
69 118
69 129
69 131
69 138
69 144
69 154
69 157
69 161
69 182
69 183
69 185
69 186
69 195
69 197
69 211
69 215
69 217
69 218
69 228
69 229
70 1
70 4
70 9
70 12
70 17
70 22
70 30
70 32
70 36
70 40
70 41
70 44
70 54
70 55
70 56
70 57
70 58
70 64
70 68
70 71
70 74
70 77
70 80
70 99
70 108
70 115
70 124
70 126
70 134
70 135
70 136
70 144
70 147
70 155
70 159
70 171
70 173
70 180
70 181
70 184
70 190
70 194
70 196
70 201
70 204
70 205
70 208
70 210
70 219
70 222
70 228
71 5
71 10
71 15
71 20
71 21
71 36
71 54
71 56
71 58
71 61
71 70
71 73
71 77
71 80
71 84
71 96
71 97
71 113
71 122
71 123
71 137
71 141
71 142
71 143
71 144
71 152
71 154
71 158
71 163
71 168
71 169
71 171
71 188
71 189
71 190
71 191
71 213
71 226
72 2
72 5
72 10
72 16
72 23
72 26
72 27
72 30
72 42
72 55
72 56
72 59
72 60
72 63
72 79
72 83
72 87
72 88
72 89
72 98
72 107
72 120
72 122
72 126
72 129
72 130
72 132
72 151
72 153
72 157
72 179
72 180
72 183
72 194
72 199
72 200
72 204
72 208
72 209
72 210
72 211
73 5
73 6
73 10
73 15
73 23
73 31
73 33
73 35
73 36
73 40
73 51
73 59
73 60
73 63
73 67
73 71
73 74
73 84
73 85
73 91
73 99
73 102
73 104
73 105
73 106
73 108
73 109
73 114
73 120
73 122
73 130
73 132
73 133
73 134
73 136
73 141
73 143
73 152
73 172
73 174
73 176
73 184
73 202
73 213
73 214
73 215
73 220
74 4
74 9
74 25
74 27
74 28
74 30
74 32
74 33
74 37
74 43
74 52
74 58
74 61
74 64
74 71
74 76
74 79
74 82
74 85
74 87
74 88
74 90
74 97
74 98
74 100
74 101
74 103
74 105
74 106
74 118
74 120
74 122
74 126
74 129
74 130
74 133
74 135
74 148
74 149
74 150
74 156
74 157
74 166
74 167
74 171
74 175
74 199
74 202
74 208
74 211
74 213
74 217
74 223
74 225
74 227
75 13
75 25
75 30
75 34
75 41
75 46
75 66
75 72
75 76
75 78
75 90
75 96
75 99
75 101
75 105
75 107
75 108
75 111
75 124
75 131
75 143
75 144
75 146
75 149
75 150
75 153
75 159
75 166
75 174
75 176
75 184
75 187
75 190
75 196
75 197
75 203
75 209
75 216
75 224
76 2
76 5
76 10
76 20
76 23
76 45
76 50
76 51
76 52
76 56
76 61
76 82
76 83
76 91
76 93
76 95
76 98
76 103
76 104
76 106
76 121
76 130
76 132
76 135
76 137
76 139
76 141
76 143
76 145
76 146
76 152
76 155
76 158
76 167
76 168
76 170
76 175
76 176
76 177
76 182
76 189
76 191
76 195
76 206
76 220
76 223
76 226
76 229
77 2
77 7
77 8
77 14
77 22
77 24
77 26
77 27
77 28
77 38
77 41
77 44
77 48
77 49
77 52
77 54
77 57
77 60
77 62
77 65
77 68
77 70
77 71
77 72
77 76
77 78
77 82
77 94
77 97
77 98
77 100
77 104
77 110
77 111
77 113
77 116
77 125
77 127
77 139
77 140
77 162
77 167
77 171
77 173
77 174
77 178
77 183
77 191
77 192
77 196
77 201
77 209
77 215
77 218
77 219
77 229
78 0
78 1
78 5
78 8
78 11
78 19
78 26
78 37
78 56
78 58
78 63
78 70
78 72
78 81
78 91
78 103
78 106
78 114
78 118
78 123
78 129
78 131
78 133
78 134
78 144
78 147
78 156
78 159
78 163
78 166
78 169
78 171
78 172
78 173
78 174
78 177
78 179
78 181
78 183
78 187
78 189
78 191
78 196
78 202
78 204
78 209
78 213
78 214
79 5
79 7
79 11
79 19
79 32
79 39
79 48
79 49
79 57
79 63
79 71
79 74
79 76
79 84
79 88
79 93
79 94
79 110
79 114
79 117
79 120
79 121
79 122
79 129
79 131
79 141
79 143
79 162
79 172
79 182
79 183
79 189
79 195
79 196
79 205
79 208
79 210
79 212
79 219
79 222
79 225
79 226
80 10
80 27
80 32
80 33
80 34
80 37
80 38
80 46
80 49
80 54
80 59
80 62
80 65
80 71
80 73
80 88
80 95
80 106
80 112
80 120
80 121
80 123
80 130
80 137
80 143
80 145
80 151
80 159
80 167
80 170
80 176
80 180
80 182
80 193
80 202
80 203
80 208
80 213
80 224
81 8
81 10
81 11
81 12
81 15
81 25
81 29
81 31
81 32
81 33
81 35
81 44
81 48
81 49
81 52
81 53
81 54
81 59
81 63
81 74
81 75
81 78
81 84
81 89
81 91
81 105
81 106
81 109
81 110
81 116
81 128
81 129
81 131
81 141
81 145
81 146
81 153
81 155
81 159
81 164
81 167
81 169
81 174
81 179
81 181
81 182
81 190
81 194
81 195
81 203
81 210
81 212
81 214
81 215
81 217
81 223
81 228
82 0
82 4
82 16
82 18
82 20
82 27
82 30
82 33
82 38
82 39
82 40
82 44
82 46
82 49
82 57
82 61
82 62
82 63
82 70
82 78
82 101
82 102
82 113
82 115
82 122
82 124
82 132
82 133
82 141
82 144
82 150
82 158
82 162
82 174
82 176
82 177
82 179
82 180
82 183
82 187
82 194
82 195
82 201
82 208
82 209
82 213
82 214
82 221
82 224
82 226
83 0
83 4
83 9
83 10
83 13
83 19
83 21
83 24
83 29
83 31
83 40
83 44
83 48
83 50
83 56
83 66
83 67
83 68
83 70
83 74
83 77
83 81
83 85
83 88
83 91
83 95
83 102
83 107
83 119
83 121
83 124
83 130
83 133
83 146
83 149
83 150
83 155
83 164
83 178
83 183
83 190
83 193
83 195
83 201
83 208
83 211
83 213
83 218
83 219
83 221
84 4
84 6
84 17
84 18
84 28
84 29
84 38
84 40
84 44
84 48
84 49
84 61
84 69
84 74
84 76
84 86
84 89
84 90
84 93
84 97
84 98
84 99
84 101
84 105
84 109
84 129
84 157
84 158
84 170
84 171
84 175
84 177
84 180
84 191
84 192
84 194
84 198
84 201
84 218
84 224
84 225
85 6
85 11
85 14
85 18
85 24
85 44
85 51
85 52
85 57
85 59
85 71
85 74
85 76
85 77
85 90
85 91
85 98
85 105
85 110
85 113
85 117
85 126
85 134
85 135
85 143
85 145
85 146
85 153
85 161
85 163
85 164
85 172
85 176
85 195
85 200
85 205
85 210
85 212
85 223
85 224
85 226
85 229
86 0
86 7
86 8
86 14
86 22
86 31
86 37
86 38
86 56
86 61
86 62
86 66
86 78
86 95
86 104
86 119
86 127
86 135
86 138
86 140
86 148
86 149
86 158
86 159
86 167
86 175
86 181
86 186
86 193
86 204
86 209
86 210
86 217
86 223
86 226
86 228
87 6
87 18
87 27
87 28
87 32
87 51
87 61
87 66
87 70
87 79
87 80
87 85
87 97
87 104
87 105
87 117
87 124
87 126
87 127
87 136
87 137
87 139
87 141
87 146
87 154
87 158
87 159
87 164
87 169
87 183
87 205
87 206
87 207
87 210
87 214
87 215
87 225
87 227
88 3
88 10
88 13
88 21
88 22
88 26
88 35
88 36
88 39
88 44
88 45
88 61
88 71
88 75
88 85
88 87
88 89
88 94
88 98
88 108
88 116
88 127
88 129
88 133
88 157
88 163
88 168
88 177
88 185
88 192
88 203
88 204
88 210
88 214
88 227
88 229
89 3
89 11
89 20
89 28
89 29
89 33
89 36
89 41
89 75
89 77
89 82
89 99
89 104
89 105
89 110
89 122
89 123
89 133
89 135
89 138
89 139
89 141
89 149
89 151
89 155
89 157
89 158
89 163
89 166
89 173
89 178
89 185
89 187
89 188
89 200
89 213
89 215
89 224
90 0
90 8
90 11
90 18
90 26
90 28
90 30
90 33
90 47
90 58
90 63
90 69
90 71
90 76
90 80
90 87
90 91
90 93
90 97
90 98
90 99
90 103
90 106
90 114
90 118
90 128
90 131
90 148
90 152
90 158
90 159
90 162
90 163
90 166
90 168
90 169
90 177
90 183
90 185
90 193
90 199
90 201
90 202
90 211
90 212
90 219
90 220
91 10
91 11
91 22
91 23
91 27
91 41
91 42
91 45
91 47
91 49
91 54
91 55
91 61
91 63
91 66
91 73
91 74
91 80
91 83
91 93
91 95
91 100
91 102
91 105
91 114
91 118
91 119
91 126
91 128
91 129
91 140
91 143
91 145
91 152
91 160
91 161
91 171
91 179
91 188
91 189
91 193
91 198
91 199
91 212
91 214
91 216
91 218
91 220
91 222
91 223
91 227
92 0
92 1
92 8
92 9
92 16
92 21
92 22
92 28
92 30
92 48
92 49
92 50
92 52
92 57
92 60
92 66
92 70
92 72
92 78
92 90
92 96
92 97
92 98
92 99
92 102
92 105
92 113
92 114
92 117
92 119
92 122
92 125
92 129
92 132
92 135
92 146
92 148
92 158
92 164
92 167
92 172
92 175
92 185
92 188
92 204
92 212
92 216
92 217
92 220
92 225
92 227
93 2
93 3
93 4
93 7
93 40
93 48
93 52
93 54
93 58
93 71
93 77
93 80
93 90
93 94
93 99
93 106
93 112
93 119
93 133
93 136
93 140
93 142
93 143
93 146
93 149
93 159
93 162
93 163
93 165
93 167
93 168
93 169
93 170
93 171
93 180
93 181
93 185
93 186
93 191
93 194
93 214
93 225
93 227
94 1
94 4
94 5
94 6
94 21
94 25
94 31
94 32
94 33
94 34
94 42
94 44
94 53
94 54
94 55
94 59
94 60
94 65
94 68
94 71
94 74
94 81
94 87
94 89
94 92
94 102
94 113
94 114
94 116
94 122
94 123
94 124
94 126
94 129
94 133
94 134
94 135
94 151
94 160
94 162
94 172
94 176
94 178
94 179
94 180
94 183
94 186
94 187
94 189
94 191
94 208
94 214
94 216
94 225
95 2
95 8
95 11
95 13
95 15
95 21
95 23
95 26
95 29
95 31
95 32
95 37
95 43
95 44
95 45
95 55
95 57
95 61
95 77
95 82
95 85
95 87
95 100
95 103
95 109
95 110
95 112
95 113
95 115
95 116
95 119
95 120
95 122
95 123
95 126
95 149
95 158
95 164
95 165
95 173
95 175
95 177
95 178
95 181
95 189
95 195
95 197
95 203
95 205
95 206
95 213
95 217
95 222
95 225
96 1
96 3
96 4
96 14
96 19
96 25
96 32
96 37
96 40
96 46
96 49
96 52
96 56
96 57
96 63
96 65
96 71
96 79
96 82
96 83
96 92
96 95
96 107
96 109
96 118
96 124
96 126
96 155
96 156
96 158
96 167
96 170
96 171
96 172
96 187
96 189
96 199
96 203
96 206
96 209
96 217
96 226
97 2
97 6
97 11
97 24
97 27
97 30
97 33
97 40
97 41
97 42
97 43
97 45
97 49
97 58
97 64
97 65
97 66
97 70
97 73
97 77
97 81
97 83
97 84
97 87
97 99
97 104
97 106
97 107
97 109
97 112
97 115
97 117
97 122
97 123
97 127
97 130
97 143
97 144
97 145
97 151
97 152
97 155
97 158
97 171
97 173
97 175
97 178
97 184
97 193
97 196
97 197
97 209
97 213
97 229
98 0
98 4
98 5
98 11
98 14
98 15
98 16
98 24
98 39
98 40
98 51
98 59
98 70
98 73
98 74
98 75
98 78
98 95
98 104
98 107
98 108
98 113
98 116
98 117
98 120
98 121
98 124
98 133
98 138
98 140
98 144
98 147
98 148
98 150
98 152
98 154
98 155
98 162
98 166
98 174
98 178
98 179
98 181
98 184
98 187
98 190
98 194
98 196
98 198
98 200
98 203
98 205
98 211
98 214
98 217
98 224
98 228
99 18
99 22
99 28
99 39
99 41
99 42
99 43
99 48
99 54
99 72
99 80
99 83
99 84
99 92
99 104
99 108
99 113
99 146
99 148
99 164
99 166
99 171
99 172
99 173
99 174
99 198
99 208
99 209
99 211
99 221
99 222
100 11
100 21
100 24
100 26
100 27
100 30
100 32
100 43
100 63
100 68
100 69
100 77
100 83
100 89
100 104
100 107
100 111
100 118
100 119
100 125
100 130
100 133
100 136
100 144
100 148
100 149
100 159
100 172
100 174
100 180
100 182
100 185
100 187
100 193
100 199
100 206
100 207
100 208
100 226
100 227
100 228
101 14
101 18
101 21
101 33
101 34
101 41
101 42
101 44
101 48
101 55
101 59
101 66
101 71
101 73
101 75
101 78
101 79
101 81
101 94
101 108
101 110
101 118
101 124
101 127
101 135
101 136
101 137
101 144
101 146
101 149
101 150
101 153
101 156
101 169
101 170
101 177
101 178
101 183
101 189
101 191
101 199
101 208
101 214
101 217
101 220
101 221
101 227
101 228
101 229
102 4
102 23
102 27
102 31
102 36
102 37
102 41
102 43
102 44
102 60
102 67
102 68
102 80
102 92
102 103
102 105
102 106
102 108
102 111
102 117
102 119
102 126
102 131
102 132
102 143
102 149
102 162
102 179
102 182
102 186
102 202
102 204
102 216
102 221
103 3
103 10
103 11
103 18
103 20
103 26
103 31
103 33
103 34
103 37
103 45
103 46
103 49
103 57
103 58
103 71
103 84
103 90
103 97
103 109
103 111
103 115
103 131
103 132
103 138
103 145
103 146
103 149
103 161
103 177
103 181
103 182
103 183
103 189
103 193
103 202
103 204
103 205
103 219
103 225
104 0
104 4
104 14
104 20
104 25
104 26
104 29
104 47
104 55
104 58
104 61
104 63
104 65
104 78
104 85
104 89
104 91
104 94
104 96
104 97
104 102
104 107
104 114
104 125
104 126
104 130
104 133
104 139
104 142
104 143
104 144
104 150
104 156
104 161
104 164
104 187
104 193
104 194
104 211
104 220
104 221
105 0
105 1
105 10
105 13
105 17
105 18
105 21
105 27
105 41
105 48
105 50
105 53
105 55
105 56
105 58
105 60
105 69
105 72
105 75
105 81
105 83
105 84
105 85
105 90
105 99
105 103
105 106
105 111
105 116
105 118
105 123
105 125
105 129
105 137
105 151
105 158
105 159
105 170
105 176
105 184
105 185
105 196
105 200
105 202
105 216
105 218
105 223
106 2
106 9
106 11
106 14
106 15
106 20
106 28
106 32
106 34
106 52
106 57
106 78
106 79
106 80
106 81
106 82
106 84
106 86
106 91
106 92
106 93
106 94
106 96
106 98
106 99
106 101
106 115
106 118
106 120
106 134
106 138
106 139
106 140
106 144
106 146
106 148
106 166
106 179
106 182
106 194
106 196
106 201
106 202
106 203
106 211
106 213
106 228
107 0
107 1
107 4
107 17
107 21
107 23
107 24
107 27
107 29
107 38
107 46
107 49
107 52
107 53
107 60
107 65
107 69
107 76
107 78
107 80
107 88
107 89
107 92
107 95
107 97
107 112
107 113
107 119
107 122
107 125
107 131
107 135
107 147
107 149
107 150
107 158
107 160
107 162
107 170
107 179
107 182
107 184
107 185
107 188
107 191
107 192
107 193
107 197
107 199
107 206
107 209
107 215
107 217
107 218
108 1
108 4
108 7
108 13
108 17
108 19
108 28
108 29
108 35
108 38
108 40
108 46
108 48
108 53
108 57
108 62
108 71
108 75
108 79
108 85
108 86
108 93
108 95
108 99
108 109
108 110
108 119
108 121
108 127
108 141
108 148
108 153
108 155
108 160
108 162
108 163
108 179
108 184
108 187
108 205
108 206
108 209
108 211
108 212
108 214
108 217
108 219
108 228
109 17
109 21
109 24
109 26
109 33
109 36
109 39
109 49
109 54
109 59
109 62
109 76
109 77
109 78
109 83
109 89
109 90
109 92
109 98
109 100
109 106
109 108
109 110
109 115
109 120
109 121
109 124
109 128
109 137
109 141
109 145
109 151
109 155
109 156
109 157
109 161
109 162
109 169
109 171
109 177
109 186
109 190
109 194
109 195
109 199
109 201
109 204
109 209
109 221
109 225
109 226
109 227
109 229
110 0
110 2
110 8
110 10
110 27
110 28
110 33
110 35
110 36
110 49
110 52
110 59
110 60
110 66
110 69
110 76
110 79
110 84
110 96
110 97
110 103
110 106
110 117
110 118
110 122
110 127
110 131
110 133
110 135
110 139
110 145
110 148
110 150
110 158
110 160
110 161
110 164
110 166
110 169
110 170
110 178
110 191
110 203
110 209
110 210
110 212
110 214
110 217
110 219
110 220
110 221
111 1
111 5
111 19
111 25
111 37
111 38
111 44
111 56
111 62
111 63
111 71
111 72
111 88
111 94
111 95
111 96
111 105
111 107
111 112
111 117
111 120
111 122
111 124
111 125
111 154
111 163
111 167
111 173
111 182
111 190
111 193
111 200
111 209
111 210
111 220
111 224
111 226
111 228
112 9
112 12
112 15
112 20
112 22
112 54
112 60
112 61
112 62
112 64
112 73
112 87
112 89
112 90
112 91
112 93
112 95
112 113
112 115
112 118
112 119
112 120
112 127
112 137
112 140
112 147
112 148
112 150
112 151
112 152
112 156
112 163
112 169
112 171
112 172
112 174
112 176
112 177
112 183
112 195
112 198
112 202
112 203
112 221
112 223
112 228
113 4
113 5
113 10
113 12
113 13
113 14
113 16
113 27
113 35
113 41
113 46
113 48
113 54
113 61
113 64
113 68
113 69
113 71
113 72
113 73
113 81
113 83
113 86
113 97
113 98
113 100
113 108
113 115
113 118
113 130
113 139
113 140
113 145
113 149
113 152
113 158
113 159
113 175
113 180
113 186
113 187
113 188
113 195
113 198
113 199
113 201
113 205
113 206
113 211
113 212
113 220
113 224
113 225
113 229
114 4
114 10
114 17
114 19
114 21
114 30
114 35
114 36
114 38
114 39
114 40
114 43
114 44
114 46
114 47
114 49
114 63
114 70
114 90
114 92
114 93
114 96
114 97
114 101
114 102
114 103
114 111
114 113
114 118
114 120
114 123
114 128
114 140
114 146
114 151
114 155
114 164
114 175
114 177
114 178
114 183
114 189
114 197
114 199
114 200
114 203
114 211
114 213
114 214
114 221
115 6
115 17
115 28
115 33
115 37
115 42
115 45
115 47
115 49
115 60
115 61
115 65
115 67
115 69
115 79
115 80
115 81
115 83
115 90
115 100
115 104
115 107
115 111
115 116
115 123
115 131
115 135
115 140
115 148
115 150
115 156
115 162
115 165
115 167
115 171
115 174
115 175
115 179
115 193
115 203
115 205
115 210
115 211
115 212
115 214
115 219
115 220
115 224
116 8
116 14
116 16
116 21
116 22
116 26
116 28
116 30
116 37
116 38
116 40
116 41
116 42
116 49
116 50
116 56
116 57
116 76
116 78
116 88
116 90
116 92
116 97
116 98
116 111
116 112
116 115
116 118
116 120
116 121
116 123
116 129
116 130
116 131
116 140
116 145
116 152
116 161
116 163
116 165
116 170
116 171
116 178
116 179
116 180
116 182
116 194
116 197
116 204
116 212
116 214
116 216
116 223
116 224
116 227
117 21
117 23
117 25
117 30
117 37
117 52
117 59
117 68
117 79
117 80
117 81
117 86
117 95
117 96
117 105
117 109
117 114
117 121
117 122
117 123
117 130
117 133
117 150
117 152
117 157
117 158
117 166
117 167
117 168
117 181
117 188
117 193
117 202
117 228
118 3
118 5
118 6
118 7
118 17
118 30
118 36
118 37
118 41
118 44
118 49
118 55
118 62
118 74
118 81
118 83
118 90
118 96
118 98
118 100
118 105
118 108
118 113
118 114
118 131
118 133
118 134
118 140
118 150
118 154
118 155
118 157
118 174
118 178
118 187
118 188
118 191
118 193
118 197
118 203
118 213
118 214
118 219
118 221
118 224
119 4
119 6
119 8
119 22
119 23
119 28
119 33
119 45
119 50
119 54
119 61
119 68
119 75
119 78
119 94
119 99
119 115
119 118
119 123
119 127
119 130
119 133
119 134
119 142
119 148
119 154
119 156
119 159
119 174
119 175
119 182
119 183
119 192
119 194
119 199
119 203
119 213
119 226
120 6
120 10
120 21
120 24
120 29
120 43
120 53
120 65
120 70
120 75
120 77
120 83
120 87
120 96
120 103
120 105
120 106
120 115
120 118
120 121
120 126
120 132
120 148
120 154
120 157
120 161
120 168
120 174
120 179
120 184
120 189
120 192
120 198
120 202
120 205
120 211
120 222
120 229
121 5
121 6
121 7
121 14
121 20
121 23
121 35
121 44
121 52
121 55
121 64
121 71
121 72
121 80
121 91
121 94
121 103
121 104
121 109
121 118
121 130
121 134
121 136
121 140
121 143
121 150
121 154
121 163
121 171
121 194
121 197
121 200
121 202
121 209
121 211
121 216
121 227
121 229
122 2
122 6
122 14
122 20
122 26
122 28
122 29
122 32
122 39
122 45
122 49
122 50
122 58
122 61
122 78
122 87
122 89
122 94
122 98
122 107
122 112
122 119
122 120
122 121
122 123
122 124
122 126
122 129
122 133
122 137
122 141
122 142
122 143
122 156
122 165
122 167
122 176
122 177
122 184
122 194
122 200
122 203
122 208
122 215
122 217
123 18
123 20
123 23
123 29
123 35
123 40
123 41
123 43
123 46
123 56
123 57
123 59
123 69
123 70
123 72
123 86
123 92
123 98
123 100
123 102
123 107
123 109
123 112
123 114
123 116
123 120
123 121
123 125
123 131
123 132
123 136
123 141
123 145
123 152
123 159
123 165
123 166
123 176
123 178
123 183
123 194
123 195
123 201
123 202
123 203
123 204
123 206
123 212
123 214
123 220
123 222
123 223
123 225
124 6
124 18
124 27
124 29
124 32
124 33
124 38
124 42
124 47
124 60
124 61
124 67
124 69
124 87
124 88
124 89
124 93
124 100
124 105
124 115
124 120
124 125
124 126
124 130
124 133
124 141
124 148
124 154
124 162
124 168
124 172
124 175
124 179
124 185
124 186
124 192
124 199
124 203
124 207
124 215
124 217
124 220
124 222
124 223
124 225
124 227
124 228
124 229
125 9
125 13
125 16
125 21
125 32
125 34
125 36
125 40
125 45
125 48
125 49
125 50
125 51
125 57
125 59
125 62
125 66
125 67
125 69
125 70
125 73
125 76
125 78
125 84
125 85
125 89
125 99
125 101
125 107
125 110
125 111
125 114
125 115
125 116
125 123
125 128
125 130
125 131
125 137
125 140
125 143
125 145
125 158
125 163
125 164
125 167
125 184
125 188
125 199
125 211
125 227
125 229
126 1
126 4
126 14
126 15
126 28
126 32
126 45
126 47
126 54
126 63
126 65
126 72
126 82
126 98
126 111
126 116
126 125
126 136
126 138
126 141
126 150
126 158
126 159
126 161
126 162
126 173
126 175
126 179
126 180
126 182
126 191
126 192
126 198
126 216
126 217
126 219
126 228
126 229
127 6
127 27
127 46
127 47
127 54
127 58
127 62
127 64
127 69
127 75
127 77
127 79
127 81
127 82
127 83
127 84
127 96
127 101
127 107
127 110
127 123
127 130
127 132
127 142
127 154
127 160
127 165
127 166
127 180
127 181
127 187
127 199
127 202
127 206
127 214
127 218
127 222
127 223
127 228
128 1
128 3
128 13
128 15
128 17
128 22
128 25
128 26
128 28
128 30
128 39
128 40
128 41
128 45
128 48
128 52
128 68
128 69
128 71
128 76
128 80
128 82
128 85
128 89
128 92
128 111
128 113
128 116
128 123
128 135
128 139
128 145
128 147
128 154
128 163
128 164
128 167
128 169
128 173
128 180
128 184
128 189
128 200
128 201
128 205
128 214
129 7
129 9
129 15
129 27
129 29
129 30
129 41
129 43
129 44
129 51
129 65
129 66
129 67
129 69
129 70
129 72
129 73
129 75
129 79
129 84
129 97
129 98
129 101
129 103
129 104
129 106
129 107
129 125
129 131
129 132
129 135
129 136
129 148
129 158
129 169
129 176
129 177
129 178
129 193
129 199
129 201
129 205
129 207
129 210
129 211
129 218
129 223
129 226
129 229
130 5
130 8
130 19
130 25
130 33
130 38
130 42
130 43
130 46
130 47
130 49
130 50
130 57
130 58
130 59
130 67
130 70
130 76
130 84
130 89
130 93
130 94
130 98
130 110
130 112
130 118
130 125
130 126
130 131
130 140
130 141
130 146
130 153
130 159
130 160
130 162
130 170
130 178
130 181
130 184
130 185
130 192
130 194
130 197
130 200
130 202
130 205
130 208
130 210
130 212
130 216
130 223
130 225
131 6
131 7
131 13
131 18
131 20
131 23
131 26
131 37
131 38
131 52
131 60
131 68
131 74
131 88
131 89
131 90
131 97
131 98
131 102
131 110
131 112
131 113
131 115
131 116
131 120
131 124
131 126
131 133
131 141
131 145
131 146
131 173
131 178
131 180
131 188
131 191
131 206
131 207
131 213
131 215
131 222
131 223
131 224
132 2
132 4
132 10
132 17
132 26
132 28
132 29
132 34
132 45
132 49
132 56
132 59
132 65
132 66
132 76
132 78
132 79
132 92
132 97
132 104
132 110
132 124
132 135
132 143
132 156
132 160
132 163
132 169
132 172
132 192
132 193
132 197
132 199
132 203
132 204
132 214
132 222
132 223
133 1
133 11
133 30
133 32
133 35
133 36
133 39
133 44
133 48
133 54
133 59
133 60
133 62
133 65
133 69
133 76
133 80
133 83
133 89
133 95
133 99
133 100
133 102
133 106
133 112
133 114
133 116
133 134
133 136
133 139
133 145
133 147
133 149
133 167
133 192
133 195
133 196
133 202
133 204
133 210
133 218
133 219
133 223
133 227
134 8
134 10
134 17
134 21
134 32
134 33
134 41
134 42
134 44
134 46
134 50
134 52
134 53
134 59
134 62
134 63
134 64
134 76
134 80
134 81
134 82
134 84
134 85
134 94
134 98
134 99
134 101
134 102
134 105
134 107
134 111
134 113
134 123
134 124
134 125
134 128
134 132
134 139
134 149
134 150
134 169
134 175
134 177
134 182
134 188
134 189
134 192
134 205
134 209
134 211
134 216
134 221
134 224
135 1
135 7
135 8
135 13
135 17
135 38
135 39
135 43
135 47
135 50
135 53
135 54
135 55
135 59
135 64
135 65
135 69
135 75
135 80
135 82
135 89
135 93
135 101
135 108
135 121
135 125
135 132
135 133
135 134
135 136
135 146
135 156
135 162
135 172
135 174
135 176
135 183
135 186
135 197
135 198
135 201
135 207
135 215
135 216
135 224
135 225
136 7
136 17
136 19
136 26
136 31
136 39
136 42
136 51
136 53
136 57
136 60
136 74
136 76
136 79
136 84
136 87
136 89
136 99
136 106
136 110
136 123
136 126
136 135
136 140
136 150
136 152
136 154
136 157
136 163
136 175
136 185
136 201
136 204
136 205
136 220
136 222
136 226
136 229
137 9
137 15
137 24
137 38
137 40
137 43
137 47
137 52
137 53
137 56
137 58
137 80
137 82
137 92
137 118
137 119
137 122
137 127
137 156
137 159
137 163
137 165
137 169
137 172
137 175
137 177
137 179
137 183
137 184
137 192
137 193
137 201
137 211
137 212
137 220
137 221
137 222
138 0
138 4
138 6
138 13
138 15
138 16
138 19
138 23
138 34
138 38
138 41
138 44
138 64
138 66
138 67
138 73
138 91
138 99
138 100
138 101
138 102
138 109
138 111
138 117
138 136
138 140
138 143
138 146
138 151
138 157
138 161
138 172
138 174
138 184
138 185
138 194
138 197
138 203
138 209
138 210
138 221
138 222
138 225
138 226
139 0
139 5
139 14
139 16
139 18
139 19
139 33
139 42
139 58
139 60
139 66
139 67
139 69
139 70
139 71
139 73
139 75
139 82
139 92
139 97
139 99
139 107
139 108
139 109
139 116
139 129
139 134
139 138
139 148
139 156
139 160
139 173
139 174
139 185
139 187
139 191
139 194
139 199
139 203
139 208
139 214
139 224
140 7
140 11
140 22
140 28
140 30
140 33
140 40
140 43
140 62
140 63
140 64
140 65
140 77
140 78
140 79
140 89
140 91
140 94
140 97
140 99
140 109
140 112
140 120
140 126
140 130
140 138
140 146
140 148
140 166
140 176
140 177
140 178
140 186
140 188
140 189
140 202
140 205
140 207
140 211
140 212
140 219
140 225
141 0
141 2
141 9
141 18
141 20
141 21
141 28
141 30
141 33
141 36
141 37
141 46
141 55
141 57
141 60
141 65
141 66
141 75
141 86
141 108
141 128
141 158
141 162
141 165
141 170
141 173
141 175
141 187
141 188
141 192
141 201
141 202
141 203
141 215
141 217
141 219
141 220
141 224
141 229
142 4
142 9
142 19
142 26
142 28
142 31
142 32
142 33
142 39
142 45
142 54
142 56
142 66
142 71
142 73
142 74
142 77
142 90
142 100
142 107
142 109
142 124
142 128
142 132
142 141
142 162
142 165
142 168
142 169
142 173
142 182
142 184
142 192
142 193
142 195
142 196
142 200
142 205
142 209
142 217
142 219
142 221
142 225
142 226
143 10
143 11
143 19
143 22
143 23
143 24
143 26
143 30
143 34
143 40
143 50
143 52
143 54
143 59
143 65
143 66
143 90
143 98
143 103
143 119
143 123
143 124
143 127
143 130
143 137
143 139
143 140
143 141
143 146
143 152
143 161
143 166
143 173
143 174
143 175
143 180
143 188
143 202
143 206
143 211
143 217
143 224
144 4
144 10
144 18
144 19
144 20
144 21
144 24
144 25
144 26
144 28
144 33
144 39
144 45
144 52
144 58
144 59
144 62
144 72
144 75
144 80
144 88
144 91
144 95
144 99
144 104
144 107
144 118
144 123
144 126
144 131
144 137
144 139
144 156
144 167
144 168
144 175
144 178
144 179
144 184
144 186
144 188
144 200
144 205
144 217
144 219
144 221
144 227
144 229
145 0
145 2
145 3
145 11
145 14
145 21
145 25
145 27
145 28
145 34
145 36
145 39
145 44
145 46
145 50
145 51
145 57
145 67
145 72
145 80
145 89
145 92
145 103
145 105
145 111
145 114
145 120
145 123
145 124
145 134
145 143
145 149
145 152
145 160
145 164
145 167
145 168
145 173
145 174
145 184
145 191
145 209
145 214
145 219
145 229
146 1
146 2
146 3
146 7
146 8
146 12
146 17
146 26
146 38
146 40
146 41
146 47
146 54
146 68
146 69
146 89
146 108
146 109
146 127
146 133
146 138
146 139
146 142
146 147
146 148
146 157
146 160
146 161
146 168
146 180
146 182
146 185
146 203
146 207
146 212
146 214
146 219
146 221
146 223
147 1
147 2
147 3
147 9
147 13
147 14
147 20
147 29
147 39
147 42
147 44
147 60
147 61
147 62
147 64
147 78
147 81
147 97
147 106
147 111
147 117
147 120
147 124
147 125
147 126
147 129
147 130
147 132
147 138
147 143
147 145
147 150
147 151
147 152
147 159
147 167
147 171
147 174
147 176
147 177
147 181
147 187
147 188
147 192
147 193
147 195
147 196
147 199
147 203
147 206
147 207
147 211
147 217
147 220
147 223
147 225
147 226
148 8
148 14
148 16
148 19
148 20
148 22
148 23
148 24
148 25
148 28
148 29
148 35
148 37
148 39
148 52
148 53
148 63
148 64
148 74
148 78
148 98
148 100
148 105
148 112
148 114
148 117
148 126
148 143
148 147
148 149
148 154
148 156
148 160
148 165
148 166
148 167
148 173
148 177
148 183
148 187
148 188
148 189
148 191
148 197
148 198
148 199
148 203
148 208
148 217
148 220
148 224
149 4
149 8
149 16
149 19
149 22
149 26
149 27
149 29
149 30
149 33
149 36
149 43
149 48
149 53
149 59
149 60
149 62
149 65
149 69
149 76
149 86
149 92
149 93
149 98
149 102
149 106
149 109
149 110
149 118
149 129
149 133
149 135
149 136
149 139
149 140
149 144
149 150
149 152
149 160
149 161
149 171
149 172
149 189
149 201
149 204
149 206
149 215
149 216
149 217
149 223
150 22
150 26
150 27
150 36
150 45
150 48
150 54
150 67
150 69
150 71
150 75
150 78
150 79
150 120
150 132
150 134
150 138
150 142
150 147
150 168
150 180
150 186
150 198
150 204
150 207
150 211
150 214
150 216
151 4
151 15
151 28
151 34
151 37
151 39
151 41
151 42
151 48
151 53
151 68
151 75
151 77
151 79
151 80
151 85
151 88
151 93
151 100
151 102
151 107
151 108
151 110
151 112
151 116
151 122
151 131
151 134
151 137
151 138
151 140
151 144
151 150
151 153
151 156
151 158
151 160
151 165
151 168
151 176
151 179
151 184
151 189
151 193
151 196
151 202
151 214
151 226
151 227
151 229
152 3
152 6
152 14
152 19
152 32
152 34
152 37
152 38
152 42
152 51
152 52
152 61
152 62
152 66
152 73
152 74
152 80
152 83
152 85
152 87
152 92
152 94
152 99
152 110
152 119
152 126
152 132
152 138
152 143
152 147
152 151
152 168
152 174
152 179
152 187
152 190
152 191
152 195
152 197
152 204
152 205
152 219
152 222
152 227
152 228
153 0
153 7
153 10
153 13
153 22
153 24
153 26
153 28
153 30
153 33
153 43
153 47
153 48
153 56
153 58
153 59
153 64
153 71
153 73
153 78
153 97
153 103
153 105
153 136
153 139
153 144
153 147
153 148
153 150
153 152
153 155
153 158
153 159
153 160
153 165
153 166
153 171
153 177
153 184
153 194
153 195
153 210
153 211
153 219
153 228
154 3
154 5
154 7
154 8
154 11
154 23
154 26
154 31
154 32
154 44
154 45
154 60
154 76
154 78
154 85
154 88
154 90
154 95
154 99
154 102
154 105
154 119
154 120
154 124
154 127
154 128
154 129
154 130
154 136
154 140
154 143
154 144
154 147
154 151
154 158
154 165
154 170
154 175
154 179
154 184
154 188
154 192
154 194
154 202
154 206
154 208
154 221
154 224
155 6
155 14
155 28
155 34
155 37
155 39
155 41
155 42
155 43
155 49
155 52
155 62
155 73
155 79
155 80
155 81
155 84
155 85
155 86
155 92
155 94
155 95
155 110
155 120
155 121
155 122
155 124
155 125
155 126
155 131
155 133
155 149
155 154
155 156
155 160
155 168
155 172
155 185
155 188
155 198
155 205
155 207
155 215
155 216
155 220
155 226
155 227
155 229
156 5
156 7
156 10
156 11
156 17
156 18
156 26
156 27
156 29
156 33
156 34
156 36
156 45
156 48
156 49
156 53
156 54
156 58
156 66
156 67
156 68
156 70
156 73
156 81
156 85
156 86
156 87
156 91
156 113
156 114
156 120
156 127
156 129
156 132
156 140
156 151
156 153
156 155
156 168
156 169
156 173
156 174
156 176
156 181
156 185
156 189
156 196
156 197
156 198
156 201
156 214
156 215
156 220
156 223
156 224
157 15
157 22
157 25
157 30
157 31
157 36
157 37
157 43
157 63
157 66
157 67
157 69
157 70
157 73
157 75
157 78
157 87
157 96
157 110
157 114
157 116
157 119
157 127
157 128
157 132
157 135
157 138
157 141
157 145
157 154
157 155
157 162
157 169
157 170
157 173
157 189
157 192
157 194
157 206
157 216
157 219
157 220
158 12
158 13
158 14
158 18
158 21
158 28
158 36
158 38
158 58
158 59
158 60
158 63
158 67
158 73
158 80
158 82
158 86
158 87
158 88
158 93
158 97
158 98
158 102
158 113
158 115
158 116
158 125
158 126
158 133
158 134
158 146
158 147
158 154
158 157
158 163
158 165
158 166
158 169
158 172
158 192
158 193
158 195
158 198
158 200
158 201
158 209
158 217
158 220
158 223
158 224
158 226
158 228
159 2
159 23
159 34
159 43
159 46
159 48
159 50
159 61
159 65
159 76
159 78
159 83
159 90
159 94
159 96
159 99
159 102
159 110
159 112
159 116
159 119
159 120
159 132
159 137
159 141
159 144
159 146
159 148
159 153
159 155
159 161
159 165
159 166
159 174
159 185
159 188
159 193
159 194
159 202
159 205
159 212
159 215
159 216
159 224
159 225
160 2
160 14
160 23
160 29
160 33
160 36
160 39
160 41
160 44
160 47
160 50
160 53
160 56
160 58
160 63
160 75
160 77
160 79
160 84
160 89
160 90
160 92
160 93
160 101
160 104
160 105
160 106
160 116
160 123
160 124
160 128
160 139
160 140
160 143
160 152
160 154
160 155
160 158
160 161
160 164
160 176
160 179
160 185
160 187
160 199
160 200
160 207
160 227
160 229
161 3
161 4
161 15
161 18
161 19
161 23
161 28
161 35
161 39
161 51
161 52
161 58
161 61
161 69
161 71
161 83
161 85
161 89
161 90
161 92
161 94
161 103
161 109
161 121
161 124
161 125
161 126
161 133
161 137
161 147
161 154
161 171
161 178
161 181
161 182
161 184
161 185
161 201
161 213
161 218
161 219
162 1
162 2
162 11
162 12
162 16
162 17
162 19
162 32
162 38
162 44
162 45
162 46
162 47
162 51
162 59
162 65
162 72
162 73
162 74
162 81
162 83
162 84
162 86
162 88
162 100
162 104
162 106
162 113
162 119
162 120
162 134
162 136
162 137
162 141
162 147
162 151
162 164
162 171
162 173
162 177
162 191
162 207
162 211
162 214
162 223
162 227
163 3
163 10
163 11
163 16
163 17
163 23
163 25
163 35
163 36
163 40
163 43
163 44
163 60
163 65
163 67
163 68
163 69
163 71
163 80
163 81
163 96
163 104
163 110
163 112
163 118
163 121
163 122
163 125
163 131
163 134
163 143
163 144
163 152
163 165
163 171
163 173
163 186
163 204
163 209
163 213
163 214
163 215
163 224
163 226
164 0
164 3
164 17
164 29
164 46
164 47
164 53
164 65
164 67
164 69
164 74
164 75
164 86
164 90
164 94
164 98
164 103
164 104
164 111
164 114
164 115
164 118
164 130
164 146
164 148
164 149
164 151
164 153
164 156
164 158
164 161
164 162
164 163
164 168
164 169
164 175
164 183
164 190
164 192
164 196
164 203
164 207
164 214
164 215
164 222
164 225
165 6
165 10
165 22
165 28
165 32
165 34
165 42
165 46
165 50
165 58
165 63
165 73
165 78
165 79
165 88
165 90
165 91
165 93
165 107
165 118
165 119
165 120
165 122
165 123
165 126
165 130
165 134
165 138
165 141
165 142
165 148
165 154
165 159
165 171
165 172
165 178
165 183
165 201
165 210
165 215
165 229
166 1
166 6
166 10
166 15
166 23
166 27
166 28
166 29
166 31
166 34
166 37
166 50
166 51
166 60
166 67
166 71
166 77
166 80
166 85
166 96
166 101
166 106
166 111
166 116
166 123
166 137
166 141
166 144
166 149
166 150
166 152
166 160
166 168
166 171
166 176
166 181
166 186
166 188
166 190
166 191
166 195
166 201
166 218
166 219
166 221
166 223
167 4
167 5
167 7
167 9
167 14
167 16
167 18
167 27
167 29
167 30
167 34
167 38
167 41
167 51
167 52
167 60
167 68
167 83
167 84
167 87
167 90
167 101
167 109
167 117
167 118
167 131
167 144
167 146
167 149
167 155
167 166
167 170
167 183
167 186
167 191
167 193
167 196
167 207
167 210
167 212
167 213
167 221
167 225
167 227
168 3
168 10
168 15
168 26
168 29
168 37
168 53
168 63
168 78
168 88
168 93
168 97
168 118
168 119
168 122
168 123
168 124
168 132
168 137
168 139
168 142
168 147
168 152
168 161
168 164
168 165
168 176
168 180
168 182
168 186
168 189
168 192
168 194
168 195
168 196
168 201
168 209
168 227
169 6
169 10
169 21
169 22
169 24
169 25
169 36
169 38
169 40
169 42
169 47
169 50
169 52
169 55
169 56
169 62
169 73
169 89
169 100
169 105
169 109
169 111
169 112
169 122
169 123
169 135
169 136
169 138
169 139
169 144
169 147
169 150
169 155
169 157
169 159
169 160
169 161
169 162
169 166
169 168
169 170
169 188
169 191
169 193
169 209
169 210
169 212
169 215
169 216
169 221
169 223
169 225
169 226
170 8
170 11
170 16
170 18
170 19
170 25
170 29
170 33
170 42
170 53
170 57
170 59
170 72
170 76
170 89
170 92
170 93
170 94
170 97
170 103
170 104
170 119
170 120
170 125
170 128
170 129
170 140
170 145
170 159
170 162
170 166
170 167
170 171
170 172
170 176
170 185
170 187
170 189
170 193
170 205
170 213
170 216
170 218
170 221
170 226
171 1
171 3
171 10
171 17
171 22
171 26
171 30
171 33
171 41
171 48
171 53
171 55
171 56
171 57
171 61
171 63
171 66
171 68
171 79
171 81
171 86
171 90
171 91
171 92
171 101
171 103
171 117
171 122
171 136
171 144
171 149
171 151
171 154
171 156
171 160
171 162
171 166
171 176
171 187
171 195
171 211
171 216
171 218
171 221
171 223
171 225
171 227
172 0
172 3
172 9
172 16
172 25
172 36
172 42
172 45
172 50
172 51
172 57
172 58
172 61
172 67
172 71
172 96
172 102
172 105
172 107
172 117
172 119
172 134
172 135
172 137
172 142
172 147
172 161
172 165
172 167
172 168
172 173
172 176
172 177
172 183
172 188
172 189
172 191
172 193
172 198
172 200
172 209
172 216
172 223
173 0
173 3
173 4
173 14
173 17
173 22
173 23
173 27
173 33
173 34
173 36
173 46
173 54
173 55
173 59
173 62
173 65
173 66
173 76
173 90
173 91
173 97
173 101
173 115
173 126
173 129
173 135
173 140
173 142
173 143
173 150
173 151
173 155
173 159
173 161
173 164
173 165
173 172
173 181
173 182
173 184
173 190
173 193
173 207
173 221
173 224
173 228
174 9
174 11
174 16
174 21
174 22
174 37
174 38
174 39
174 42
174 43
174 49
174 51
174 53
174 55
174 59
174 67
174 74
174 75
174 85
174 92
174 94
174 99
174 103
174 104
174 107
174 117
174 125
174 140
174 150
174 156
174 160
174 168
174 171
174 179
174 186
174 198
174 201
174 206
174 214
174 220
174 224
174 225
174 228
175 1
175 8
175 11
175 13
175 15
175 17
175 21
175 22
175 31
175 32
175 49
175 50
175 59
175 68
175 70
175 73
175 83
175 106
175 121
175 128
175 129
175 142
175 145
175 148
175 151
175 154
175 178
175 185
175 196
175 206
175 214
175 216
175 227
176 10
176 11
176 15
176 18
176 26
176 31
176 35
176 37
176 42
176 51
176 66
176 77
176 79
176 80
176 81
176 105
176 121
176 124
176 147
176 156
176 157
176 161
176 178
176 183
176 187
176 188
176 198
176 199
176 202
176 203
176 205
176 207
176 211
176 212
176 220
177 11
177 12
177 13
177 17
177 19
177 27
177 33
177 43
177 44
177 51
177 57
177 59
177 70
177 71
177 72
177 76
177 79
177 80
177 86
177 88
177 91
177 94
177 101
177 109
177 137
177 138
177 141
177 144
177 147
177 152
177 161
177 163
177 174
177 179
177 183
177 184
177 189
177 190
177 192
177 196
177 204
177 206
177 208
177 210
177 211
177 216
177 223
178 6
178 12
178 15
178 21
178 27
178 39
178 44
178 55
178 63
178 64
178 74
178 79
178 85
178 88
178 90
178 95
178 100
178 102
178 105
178 106
178 107
178 128
178 129
178 131
178 132
178 136
178 137
178 141
178 148
178 149
178 151
178 157
178 163
178 165
178 171
178 185
178 187
178 189
178 192
178 201
178 212
178 224
179 0
179 4
179 8
179 12
179 13
179 16
179 23
179 37
179 38
179 39
179 45
179 63
179 65
179 68
179 71
179 72
179 73
179 75
179 77
179 84
179 92
179 98
179 102
179 103
179 105
179 117
179 123
179 129
179 137
179 145
179 146
179 164
179 181
179 187
179 188
179 190
179 197
179 201
179 210
179 214
179 220
179 222
179 229
180 0
180 4
180 5
180 11
180 14
180 17
180 18
180 21
180 23
180 34
180 35
180 43
180 52
180 54
180 61
180 64
180 65
180 66
180 77
180 82
180 85
180 86
180 99
180 103
180 112
180 113
180 118
180 120
180 121
180 124
180 125
180 126
180 134
180 137
180 144
180 145
180 148
180 172
180 174
180 179
180 192
180 196
180 198
180 213
180 214
180 215
180 217
180 219
180 221
180 222
181 5
181 6
181 8
181 12
181 17
181 24
181 28
181 33
181 38
181 40
181 49
181 52
181 54
181 57
181 58
181 72
181 75
181 76
181 82
181 88
181 103
181 121
181 124
181 137
181 148
181 149
181 151
181 154
181 155
181 165
181 168
181 176
181 183
181 189
181 198
181 200
181 208
181 213
181 214
181 218
181 221
181 223
182 0
182 10
182 11
182 14
182 15
182 16
182 24
182 32
182 39
182 41
182 44
182 47
182 59
182 62
182 63
182 68
182 69
182 78
182 82
182 83
182 89
182 104
182 105
182 119
182 121
182 122
182 136
182 140
182 146
182 148
182 151
182 152
182 153
182 159
182 160
182 164
182 165
182 167
182 181
182 198
182 206
182 209
182 221
182 223
183 6
183 13
183 18
183 27
183 28
183 33
183 42
183 43
183 55
183 57
183 60
183 69
183 72
183 76
183 80
183 98
183 99
183 111
183 115
183 118
183 119
183 126
183 132
183 133
183 135
183 146
183 154
183 163
183 176
183 179
183 184
183 187
183 188
183 193
183 200
183 201
183 206
183 212
183 216
184 15
184 18
184 27
184 32
184 39
184 52
184 61
184 63
184 75
184 78
184 85
184 96
184 100
184 105
184 107
184 110
184 114
184 117
184 129
184 133
184 137
184 149
184 160
184 162
184 167
184 169
184 170
184 180
184 193
184 199
184 203
184 205
184 207
184 212
184 213
184 216
184 218
184 222
184 228
185 3
185 9
185 12
185 16
185 24
185 27
185 34
185 36
185 43
185 53
185 55
185 64
185 65
185 67
185 69
185 71
185 82
185 83
185 85
185 107
185 115
185 123
185 134
185 135
185 139
185 143
185 144
185 152
185 154
185 158
185 168
185 171
185 174
185 176
185 178
185 187
185 189
185 192
185 201
185 210
185 212
185 217
185 220
185 229
186 12
186 17
186 20
186 25
186 28
186 33
186 34
186 36
186 42
186 43
186 64
186 73
186 83
186 84
186 100
186 101
186 107
186 123
186 149
186 155
186 157
186 162
186 163
186 166
186 167
186 179
186 188
186 199
186 202
186 205
186 206
186 210
186 213
186 224
186 226
187 1
187 5
187 11
187 25
187 31
187 33
187 34
187 40
187 44
187 55
187 59
187 61
187 70
187 72
187 75
187 78
187 83
187 92
187 95
187 98
187 102
187 108
187 110
187 112
187 116
187 118
187 130
187 131
187 132
187 133
187 136
187 149
187 152
187 153
187 154
187 165
187 166
187 170
187 180
187 198
187 200
187 205
187 207
187 216
187 218
187 229
188 7
188 9
188 12
188 17
188 20
188 27
188 31
188 33
188 34
188 38
188 39
188 40
188 49
188 51
188 52
188 62
188 71
188 78
188 80
188 81
188 84
188 85
188 90
188 91
188 92
188 101
188 104
188 105
188 117
188 128
188 129
188 133
188 134
188 139
188 144
188 146
188 152
188 159
188 161
188 163
188 170
188 177
188 178
188 186
188 192
188 196
188 198
188 202
188 205
188 210
188 211
188 214
188 219
188 225
188 227
188 228
189 4
189 5
189 6
189 14
189 18
189 23
189 31
189 33
189 35
189 38
189 39
189 40
189 44
189 45
189 53
189 61
189 62
189 66
189 69
189 71
189 89
189 96
189 97
189 107
189 114
189 119
189 128
189 136
189 143
189 144
189 147
189 149
189 150
189 151
189 159
189 170
189 172
189 174
189 183
189 186
189 191
189 194
189 201
189 206
189 217
189 220
189 221
189 223
189 227
190 1
190 8
190 10
190 11
190 20
190 21
190 22
190 28
190 39
190 52
190 53
190 63
190 64
190 66
190 68
190 69
190 76
190 78
190 97
190 98
190 99
190 101
190 119
190 125
190 131
190 133
190 150
190 154
190 159
190 161
190 162
190 163
190 164
190 167
190 174
190 176
190 177
190 178
190 179
190 181
190 185
190 199
190 208
190 212
190 215
190 227
190 228
191 1
191 6
191 9
191 17
191 25
191 28
191 39
191 41
191 53
191 54
191 57
191 61
191 69
191 70
191 73
191 79
191 84
191 87
191 95
191 101
191 102
191 112
191 114
191 115
191 118
191 124
191 125
191 128
191 133
191 137
191 141
191 145
191 147
191 149
191 151
191 152
191 159
191 166
191 184
191 185
191 220
191 225
191 229
192 4
192 7
192 11
192 13
192 14
192 28
192 36
192 37
192 45
192 50
192 51
192 54
192 63
192 68
192 69
192 74
192 78
192 79
192 95
192 100
192 101
192 104
192 105
192 118
192 123
192 134
192 144
192 145
192 158
192 173
192 175
192 179
192 182
192 191
192 197
192 205
192 225
193 0
193 2
193 6
193 8
193 11
193 12
193 16
193 20
193 25
193 30
193 31
193 36
193 41
193 44
193 54
193 57
193 60
193 68
193 71
193 76
193 84
193 91
193 92
193 93
193 99
193 101
193 105
193 107
193 125
193 131
193 132
193 140
193 147
193 148
193 155
193 157
193 163
193 165
193 183
193 188
193 191
193 202
193 203
193 210
193 214
193 217
193 221
193 223
193 228
194 14
194 27
194 32
194 38
194 39
194 45
194 51
194 60
194 61
194 69
194 92
194 93
194 95
194 100
194 101
194 114
194 116
194 119
194 126
194 129
194 131
194 142
194 144
194 146
194 148
194 150
194 158
194 159
194 164
194 166
194 172
194 173
194 176
194 186
194 188
194 191
194 193
194 196
194 199
194 200
194 205
194 206
194 208
194 211
194 213
194 214
194 225
195 26
195 30
195 33
195 35
195 43
195 48
195 49
195 54
195 55
195 56
195 57
195 61
195 62
195 65
195 74
195 75
195 82
195 83
195 92
195 95
195 96
195 99
195 104
195 105
195 108
195 117
195 121
195 122
195 126
195 128
195 129
195 130
195 132
195 139
195 141
195 145
195 154
195 157
195 160
195 163
195 173
195 179
195 180
195 185
195 192
195 197
195 203
195 205
195 211
195 220
195 221
195 222
195 225
195 228
196 1
196 9
196 19
196 20
196 27
196 29
196 32
196 38
196 41
196 42
196 50
196 51
196 66
196 69
196 74
196 75
196 76
196 79
196 106
196 115
196 128
196 132
196 134
196 139
196 147
196 148
196 151
196 155
196 165
196 168
196 169
196 170
196 184
196 198
196 206
196 217
196 220
196 223
196 229
197 0
197 4
197 5
197 6
197 11
197 17
197 21
197 26
197 27
197 35
197 37
197 38
197 39
197 42
197 52
197 55
197 56
197 57
197 62
197 64
197 78
197 79
197 80
197 86
197 89
197 90
197 94
197 100
197 105
197 108
197 111
197 131
197 132
197 138
197 143
197 152
197 154
197 163
197 166
197 170
197 171
197 172
197 175
197 177
197 182
197 187
197 188
197 190
197 194
197 206
197 208
197 211
197 221
197 226
198 2
198 3
198 5
198 9
198 11
198 21
198 26
198 35
198 37
198 40
198 42
198 58
198 64
198 73
198 80
198 82
198 88
198 95
198 98
198 101
198 109
198 113
198 114
198 127
198 144
198 150
198 156
198 157
198 158
198 160
198 162
198 165
198 170
198 178
198 183
198 185
198 187
198 190
198 191
198 192
198 194
198 200
198 202
198 203
198 205
198 207
198 209
198 211
198 216
198 218
198 220
198 224
198 226
199 13
199 14
199 17
199 22
199 23
199 32
199 36
199 39
199 46
199 47
199 48
199 50
199 52
199 57
199 59
199 62
199 63
199 64
199 70
199 71
199 74
199 78
199 87
199 91
199 94
199 108
199 110
199 111
199 135
199 138
199 140
199 142
199 144
199 145
199 148
199 152
199 154
199 159
199 167
199 170
199 172
199 176
199 177
199 180
199 185
199 188
199 195
199 196
199 201
199 203
199 209
199 212
199 213
199 221
199 222
199 223
200 0
200 6
200 15
200 25
200 42
200 52
200 53
200 66
200 72
200 73
200 78
200 83
200 85
200 89
200 99
200 100
200 102
200 112
200 124
200 125
200 135
200 138
200 142
200 151
200 155
200 164
200 166
200 169
200 174
200 180
200 183
200 184
200 189
200 190
200 197
200 198
200 207
200 214
200 217
200 219
200 221
200 222
200 229
201 2
201 5
201 6
201 12
201 25
201 49
201 51
201 53
201 55
201 56
201 57
201 60
201 66
201 67
201 72
201 77
201 79
201 83
201 88
201 89
201 90
201 94
201 98
201 100
201 109
201 111
201 113
201 117
201 132
201 176
201 177
201 183
201 189
201 196
201 208
201 215
201 216
201 217
201 218
202 6
202 13
202 14
202 30
202 33
202 35
202 43
202 47
202 52
202 55
202 65
202 79
202 81
202 84
202 89
202 94
202 107
202 108
202 123
202 124
202 142
202 143
202 155
202 165
202 168
202 172
202 173
202 185
202 187
202 195
202 196
202 197
202 204
202 206
202 208
202 209
202 213
202 223
202 225
203 3
203 12
203 14
203 18
203 23
203 55
203 63
203 70
203 76
203 84
203 103
203 104
203 107
203 124
203 126
203 134
203 140
203 145
203 148
203 151
203 157
203 162
203 165
203 172
203 198
203 202
203 213
203 217
203 219
203 224
203 226
204 0
204 2
204 14
204 22
204 33
204 37
204 38
204 40
204 42
204 46
204 53
204 57
204 59
204 61
204 64
204 65
204 69
204 71
204 72
204 73
204 81
204 94
204 103
204 119
204 125
204 129
204 133
204 137
204 156
204 159
204 160
204 162
204 167
204 168
204 172
204 175
204 178
204 190
204 191
204 199
204 207
204 211
204 216
205 0
205 1
205 2
205 3
205 6
205 13
205 26
205 28
205 30
205 31
205 49
205 75
205 82
205 96
205 97
205 99
205 102
205 117
205 124
205 126
205 136
205 139
205 148
205 151
205 155
205 162
205 170
205 173
205 177
205 178
205 182
205 187
205 188
205 204
205 207
205 210
205 219
205 227
206 1
206 7
206 8
206 9
206 10
206 11
206 13
206 17
206 22
206 27
206 32
206 46
206 48
206 54
206 66
206 72
206 77
206 84
206 90
206 94
206 95
206 96
206 98
206 102
206 107
206 112
206 119
206 120
206 122
206 124
206 127
206 128
206 130
206 132
206 136
206 140
206 141
206 145
206 149
206 153
206 160
206 161
206 164
206 167
206 173
206 175
206 180
206 181
206 184
206 193
206 202
206 203
206 212
206 217
206 219
206 220
206 222
206 224
206 229
207 1
207 8
207 17
207 18
207 19
207 20
207 26
207 33
207 34
207 45
207 50
207 54
207 57
207 59
207 61
207 62
207 64
207 77
207 85
207 88
207 94
207 101
207 105
207 117
207 119
207 127
207 128
207 130
207 153
207 157
207 168
207 169
207 184
207 187
207 190
207 195
207 202
207 211
207 212
207 217
207 222
207 223
207 224
207 225
208 13
208 14
208 19
208 22
208 30
208 34
208 38
208 39
208 44
208 45
208 46
208 48
208 52
208 58
208 59
208 68
208 75
208 78
208 85
208 92
208 99
208 100
208 102
208 107
208 112
208 114
208 115
208 120
208 124
208 125
208 131
208 133
208 137
208 138
208 142
208 169
208 184
208 198
208 199
208 205
208 214
208 216
209 1
209 10
209 19
209 21
209 24
209 30
209 34
209 36
209 42
209 48
209 53
209 54
209 58
209 59
209 61
209 65
209 68
209 70
209 75
209 76
209 90
209 93
209 97
209 99
209 125
209 134
209 142
209 150
209 151
209 152
209 153
209 164
209 172
209 187
209 194
209 195
209 196
209 197
209 199
209 202
209 203
209 210
209 211
209 212
209 218
209 219
209 220
209 222
209 225
210 7
210 8
210 9
210 10
210 11
210 12
210 20
210 23
210 28
210 30
210 32
210 34
210 42
210 57
210 61
210 65
210 67
210 82
210 99
210 100
210 109
210 118
210 121
210 122
210 123
210 128
210 131
210 134
210 143
210 145
210 155
210 156
210 165
210 169
210 173
210 180
210 182
210 186
210 188
210 191
210 200
210 206
210 209
210 215
210 222
210 229
211 5
211 9
211 14
211 19
211 22
211 33
211 34
211 35
211 40
211 42
211 48
211 58
211 59
211 65
211 68
211 74
211 75
211 76
211 100
211 108
211 112
211 115
211 125
211 130
211 141
211 142
211 152
211 171
211 174
211 182
211 185
211 188
211 190
211 205
211 210
211 212
211 213
211 221
211 223
212 0
212 4
212 9
212 10
212 13
212 15
212 18
212 20
212 24
212 30
212 34
212 36
212 42
212 51
212 57
212 59
212 64
212 70
212 71
212 74
212 79
212 86
212 87
212 91
212 99
212 103
212 110
212 113
212 114
212 115
212 119
212 124
212 141
212 143
212 167
212 192
212 193
212 197
212 206
212 209
212 217
212 218
212 227
213 5
213 8
213 9
213 10
213 13
213 20
213 21
213 24
213 27
213 37
213 40
213 41
213 44
213 47
213 48
213 54
213 58
213 68
213 78
213 83
213 84
213 87
213 100
213 101
213 104
213 105
213 108
213 119
213 122
213 125
213 133
213 148
213 155
213 158
213 160
213 167
213 168
213 170
213 171
213 173
213 177
213 194
213 196
213 200
213 214
213 217
213 222
213 227
214 0
214 4
214 13
214 18
214 24
214 32
214 34
214 47
214 48
214 50
214 51
214 52
214 54
214 67
214 68
214 71
214 75
214 83
214 102
214 126
214 132
214 133
214 145
214 146
214 147
214 151
214 153
214 156
214 168
214 181
214 185
214 189
214 190
214 191
214 197
214 207
214 209
214 217
214 222
215 1
215 2
215 3
215 19
215 20
215 55
215 60
215 65
215 66
215 67
215 71
215 74
215 78
215 82
215 90
215 96
215 103
215 107
215 112
215 121
215 124
215 126
215 132
215 136
215 137
215 143
215 145
215 151
215 173
215 174
215 176
215 183
215 190
215 192
215 203
215 204
215 205
215 207
215 214
215 226
215 227
216 1
216 6
216 14
216 16
216 25
216 40
216 41
216 44
216 50
216 57
216 58
216 59
216 60
216 61
216 64
216 73
216 76
216 79
216 83
216 90
216 111
216 114
216 120
216 122
216 135
216 137
216 138
216 141
216 146
216 148
216 149
216 157
216 160
216 162
216 164
216 166
216 168
216 173
216 174
216 181
216 194
216 195
216 198
216 201
216 203
216 204
216 213
216 218
216 224
216 228
217 4
217 12
217 13
217 16
217 20
217 21
217 28
217 31
217 32
217 33
217 44
217 45
217 47
217 62
217 65
217 73
217 75
217 77
217 78
217 88
217 90
217 95
217 96
217 103
217 108
217 113
217 115
217 117
217 124
217 126
217 137
217 138
217 145
217 149
217 150
217 152
217 156
217 168
217 173
217 182
217 187
217 188
217 192
217 194
217 211
217 229
218 1
218 4
218 5
218 7
218 8
218 14
218 17
218 18
218 24
218 26
218 32
218 33
218 38
218 39
218 41
218 44
218 47
218 52
218 55
218 71
218 72
218 80
218 85
218 87
218 90
218 92
218 94
218 96
218 99
218 105
218 120
218 125
218 134
218 135
218 139
218 146
218 147
218 148
218 152
218 155
218 156
218 174
218 177
218 179
218 181
218 200
218 201
218 203
218 204
218 205
218 207
218 211
218 213
218 215
218 224
218 228
219 2
219 3
219 5
219 8
219 10
219 11
219 13
219 39
219 42
219 47
219 51
219 56
219 68
219 70
219 75
219 76
219 79
219 84
219 85
219 92
219 97
219 98
219 100
219 102
219 105
219 109
219 111
219 114
219 131
219 134
219 136
219 137
219 146
219 149
219 150
219 167
219 170
219 172
219 175
219 185
219 193
219 196
219 197
219 199
219 206
219 211
219 213
219 227
220 5
220 6
220 14
220 15
220 16
220 24
220 31
220 32
220 40
220 44
220 46
220 53
220 55
220 60
220 63
220 66
220 70
220 77
220 79
220 92
220 97
220 105
220 122
220 123
220 131
220 149
220 152
220 154
220 158
220 159
220 160
220 167
220 175
220 176
220 185
220 189
220 208
220 209
220 225
220 229
221 0
221 1
221 9
221 12
221 14
221 30
221 46
221 47
221 49
221 50
221 52
221 65
221 86
221 88
221 107
221 109
221 121
221 128
221 129
221 131
221 134
221 135
221 150
221 167
221 181
221 183
221 186
221 191
221 195
221 200
221 209
221 211
221 212
221 217
221 223
221 226
222 1
222 3
222 5
222 19
222 20
222 24
222 30
222 43
222 63
222 65
222 66
222 80
222 86
222 90
222 107
222 109
222 116
222 128
222 129
222 130
222 137
222 158
222 164
222 165
222 172
222 173
222 178
222 181
222 185
222 189
222 192
222 204
222 206
222 207
222 210
222 212
222 217
222 219
223 2
223 4
223 5
223 7
223 9
223 11
223 19
223 30
223 31
223 32
223 39
223 41
223 51
223 55
223 65
223 66
223 78
223 79
223 85
223 95
223 97
223 104
223 106
223 108
223 113
223 114
223 131
223 135
223 136
223 137
223 138
223 146
223 154
223 162
223 165
223 166
223 183
223 190
223 194
223 197
223 203
223 205
223 206
223 208
223 219
223 228
223 229
224 5
224 19
224 24
224 26
224 28
224 29
224 30
224 39
224 47
224 54
224 65
224 68
224 69
224 73
224 77
224 82
224 83
224 95
224 99
224 100
224 102
224 104
224 109
224 112
224 114
224 116
224 124
224 126
224 128
224 130
224 141
224 142
224 144
224 149
224 160
224 165
224 170
224 171
224 172
224 173
224 185
224 195
224 214
224 218
224 219
224 220
225 1
225 11
225 16
225 21
225 35
225 37
225 40
225 41
225 43
225 46
225 47
225 51
225 52
225 54
225 64
225 66
225 68
225 70
225 80
225 82
225 84
225 89
225 91
225 103
225 110
225 111
225 114
225 115
225 119
225 127
225 128
225 135
225 139
225 142
225 144
225 145
225 151
225 159
225 163
225 166
225 168
225 169
225 172
225 183
225 186
225 190
225 193
225 208
225 211
225 224
226 7
226 9
226 13
226 22
226 25
226 27
226 31
226 32
226 41
226 42
226 47
226 49
226 51
226 54
226 55
226 59
226 60
226 62
226 63
226 65
226 70
226 71
226 72
226 77
226 78
226 79
226 83
226 91
226 94
226 101
226 103
226 109
226 110
226 116
226 124
226 133
226 135
226 137
226 146
226 152
226 154
226 156
226 157
226 163
226 165
226 166
226 168
226 172
226 173
226 183
226 185
226 191
226 194
226 197
226 198
226 205
226 207
226 208
226 216
226 219
226 221
226 223
226 225
227 8
227 14
227 20
227 27
227 34
227 38
227 49
227 53
227 59
227 61
227 62
227 66
227 69
227 74
227 78
227 87
227 89
227 90
227 92
227 94
227 101
227 103
227 106
227 110
227 119
227 135
227 137
227 139
227 150
227 151
227 152
227 155
227 156
227 164
227 166
227 167
227 172
227 174
227 179
227 183
227 185
227 192
227 196
227 197
227 198
227 213
227 215
227 217
227 223
228 3
228 8
228 12
228 19
228 21
228 33
228 38
228 49
228 56
228 57
228 66
228 70
228 78
228 81
228 83
228 84
228 92
228 93
228 98
228 104
228 109
228 112
228 125
228 133
228 140
228 147
228 148
228 156
228 158
228 161
228 166
228 167
228 173
228 179
228 186
228 187
228 192
228 195
228 201
228 204
228 209
228 225
229 10
229 32
229 34
229 41
229 50
229 51
229 54
229 64
229 65
229 72
229 73
229 76
229 83
229 88
229 95
229 101
229 105
229 106
229 112
229 120
229 122
229 149
229 150
229 153
229 155
229 159
229 161
229 164
229 167
229 175
229 177
229 181
229 184
229 186
229 200
229 202
229 205
229 207
229 212
229 214
229 217
229 224
229 228
