240
0 5
0 15
0 16
0 20
0 21
0 24
0 26
0 30
0 31
0 39
0 42
0 45
0 49
0 62
0 67
0 70
0 73
0 74
0 75
0 90
0 103
0 106
0 110
0 111
0 123
0 125
0 126
0 128
0 129
0 130
0 141
0 142
0 154
0 163
0 165
0 172
0 175
0 177
0 179
0 189
0 190
0 191
0 192
0 202
0 204
0 216
0 218
0 228
1 3
1 10
1 21
1 23
1 25
1 26
1 40
1 41
1 48
1 50
1 52
1 53
1 54
1 56
1 60
1 61
1 68
1 69
1 72
1 81
1 88
1 90
1 92
1 102
1 107
1 109
1 111
1 118
1 128
1 157
1 163
1 164
1 167
1 169
1 171
1 179
1 186
1 188
1 194
1 205
1 209
1 211
1 214
1 216
1 224
1 228
1 233
2 0
2 3
2 21
2 22
2 27
2 34
2 35
2 42
2 54
2 58
2 59
2 61
2 62
2 67
2 68
2 71
2 72
2 73
2 87
2 91
2 100
2 103
2 104
2 105
2 109
2 114
2 120
2 122
2 124
2 130
2 135
2 139
2 141
2 144
2 147
2 148
2 160
2 168
2 184
2 185
2 192
2 193
2 196
2 197
2 217
2 220
2 223
2 234
2 235
3 4
3 11
3 21
3 27
3 28
3 29
3 34
3 41
3 43
3 53
3 54
3 55
3 57
3 61
3 71
3 75
3 77
3 78
3 86
3 88
3 89
3 90
3 91
3 94
3 95
3 97
3 98
3 110
3 117
3 123
3 126
3 127
3 130
3 136
3 138
3 139
3 148
3 149
3 151
3 154
3 156
3 162
3 165
3 178
3 179
3 181
3 182
3 185
3 187
3 189
3 196
3 202
3 204
3 205
3 207
3 212
3 215
3 217
3 219
3 222
3 228
3 233
3 238
4 2
4 3
4 10
4 24
4 25
4 33
4 35
4 48
4 53
4 60
4 65
4 67
4 72
4 74
4 83
4 84
4 117
4 119
4 128
4 145
4 147
4 150
4 151
4 154
4 162
4 167
4 172
4 174
4 176
4 179
4 180
4 183
4 194
4 195
4 197
4 203
4 204
4 218
4 230
4 233
4 235
4 237
4 239
5 2
5 7
5 10
5 17
5 20
5 28
5 29
5 31
5 33
5 34
5 36
5 54
5 55
5 67
5 68
5 73
5 74
5 76
5 84
5 92
5 93
5 95
5 96
5 105
5 106
5 109
5 110
5 111
5 114
5 115
5 117
5 120
5 148
5 149
5 150
5 152
5 154
5 161
5 167
5 170
5 182
5 183
5 186
5 188
5 190
5 200
5 201
5 202
5 203
5 206
5 211
5 212
5 215
5 217
5 219
5 222
5 225
5 226
5 233
5 235
5 236
5 237
5 238
6 2
6 3
6 9
6 10
6 29
6 43
6 47
6 59
6 61
6 65
6 66
6 68
6 79
6 87
6 88
6 91
6 94
6 98
6 100
6 103
6 105
6 109
6 122
6 123
6 128
6 129
6 132
6 133
6 137
6 140
6 142
6 144
6 146
6 148
6 152
6 154
6 168
6 189
6 190
6 198
6 205
6 209
6 220
6 229
6 231
6 234
7 2
7 12
7 17
7 19
7 30
7 31
7 35
7 36
7 48
7 49
7 51
7 61
7 72
7 73
7 76
7 82
7 84
7 86
7 100
7 103
7 109
7 112
7 118
7 133
7 138
7 139
7 153
7 158
7 159
7 169
7 179
7 180
7 204
7 205
7 210
7 211
7 222
7 224
7 226
7 228
7 230
7 231
7 237
8 5
8 16
8 34
8 36
8 40
8 46
8 47
8 48
8 49
8 51
8 54
8 84
8 90
8 94
8 102
8 107
8 108
8 111
8 112
8 114
8 127
8 129
8 132
8 136
8 137
8 141
8 142
8 144
8 169
8 184
8 189
8 193
8 196
8 200
8 202
8 203
8 204
8 209
8 212
8 218
8 221
8 226
8 228
9 2
9 5
9 8
9 12
9 14
9 16
9 19
9 31
9 37
9 38
9 40
9 45
9 48
9 49
9 57
9 58
9 62
9 67
9 77
9 79
9 81
9 83
9 94
9 101
9 102
9 108
9 110
9 112
9 116
9 120
9 127
9 141
9 143
9 150
9 164
9 170
9 181
9 189
9 192
9 194
9 195
9 199
9 200
9 206
9 211
9 214
9 215
9 216
9 220
9 222
9 224
9 227
9 235
9 237
9 239
10 0
10 19
10 27
10 29
10 63
10 64
10 68
10 70
10 74
10 78
10 83
10 89
10 93
10 100
10 101
10 105
10 106
10 112
10 113
10 114
10 118
10 134
10 135
10 142
10 144
10 146
10 152
10 154
10 160
10 167
10 170
10 176
10 190
10 192
10 195
10 201
10 204
10 209
10 211
10 218
10 221
10 225
10 227
10 231
11 3
11 8
11 13
11 14
11 15
11 19
11 20
11 24
11 28
11 31
11 45
11 47
11 49
11 54
11 56
11 59
11 61
11 66
11 73
11 75
11 79
11 80
11 86
11 90
11 99
11 101
11 102
11 107
11 111
11 116
11 117
11 120
11 122
11 136
11 137
11 138
11 141
11 153
11 155
11 161
11 170
11 171
11 178
11 179
11 181
11 182
11 183
11 187
11 191
11 199
11 201
11 202
11 208
11 217
11 218
11 230
11 231
11 235
11 238
12 0
12 1
12 8
12 18
12 23
12 25
12 30
12 31
12 37
12 39
12 45
12 48
12 51
12 55
12 57
12 67
12 71
12 73
12 82
12 83
12 84
12 85
12 93
12 94
12 99
12 107
12 108
12 117
12 120
12 125
12 127
12 128
12 134
12 138
12 148
12 161
12 162
12 163
12 170
12 171
12 172
12 175
12 179
12 182
12 186
12 189
12 190
12 203
12 207
12 212
12 215
12 222
12 237
13 3
13 8
13 9
13 12
13 15
13 16
13 23
13 31
13 36
13 41
13 42
13 43
13 50
13 54
13 64
13 70
13 76
13 77
13 81
13 87
13 92
13 110
13 116
13 122
13 126
13 128
13 129
13 140
13 148
13 152
13 155
13 160
13 162
13 164
13 167
13 171
13 173
13 175
13 181
13 194
13 202
13 214
13 216
13 217
13 218
13 223
13 233
14 5
14 12
14 25
14 29
14 34
14 38
14 40
14 41
14 42
14 53
14 60
14 64
14 68
14 76
14 85
14 87
14 88
14 90
14 95
14 101
14 110
14 112
14 116
14 117
14 121
14 122
14 126
14 130
14 134
14 145
14 157
14 165
14 166
14 170
14 175
14 187
14 188
14 190
14 201
14 202
14 206
14 220
14 222
14 226
14 229
14 231
15 0
15 6
15 17
15 21
15 25
15 30
15 39
15 40
15 42
15 65
15 66
15 71
15 82
15 89
15 90
15 91
15 101
15 108
15 112
15 116
15 128
15 137
15 138
15 142
15 146
15 147
15 172
15 175
15 179
15 181
15 184
15 185
15 186
15 188
15 193
15 197
15 198
15 201
15 202
15 204
15 209
15 212
15 214
15 221
15 226
15 236
16 3
16 7
16 10
16 15
16 18
16 20
16 25
16 30
16 38
16 40
16 41
16 54
16 58
16 59
16 65
16 66
16 69
16 70
16 85
16 86
16 87
16 92
16 95
16 101
16 116
16 120
16 124
16 127
16 159
16 162
16 166
16 169
16 171
16 174
16 176
16 178
16 180
16 195
16 201
16 205
16 207
16 209
16 221
16 230
16 236
17 1
17 9
17 12
17 16
17 27
17 28
17 56
17 65
17 70
17 72
17 77
17 87
17 90
17 95
17 96
17 98
17 103
17 105
17 111
17 120
17 124
17 128
17 138
17 141
17 142
17 144
17 147
17 148
17 151
17 153
17 161
17 163
17 171
17 172
17 174
17 177
17 179
17 180
17 181
17 183
17 189
17 190
17 196
17 199
17 203
17 204
17 205
17 207
17 218
17 225
17 229
17 232
17 237
18 7
18 13
18 14
18 19
18 21
18 26
18 27
18 32
18 33
18 34
18 40
18 44
18 48
18 54
18 56
18 65
18 69
18 78
18 79
18 92
18 93
18 104
18 106
18 108
18 109
18 115
18 123
18 129
18 134
18 139
18 142
18 143
18 144
18 148
18 149
18 150
18 154
18 158
18 160
18 161
18 166
18 171
18 172
18 178
18 180
18 183
18 190
18 196
18 198
18 200
18 202
18 204
18 210
18 215
18 219
18 221
18 227
18 234
18 237
19 4
19 10
19 16
19 24
19 25
19 29
19 31
19 32
19 33
19 34
19 39
19 41
19 42
19 43
19 44
19 51
19 52
19 62
19 71
19 73
19 74
19 80
19 90
19 92
19 95
19 97
19 103
19 115
19 117
19 118
19 123
19 134
19 137
19 138
19 139
19 140
19 159
19 162
19 165
19 168
19 172
19 173
19 182
19 183
19 192
19 198
19 204
19 207
19 210
19 217
19 226
19 230
19 235
20 9
20 18
20 21
20 26
20 27
20 30
20 39
20 41
20 44
20 54
20 62
20 63
20 66
20 82
20 94
20 103
20 121
20 123
20 125
20 132
20 135
20 138
20 145
20 146
20 147
20 148
20 166
20 176
20 181
20 189
20 191
20 198
20 203
20 213
20 214
20 217
20 220
20 229
20 233
21 2
21 6
21 10
21 12
21 13
21 36
21 44
21 48
21 49
21 50
21 53
21 54
21 65
21 77
21 78
21 79
21 90
21 92
21 112
21 122
21 136
21 140
21 141
21 148
21 155
21 168
21 169
21 171
21 173
21 178
21 179
21 184
21 190
21 191
21 192
21 196
21 197
21 199
21 205
21 213
21 224
21 225
21 226
21 239
22 6
22 8
22 10
22 14
22 17
22 24
22 28
22 31
22 33
22 42
22 47
22 48
22 54
22 65
22 67
22 71
22 73
22 84
22 98
22 102
22 109
22 117
22 124
22 125
22 132
22 133
22 143
22 145
22 146
22 151
22 155
22 157
22 158
22 164
22 165
22 167
22 168
22 169
22 172
22 178
22 182
22 188
22 189
22 196
22 199
22 203
22 209
22 211
22 212
22 215
22 216
22 226
22 237
23 5
23 6
23 24
23 25
23 28
23 30
23 35
23 38
23 49
23 50
23 56
23 59
23 60
23 66
23 70
23 76
23 83
23 84
23 95
23 98
23 105
23 116
23 120
23 124
23 129
23 132
23 133
23 134
23 135
23 138
23 144
23 147
23 157
23 160
23 161
23 166
23 167
23 168
23 169
23 171
23 186
23 188
23 192
23 193
23 199
23 202
23 205
23 206
23 210
23 218
23 230
23 238
24 1
24 13
24 14
24 19
24 23
24 25
24 32
24 34
24 43
24 46
24 47
24 52
24 59
24 67
24 73
24 82
24 84
24 88
24 90
24 91
24 92
24 93
24 94
24 97
24 99
24 104
24 106
24 110
24 112
24 115
24 116
24 125
24 128
24 140
24 141
24 144
24 151
24 154
24 156
24 162
24 164
24 170
24 180
24 184
24 185
24 192
24 193
24 200
24 204
24 205
24 208
24 212
24 215
24 221
24 222
24 229
24 239
25 9
25 14
25 19
25 32
25 33
25 34
25 37
25 38
25 52
25 56
25 57
25 61
25 65
25 74
25 78
25 87
25 91
25 95
25 98
25 103
25 106
25 112
25 118
25 120
25 121
25 130
25 131
25 133
25 135
25 139
25 143
25 147
25 151
25 153
25 164
25 165
25 172
25 174
25 179
25 181
25 193
25 199
25 205
25 210
25 215
25 220
25 223
25 224
25 234
25 235
25 239
26 2
26 5
26 11
26 13
26 15
26 19
26 20
26 27
26 29
26 35
26 39
26 40
26 42
26 43
26 46
26 50
26 55
26 56
26 58
26 64
26 65
26 66
26 67
26 71
26 73
26 76
26 77
26 85
26 86
26 88
26 89
26 105
26 112
26 114
26 121
26 127
26 134
26 146
26 157
26 161
26 167
26 169
26 170
26 178
26 189
26 192
26 194
26 204
26 208
26 211
26 213
26 216
26 221
26 231
27 7
27 30
27 34
27 37
27 43
27 45
27 46
27 67
27 71
27 86
27 90
27 96
27 102
27 103
27 112
27 113
27 114
27 118
27 132
27 137
27 139
27 148
27 149
27 157
27 158
27 163
27 166
27 169
27 171
27 180
27 191
27 193
27 196
27 197
27 199
27 202
27 205
27 210
27 212
27 216
27 228
27 239
28 1
28 7
28 9
28 13
28 21
28 26
28 33
28 39
28 40
28 41
28 47
28 48
28 57
28 58
28 64
28 70
28 76
28 79
28 80
28 83
28 87
28 96
28 99
28 102
28 115
28 117
28 135
28 137
28 145
28 146
28 151
28 152
28 155
28 156
28 161
28 166
28 175
28 181
28 184
28 188
28 201
28 203
28 214
28 219
28 227
28 228
28 236
29 19
29 24
29 26
29 27
29 34
29 49
29 50
29 55
29 56
29 64
29 65
29 81
29 87
29 89
29 90
29 94
29 99
29 101
29 104
29 105
29 109
29 112
29 116
29 122
29 128
29 143
29 144
29 145
29 146
29 147
29 148
29 157
29 159
29 165
29 167
29 170
29 174
29 179
29 181
29 190
29 192
29 195
29 201
29 206
29 210
29 218
29 219
30 5
30 16
30 28
30 31
30 44
30 51
30 66
30 70
30 83
30 93
30 101
30 109
30 111
30 120
30 129
30 130
30 132
30 133
30 135
30 137
30 139
30 143
30 144
30 147
30 149
30 155
30 161
30 165
30 168
30 170
30 174
30 181
30 186
30 187
30 211
30 223
30 224
30 226
30 236
30 237
30 238
31 1
31 3
31 4
31 5
31 7
31 10
31 13
31 14
31 16
31 17
31 19
31 22
31 27
31 39
31 40
31 43
31 45
31 49
31 67
31 70
31 72
31 83
31 87
31 90
31 92
31 101
31 102
31 104
31 106
31 111
31 113
31 114
31 118
31 127
31 128
31 131
31 137
31 139
31 142
31 145
31 153
31 154
31 156
31 157
31 168
31 169
31 174
31 177
31 184
31 186
31 190
31 192
31 193
31 194
31 198
31 203
31 204
31 205
31 210
31 212
31 229
31 232
32 3
32 4
32 5
32 6
32 14
32 15
32 18
32 20
32 28
32 31
32 35
32 41
32 42
32 45
32 47
32 52
32 57
32 66
32 71
32 76
32 78
32 82
32 87
32 90
32 91
32 93
32 95
32 99
32 105
32 110
32 112
32 113
32 118
32 122
32 123
32 127
32 143
32 148
32 149
32 151
32 153
32 156
32 166
32 175
32 180
32 181
32 184
32 192
32 209
32 223
32 224
32 232
32 236
33 3
33 6
33 9
33 12
33 21
33 22
33 28
33 30
33 39
33 42
33 44
33 51
33 53
33 59
33 65
33 67
33 76
33 98
33 102
33 107
33 119
33 122
33 123
33 125
33 134
33 135
33 139
33 157
33 164
33 165
33 166
33 172
33 176
33 179
33 180
33 189
33 194
33 200
33 204
33 215
33 219
34 3
34 10
34 13
34 14
34 18
34 19
34 28
34 35
34 36
34 45
34 49
34 53
34 62
34 66
34 71
34 77
34 82
34 88
34 90
34 94
34 101
34 102
34 105
34 106
34 115
34 119
34 124
34 129
34 132
34 134
34 139
34 141
34 142
34 144
34 146
34 149
34 152
34 157
34 166
34 168
34 176
34 178
34 182
34 194
34 198
34 225
34 234
35 2
35 8
35 9
35 15
35 22
35 25
35 27
35 29
35 32
35 42
35 46
35 58
35 59
35 64
35 65
35 70
35 79
35 81
35 82
35 87
35 90
35 94
35 99
35 106
35 107
35 108
35 109
35 129
35 133
35 138
35 140
35 155
35 158
35 165
35 180
35 190
35 198
35 207
35 216
35 218
35 221
35 222
35 223
35 235
35 236
36 2
36 3
36 6
36 11
36 12
36 14
36 23
36 31
36 33
36 38
36 43
36 45
36 47
36 49
36 50
36 55
36 56
36 58
36 61
36 70
36 71
36 76
36 79
36 83
36 86
36 89
36 90
36 92
36 95
36 100
36 103
36 106
36 114
36 115
36 121
36 122
36 123
36 133
36 136
36 142
36 147
36 149
36 154
36 157
36 167
36 181
36 182
36 200
36 204
36 208
36 210
36 211
36 212
36 216
36 219
36 222
36 223
36 225
36 232
36 238
36 239
37 0
37 4
37 8
37 14
37 17
37 18
37 25
37 30
37 36
37 39
37 42
37 52
37 65
37 67
37 71
37 78
37 108
37 110
37 114
37 118
37 121
37 137
37 138
37 145
37 148
37 153
37 165
37 174
37 182
37 186
37 197
37 199
37 209
37 212
37 216
37 234
37 239
38 1
38 2
38 5
38 13
38 16
38 55
38 59
38 64
38 69
38 75
38 80
38 82
38 83
38 85
38 92
38 97
38 99
38 100
38 102
38 104
38 105
38 106
38 110
38 114
38 116
38 126
38 127
38 128
38 133
38 137
38 148
38 152
38 153
38 158
38 163
38 175
38 176
38 180
38 182
38 185
38 193
38 195
38 202
38 204
38 205
38 208
38 215
38 216
38 237
39 2
39 16
39 20
39 23
39 25
39 34
39 48
39 52
39 57
39 59
39 66
39 68
39 78
39 88
39 90
39 94
39 100
39 111
39 123
39 124
39 125
39 131
39 138
39 140
39 148
39 151
39 161
39 164
39 167
39 169
39 173
39 177
39 178
39 180
39 181
39 186
39 187
39 188
39 193
39 195
39 197
39 202
39 204
39 206
39 212
39 214
39 216
39 220
39 221
39 227
39 230
40 14
40 15
40 26
40 27
40 39
40 45
40 57
40 64
40 73
40 75
40 80
40 89
40 93
40 96
40 99
40 104
40 107
40 113
40 120
40 122
40 125
40 126
40 128
40 129
40 130
40 133
40 135
40 147
40 148
40 151
40 154
40 160
40 168
40 169
40 184
40 188
40 191
40 199
40 202
40 223
40 224
40 228
40 233
40 234
41 0
41 3
41 23
41 32
41 35
41 40
41 47
41 52
41 55
41 62
41 67
41 74
41 77
41 78
41 87
41 89
41 105
41 106
41 110
41 113
41 116
41 122
41 124
41 132
41 135
41 142
41 144
41 145
41 159
41 160
41 166
41 170
41 172
41 175
41 179
41 183
41 184
41 193
41 200
41 208
41 213
41 216
41 220
41 223
41 224
41 229
41 236
41 238
42 1
42 3
42 7
42 8
42 10
42 13
42 23
42 30
42 32
42 34
42 38
42 39
42 41
42 46
42 52
42 63
42 64
42 71
42 77
42 81
42 83
42 93
42 99
42 100
42 103
42 104
42 111
42 118
42 131
42 134
42 154
42 156
42 161
42 179
42 185
42 188
42 193
42 213
42 215
42 216
42 225
42 226
42 231
42 235
42 236
42 239
43 0
43 4
43 5
43 8
43 21
43 23
43 45
43 52
43 56
43 63
43 64
43 68
43 73
43 80
43 85
43 86
43 87
43 93
43 101
43 111
43 112
43 122
43 128
43 131
43 133
43 144
43 146
43 149
43 159
43 161
43 162
43 166
43 169
43 170
43 171
43 174
43 175
43 184
43 185
43 188
43 197
43 198
43 200
43 201
43 203
43 204
43 209
43 212
43 220
43 222
43 232
43 236
43 239
44 3
44 12
44 16
44 27
44 32
44 41
44 43
44 46
44 55
44 56
44 57
44 63
44 64
44 65
44 66
44 72
44 79
44 104
44 110
44 112
44 116
44 129
44 130
44 136
44 141
44 145
44 146
44 157
44 158
44 163
44 164
44 169
44 174
44 181
44 185
44 190
44 198
44 209
44 216
44 228
45 1
45 6
45 17
45 23
45 38
45 39
45 43
45 48
45 51
45 59
45 66
45 67
45 72
45 73
45 78
45 80
45 89
45 90
45 110
45 114
45 122
45 123
45 125
45 129
45 131
45 132
45 136
45 159
45 160
45 171
45 173
45 197
45 206
45 215
45 218
45 220
45 227
45 236
45 239
46 5
46 10
46 11
46 15
46 20
46 21
46 32
46 35
46 42
46 56
46 60
46 68
46 78
46 81
46 93
46 95
46 96
46 100
46 107
46 110
46 111
46 113
46 114
46 122
46 136
46 140
46 142
46 147
46 153
46 163
46 182
46 191
46 194
46 201
46 210
46 217
46 225
46 227
46 231
46 237
47 1
47 2
47 18
47 25
47 26
47 28
47 31
47 36
47 55
47 56
47 60
47 67
47 69
47 89
47 92
47 101
47 102
47 111
47 127
47 128
47 129
47 143
47 145
47 162
47 167
47 168
47 182
47 193
47 197
47 205
47 209
47 217
47 221
47 234
47 235
48 13
48 15
48 21
48 24
48 27
48 51
48 53
48 56
48 65
48 66
48 68
48 85
48 88
48 90
48 91
48 99
48 108
48 114
48 119
48 122
48 127
48 128
48 131
48 136
48 143
48 144
48 146
48 151
48 153
48 154
48 156
48 159
48 168
48 170
48 172
48 173
48 183
48 195
48 199
48 206
48 209
48 210
48 212
48 216
48 217
48 219
48 221
48 226
48 229
48 234
48 235
48 239
49 0
49 3
49 7
49 8
49 24
49 29
49 31
49 42
49 52
49 56
49 63
49 70
49 74
49 77
49 87
49 95
49 99
49 100
49 121
49 134
49 140
49 144
49 151
49 153
49 154
49 158
49 161
49 163
49 170
49 173
49 193
49 200
49 205
49 208
49 216
49 223
49 227
49 233
49 238
50 2
50 5
50 7
50 11
50 15
50 17
50 21
50 38
50 43
50 45
50 47
50 52
50 53
50 61
50 67
50 71
50 72
50 78
50 87
50 89
50 97
50 101
50 105
50 114
50 117
50 118
50 120
50 123
50 131
50 133
50 136
50 139
50 140
50 141
50 142
50 163
50 167
50 173
50 176
50 183
50 190
50 191
50 192
50 199
50 207
50 209
50 213
50 219
50 224
50 239
51 0
51 3
51 6
51 8
51 12
51 16
51 26
51 27
51 28
51 34
51 36
51 38
51 43
51 46
51 52
51 59
51 61
51 66
51 68
51 69
51 78
51 83
51 87
51 99
51 101
51 105
51 119
51 127
51 140
51 156
51 157
51 158
51 163
51 165
51 171
51 175
51 178
51 182
51 186
51 194
51 195
51 197
51 201
51 204
51 210
51 220
51 224
51 227
52 3
52 6
52 9
52 12
52 17
52 19
52 28
52 31
52 36
52 41
52 44
52 63
52 72
52 73
52 78
52 91
52 98
52 106
52 123
52 126
52 128
52 132
52 134
52 136
52 143
52 152
52 162
52 165
52 166
52 176
52 179
52 182
52 189
52 194
52 203
52 205
52 220
52 224
52 231
52 233
52 238
53 7
53 9
53 11
53 13
53 29
53 36
53 42
53 50
53 60
53 61
53 65
53 67
53 83
53 86
53 88
53 97
53 100
53 107
53 113
53 120
53 124
53 126
53 137
53 139
53 141
53 145
53 147
53 153
53 154
53 164
53 180
53 184
53 185
53 187
53 199
53 200
53 202
53 203
53 204
53 205
53 213
53 228
53 233
53 235
53 236
53 237
53 238
53 239
54 2
54 5
54 10
54 12
54 34
54 36
54 38
54 42
54 44
54 45
54 46
54 49
54 50
54 51
54 53
54 57
54 64
54 70
54 75
54 76
54 77
54 81
54 83
54 84
54 88
54 93
54 96
54 102
54 110
54 115
54 117
54 124
54 126
54 128
54 135
54 142
54 143
54 152
54 156
54 158
54 160
54 163
54 166
54 167
54 170
54 172
54 178
54 179
54 182
54 186
54 197
54 201
54 204
54 211
54 227
54 228
54 239
55 4
55 7
55 11
55 14
55 15
55 16
55 20
55 24
55 30
55 38
55 39
55 46
55 47
55 49
55 54
55 58
55 61
55 63
55 64
55 65
55 67
55 86
55 89
55 96
55 98
55 101
55 102
55 110
55 112
55 116
55 118
55 125
55 128
55 129
55 136
55 138
55 139
55 141
55 143
55 152
55 156
55 157
55 163
55 182
55 186
55 198
55 204
55 205
55 209
55 212
55 218
55 228
55 233
55 234
55 235
56 7
56 12
56 20
56 21
56 27
56 35
56 43
56 44
56 46
56 61
56 64
56 65
56 67
56 72
56 89
56 91
56 99
56 106
56 115
56 117
56 119
56 122
56 129
56 139
56 148
56 150
56 153
56 165
56 171
56 176
56 179
56 180
56 183
56 191
56 192
56 197
56 202
56 203
56 205
56 208
56 210
56 214
56 215
56 223
56 228
56 234
57 2
57 3
57 17
57 18
57 30
57 37
57 42
57 49
57 54
57 55
57 61
57 66
57 67
57 71
57 74
57 79
57 91
57 101
57 102
57 105
57 107
57 115
57 123
57 125
57 128
57 149
57 153
57 154
57 158
57 169
57 171
57 179
57 193
57 216
57 226
57 234
58 0
58 3
58 9
58 22
58 34
58 44
58 45
58 64
58 65
58 67
58 76
58 77
58 80
58 85
58 86
58 90
58 93
58 96
58 99
58 103
58 105
58 112
58 114
58 116
58 118
58 124
58 131
58 138
58 139
58 142
58 155
58 158
58 160
58 163
58 166
58 176
58 182
58 187
58 188
58 191
58 194
58 199
58 202
58 204
58 211
58 223
58 226
58 235
58 239
59 8
59 12
59 19
59 27
59 29
59 35
59 44
59 61
59 62
59 68
59 73
59 78
59 79
59 83
59 87
59 88
59 89
59 94
59 95
59 104
59 118
59 119
59 120
59 127
59 128
59 131
59 132
59 134
59 137
59 141
59 148
59 150
59 153
59 158
59 175
59 179
59 181
59 184
59 187
59 203
59 206
59 221
59 223
59 228
59 236
59 239
60 1
60 8
60 14
60 23
60 29
60 30
60 31
60 39
60 42
60 51
60 54
60 57
60 64
60 65
60 67
60 72
60 75
60 78
60 80
60 82
60 84
60 93
60 115
60 122
60 128
60 130
60 132
60 136
60 139
60 141
60 142
60 147
60 151
60 165
60 166
60 167
60 171
60 175
60 177
60 186
60 195
60 200
60 206
60 209
60 211
60 213
60 214
60 216
60 222
60 223
60 224
60 235
61 5
61 8
61 11
61 20
61 24
61 29
61 37
61 41
61 45
61 51
61 52
61 57
61 69
61 79
61 80
61 91
61 101
61 113
61 116
61 117
61 126
61 132
61 136
61 137
61 144
61 158
61 161
61 167
61 173
61 176
61 180
61 181
61 184
61 186
61 187
61 193
61 194
61 197
61 198
61 199
61 214
61 223
61 224
61 227
61 230
61 239
62 0
62 5
62 6
62 7
62 20
62 24
62 26
62 28
62 42
62 43
62 48
62 49
62 52
62 57
62 64
62 66
62 75
62 76
62 78
62 79
62 83
62 98
62 105
62 107
62 112
62 115
62 122
62 126
62 131
62 133
62 136
62 146
62 150
62 152
62 162
62 163
62 168
62 175
62 177
62 181
62 184
62 186
62 189
62 192
62 194
62 201
62 202
62 209
62 210
62 221
62 222
62 226
62 232
62 236
63 0
63 5
63 23
63 25
63 26
63 30
63 33
63 34
63 38
63 47
63 50
63 53
63 54
63 57
63 62
63 85
63 86
63 87
63 88
63 89
63 106
63 110
63 112
63 113
63 125
63 135
63 142
63 146
63 148
63 149
63 151
63 153
63 156
63 178
63 186
63 192
63 193
63 198
63 208
63 212
63 218
63 220
63 229
63 233
63 235
64 6
64 7
64 8
64 17
64 18
64 20
64 23
64 26
64 36
64 41
64 43
64 52
64 56
64 71
64 75
64 77
64 90
64 91
64 92
64 93
64 99
64 100
64 111
64 112
64 113
64 126
64 128
64 129
64 138
64 148
64 151
64 154
64 164
64 165
64 166
64 171
64 172
64 173
64 177
64 178
64 181
64 182
64 191
64 198
64 199
64 201
64 208
64 210
64 219
64 228
64 239
65 2
65 5
65 6
65 10
65 12
65 21
65 23
65 32
65 33
65 35
65 39
65 59
65 63
65 66
65 68
65 69
65 72
65 73
65 74
65 78
65 83
65 92
65 103
65 113
65 116
65 118
65 124
65 130
65 139
65 141
65 145
65 147
65 149
65 158
65 160
65 168
65 182
65 187
65 189
65 190
65 195
65 198
65 200
65 202
65 221
65 236
66 0
66 2
66 3
66 9
66 11
66 18
66 21
66 25
66 31
66 35
66 36
66 49
66 58
66 61
66 63
66 65
66 73
66 79
66 93
66 94
66 96
66 97
66 98
66 106
66 113
66 115
66 116
66 120
66 123
66 125
66 127
66 131
66 136
66 140
66 147
66 150
66 154
66 162
66 168
66 170
66 171
66 185
66 187
66 190
66 196
66 198
66 201
66 208
66 213
66 239
67 6
67 8
67 16
67 20
67 29
67 35
67 37
67 39
67 48
67 57
67 58
67 65
67 73
67 79
67 80
67 84
67 85
67 87
67 89
67 100
67 103
67 105
67 114
67 117
67 120
67 125
67 128
67 129
67 135
67 140
67 146
67 153
67 154
67 155
67 157
67 166
67 167
67 176
67 177
67 179
67 182
67 187
67 188
67 190
67 191
67 197
67 202
67 206
67 215
67 230
67 235
68 0
68 6
68 17
68 20
68 28
68 31
68 44
68 52
68 55
68 56
68 65
68 71
68 76
68 78
68 89
68 99
68 103
68 107
68 111
68 112
68 118
68 132
68 136
68 143
68 149
68 155
68 157
68 159
68 164
68 166
68 172
68 178
68 182
68 183
68 185
68 190
68 197
68 201
68 206
68 211
68 212
68 219
68 225
68 239
69 1
69 8
69 10
69 33
69 42
69 49
69 52
69 62
69 64
69 67
69 81
69 85
69 88
69 93
69 101
69 109
69 112
69 113
69 114
69 122
69 126
69 139
69 146
69 148
69 150
69 153
69 160
69 161
69 168
69 172
69 173
69 175
69 176
69 179
69 195
69 201
69 202
69 206
69 214
69 215
69 216
69 218
69 219
69 224
69 231
69 232
69 239
70 5
70 8
70 18
70 22
70 25
70 26
70 27
70 34
70 39
70 44
70 47
70 48
70 60
70 61
70 69
70 79
70 106
70 107
70 121
70 126
70 128
70 134
70 135
70 140
70 142
70 146
70 147
70 153
70 157
70 158
70 159
70 164
70 188
70 195
70 198
70 201
70 202
70 211
70 221
70 227
70 233
71 3
71 11
71 13
71 17
71 21
71 23
71 34
71 38
71 47
71 48
71 54
71 55
71 61
71 76
71 77
71 83
71 87
71 90
71 92
71 94
71 102
71 103
71 107
71 110
71 114
71 124
71 131
71 134
71 137
71 138
71 139
71 140
71 141
71 142
71 148
71 154
71 157
71 159
71 162
71 167
71 169
71 176
71 194
71 197
71 204
71 209
71 213
71 214
71 216
71 223
71 228
71 233
71 237
72 1
72 2
72 6
72 22
72 27
72 28
72 30
72 32
72 51
72 58
72 69
72 83
72 101
72 105
72 107
72 118
72 119
72 121
72 122
72 123
72 124
72 126
72 133
72 134
72 144
72 149
72 153
72 170
72 179
72 185
72 189
72 200
72 203
72 205
72 210
72 215
72 224
72 229
72 230
72 238
73 21
73 22
73 25
73 29
73 33
73 34
73 47
73 50
73 55
73 57
73 71
73 77
73 81
73 82
73 83
73 87
73 91
73 101
73 105
73 111
73 112
73 114
73 122
73 141
73 154
73 155
73 156
73 157
73 159
73 165
73 169
73 170
73 178
73 180
73 188
73 189
73 203
73 212
73 213
73 219
73 220
73 223
73 237
74 0
74 2
74 6
74 10
74 16
74 20
74 22
74 25
74 31
74 34
74 47
74 53
74 55
74 56
74 62
74 64
74 72
74 79
74 92
74 110
74 117
74 120
74 122
74 123
74 126
74 127
74 131
74 139
74 144
74 146
74 147
74 151
74 167
74 169
74 177
74 186
74 187
74 193
74 200
74 202
74 210
74 211
74 217
74 223
74 225
74 226
74 236
75 1
75 4
75 16
75 19
75 33
75 36
75 39
75 41
75 54
75 58
75 64
75 73
75 77
75 81
75 87
75 92
75 93
75 95
75 100
75 106
75 107
75 108
75 120
75 122
75 124
75 125
75 131
75 139
75 146
75 152
75 158
75 166
75 167
75 168
75 171
75 172
75 176
75 179
75 183
75 190
75 193
75 195
75 196
75 202
75 219
75 235
76 6
76 12
76 15
76 16
76 17
76 19
76 21
76 30
76 32
76 37
76 40
76 42
76 47
76 54
76 58
76 64
76 66
76 73
76 81
76 96
76 109
76 124
76 128
76 130
76 136
76 145
76 148
76 161
76 166
76 171
76 172
76 173
76 174
76 175
76 187
76 190
76 192
76 199
76 209
76 210
76 214
76 223
76 227
76 231
76 237
77 2
77 5
77 22
77 24
77 25
77 32
77 37
77 39
77 43
77 44
77 48
77 53
77 54
77 61
77 64
77 74
77 79
77 87
77 88
77 90
77 96
77 102
77 104
77 106
77 108
77 111
77 114
77 118
77 122
77 123
77 127
77 129
77 136
77 137
77 140
77 153
77 154
77 162
77 164
77 168
77 182
77 186
77 192
77 193
77 194
77 201
77 207
77 209
77 218
77 220
77 221
77 225
77 228
77 232
77 234
77 239
78 4
78 9
78 14
78 18
78 24
78 28
78 35
78 37
78 45
78 48
78 52
78 63
78 71
78 72
78 73
78 79
78 81
78 96
78 100
78 103
78 105
78 110
78 114
78 115
78 120
78 123
78 129
78 131
78 138
78 140
78 146
78 157
78 158
78 161
78 169
78 172
78 175
78 185
78 188
78 189
78 195
78 210
78 212
78 214
78 216
78 225
78 227
78 228
79 16
79 21
79 22
79 39
79 40
79 54
79 55
79 61
79 63
79 68
79 74
79 87
79 98
79 105
79 116
79 128
79 132
79 137
79 140
79 145
79 146
79 147
79 153
79 154
79 156
79 158
79 165
79 170
79 178
79 180
79 182
79 185
79 200
79 209
79 212
79 215
79 219
79 227
80 6
80 19
80 26
80 38
80 46
80 50
80 53
80 63
80 69
80 73
80 84
80 87
80 90
80 92
80 94
80 95
80 97
80 98
80 99
80 102
80 103
80 115
80 117
80 132
80 138
80 143
80 157
80 164
80 167
80 168
80 170
80 172
80 177
80 181
80 183
80 187
80 188
80 190
80 199
80 204
80 207
80 210
80 217
80 218
80 232
81 7
81 9
81 12
81 18
81 20
81 21
81 23
81 29
81 31
81 36
81 45
81 47
81 48
81 49
81 50
81 54
81 56
81 58
81 59
81 66
81 70
81 71
81 75
81 86
81 93
81 94
81 97
81 99
81 110
81 111
81 112
81 114
81 118
81 120
81 121
81 126
81 140
81 141
81 146
81 153
81 156
81 160
81 161
81 163
81 165
81 175
81 180
81 184
81 185
81 192
81 196
81 197
81 205
81 208
81 209
81 212
81 215
81 218
81 222
81 229
81 236
81 239
82 10
82 20
82 24
82 38
82 40
82 45
82 49
82 53
82 58
82 67
82 69
82 75
82 84
82 97
82 98
82 106
82 110
82 111
82 113
82 119
82 120
82 132
82 154
82 156
82 158
82 163
82 169
82 171
82 177
82 180
82 182
82 184
82 190
82 191
82 193
82 202
82 204
82 208
82 210
82 216
82 225
82 227
82 229
82 234
83 0
83 1
83 3
83 4
83 7
83 8
83 12
83 13
83 15
83 16
83 17
83 23
83 24
83 31
83 32
83 38
83 46
83 53
83 59
83 61
83 66
83 69
83 80
83 81
83 91
83 92
83 93
83 108
83 114
83 124
83 126
83 127
83 143
83 146
83 152
83 154
83 157
83 160
83 179
83 184
83 185
83 189
83 191
83 193
83 199
83 201
83 206
83 208
83 212
83 214
83 226
83 232
84 0
84 4
84 6
84 18
84 25
84 30
84 46
84 51
84 64
84 65
84 66
84 70
84 86
84 90
84 91
84 94
84 96
84 100
84 101
84 102
84 107
84 111
84 113
84 116
84 129
84 130
84 137
84 139
84 142
84 144
84 162
84 166
84 173
84 185
84 186
84 188
84 199
84 207
84 208
84 210
84 216
84 222
84 225
84 227
84 229
84 238
85 0
85 3
85 9
85 16
85 17
85 20
85 27
85 32
85 34
85 43
85 49
85 63
85 67
85 76
85 87
85 91
85 92
85 99
85 114
85 120
85 159
85 161
85 162
85 168
85 178
85 179
85 183
85 185
85 187
85 198
85 203
85 207
85 212
85 218
85 219
85 220
85 227
85 230
85 235
85 238
85 239
86 7
86 8
86 10
86 16
86 17
86 18
86 19
86 20
86 23
86 27
86 30
86 44
86 50
86 54
86 55
86 65
86 66
86 67
86 73
86 76
86 81
86 82
86 83
86 93
86 96
86 106
86 109
86 115
86 126
86 136
86 145
86 147
86 149
86 150
86 151
86 163
86 170
86 173
86 182
86 187
86 193
86 196
86 201
86 204
86 210
86 211
86 214
86 217
86 218
86 219
86 222
86 230
86 235
86 237
87 6
87 26
87 31
87 34
87 40
87 49
87 52
87 54
87 65
87 67
87 69
87 71
87 72
87 88
87 89
87 91
87 97
87 107
87 124
87 128
87 130
87 132
87 135
87 145
87 151
87 153
87 157
87 164
87 174
87 178
87 179
87 188
87 193
87 201
87 213
87 223
87 233
87 238
87 239
88 3
88 9
88 19
88 21
88 24
88 26
88 28
88 33
88 34
88 39
88 40
88 43
88 50
88 52
88 60
88 64
88 68
88 70
88 71
88 91
88 95
88 99
88 102
88 110
88 111
88 119
88 137
88 139
88 142
88 145
88 150
88 152
88 156
88 169
88 180
88 191
88 204
88 215
88 217
88 229
88 230
88 233
88 236
89 13
89 22
89 23
89 26
89 42
89 44
89 47
89 52
89 61
89 62
89 73
89 75
89 81
89 86
89 87
89 96
89 97
89 107
89 108
89 110
89 114
89 119
89 122
89 129
89 130
89 135
89 138
89 146
89 147
89 151
89 171
89 183
89 184
89 186
89 189
89 192
89 194
89 207
89 210
89 215
89 225
89 229
89 238
90 1
90 3
90 4
90 7
90 10
90 25
90 29
90 30
90 32
90 38
90 43
90 44
90 50
90 52
90 60
90 61
90 62
90 66
90 74
90 76
90 79
90 86
90 88
90 89
90 91
90 114
90 117
90 125
90 129
90 130
90 131
90 135
90 139
90 147
90 149
90 160
90 169
90 179
90 182
90 184
90 185
90 202
90 204
90 205
90 207
90 212
90 213
90 216
90 229
90 230
90 231
90 237
91 1
91 6
91 7
91 9
91 10
91 12
91 13
91 14
91 23
91 27
91 31
91 32
91 43
91 49
91 52
91 57
91 58
91 59
91 63
91 66
91 69
91 70
91 73
91 74
91 83
91 85
91 96
91 101
91 102
91 110
91 114
91 117
91 119
91 124
91 127
91 129
91 130
91 136
91 138
91 143
91 145
91 146
91 163
91 170
91 183
91 184
91 186
91 189
91 190
91 192
91 199
91 203
91 206
91 218
91 221
91 222
91 224
91 234
91 235
92 0
92 4
92 6
92 15
92 20
92 21
92 23
92 25
92 39
92 40
92 41
92 46
92 48
92 58
92 60
92 62
92 74
92 81
92 82
92 84
92 89
92 94
92 101
92 111
92 116
92 131
92 135
92 157
92 159
92 160
92 162
92 170
92 174
92 182
92 184
92 185
92 193
92 195
92 196
92 197
92 201
92 203
92 205
92 209
92 216
92 218
92 220
92 228
93 0
93 10
93 14
93 16
93 25
93 26
93 38
93 40
93 46
93 48
93 51
93 53
93 61
93 68
93 92
93 96
93 109
93 110
93 111
93 112
93 113
93 116
93 119
93 129
93 130
93 138
93 139
93 152
93 165
93 169
93 170
93 171
93 175
93 187
93 198
93 202
93 207
93 210
93 214
93 225
93 226
93 227
93 229
94 1
94 3
94 11
94 14
94 21
94 22
94 25
94 30
94 35
94 38
94 41
94 45
94 48
94 60
94 72
94 75
94 80
94 81
94 90
94 91
94 100
94 116
94 126
94 130
94 134
94 139
94 155
94 160
94 168
94 174
94 175
94 185
94 194
94 199
94 201
94 203
94 204
94 205
94 210
94 212
94 215
94 226
94 230
94 236
95 2
95 4
95 5
95 6
95 8
95 13
95 17
95 20
95 21
95 24
95 36
95 50
95 69
95 77
95 79
95 83
95 88
95 105
95 109
95 112
95 121
95 125
95 133
95 135
95 144
95 147
95 148
95 151
95 152
95 153
95 156
95 158
95 161
95 171
95 179
95 182
95 184
95 185
95 197
95 212
95 222
95 226
95 238
96 10
96 13
96 17
96 24
96 25
96 28
96 29
96 31
96 35
96 43
96 46
96 48
96 62
96 63
96 65
96 66
96 69
96 73
96 80
96 85
96 87
96 94
96 95
96 101
96 104
96 110
96 122
96 127
96 130
96 132
96 145
96 158
96 161
96 162
96 168
96 169
96 170
96 171
96 178
96 189
96 190
96 201
96 203
96 206
96 212
96 219
96 222
96 225
96 234
97 6
97 7
97 10
97 16
97 28
97 33
97 37
97 39
97 42
97 48
97 59
97 66
97 72
97 76
97 85
97 87
97 93
97 101
97 105
97 111
97 115
97 122
97 126
97 127
97 132
97 140
97 145
97 146
97 147
97 154
97 159
97 165
97 168
97 169
97 170
97 174
97 177
97 186
97 197
97 201
97 221
97 228
97 229
97 235
97 237
98 0
98 16
98 17
98 19
98 20
98 23
98 27
98 40
98 41
98 46
98 49
98 51
98 56
98 67
98 73
98 76
98 77
98 78
98 92
98 95
98 100
98 111
98 114
98 121
98 125
98 129
98 133
98 139
98 147
98 150
98 152
98 158
98 160
98 162
98 163
98 164
98 181
98 184
98 190
98 193
98 198
98 200
98 201
98 206
98 216
98 219
98 221
98 227
98 232
98 233
98 235
98 238
99 0
99 4
99 17
99 18
99 21
99 27
99 28
99 39
99 44
99 50
99 51
99 54
99 57
99 59
99 62
99 63
99 71
99 74
99 82
99 84
99 85
99 98
99 111
99 125
99 128
99 130
99 132
99 135
99 149
99 151
99 159
99 160
99 163
99 165
99 188
99 204
99 206
99 216
99 224
99 229
99 234
100 3
100 4
100 9
100 11
100 22
100 30
100 31
100 35
100 39
100 50
100 55
100 61
100 63
100 64
100 65
100 67
100 72
100 87
100 90
100 97
100 108
100 112
100 114
100 122
100 125
100 129
100 136
100 141
100 144
100 157
100 160
100 169
100 175
100 182
100 186
100 187
100 190
100 191
100 193
100 195
100 204
100 208
100 211
100 213
100 217
100 219
100 220
100 231
100 233
100 235
100 238
101 0
101 2
101 4
101 9
101 15
101 32
101 33
101 35
101 37
101 39
101 44
101 45
101 46
101 48
101 52
101 53
101 54
101 58
101 59
101 62
101 65
101 69
101 76
101 77
101 88
101 92
101 94
101 102
101 104
101 110
101 112
101 119
101 123
101 125
101 136
101 149
101 151
101 155
101 158
101 161
101 168
101 170
101 172
101 173
101 176
101 180
101 202
101 204
101 214
101 216
101 227
101 229
101 237
102 4
102 7
102 20
102 21
102 22
102 25
102 29
102 37
102 43
102 45
102 52
102 57
102 60
102 82
102 91
102 94
102 103
102 105
102 116
102 124
102 125
102 140
102 162
102 171
102 183
102 187
102 191
102 196
102 202
102 203
102 210
102 216
102 227
102 235
103 4
103 5
103 16
103 20
103 21
103 22
103 24
103 25
103 26
103 28
103 49
103 55
103 56
103 57
103 65
103 74
103 78
103 84
103 87
103 89
103 96
103 106
103 111
103 113
103 116
103 121
103 132
103 134
103 140
103 141
103 143
103 144
103 145
103 147
103 155
103 161
103 167
103 173
103 174
103 181
103 183
103 187
103 190
103 191
103 195
103 202
103 204
103 206
103 213
103 223
103 226
103 233
104 18
104 24
104 29
104 35
104 36
104 39
104 40
104 42
104 53
104 57
104 59
104 69
104 77
104 79
104 80
104 81
104 83
104 111
104 115
104 121
104 139
104 140
104 145
104 147
104 149
104 150
104 166
104 185
104 187
104 192
104 195
104 199
104 211
104 212
104 214
104 216
104 217
104 230
104 237
105 0
105 1
105 22
105 23
105 30
105 34
105 46
105 59
105 74
105 78
105 79
105 82
105 83
105 85
105 87
105 101
105 104
105 107
105 108
105 111
105 114
105 116
105 117
105 119
105 122
105 123
105 131
105 132
105 144
105 150
105 174
105 182
105 188
105 192
105 194
105 199
105 205
105 210
105 223
105 233
105 238
105 239
106 2
106 20
106 29
106 32
106 35
106 36
106 39
106 45
106 46
106 48
106 60
106 61
106 71
106 78
106 80
106 82
106 83
106 86
106 98
106 100
106 107
106 110
106 111
106 122
106 125
106 127
106 135
106 141
106 142
106 155
106 161
106 168
106 177
106 180
106 186
106 188
106 193
106 194
106 197
106 203
106 217
106 218
106 220
106 221
106 225
106 230
106 231
106 233
106 234
107 0
107 17
107 19
107 33
107 35
107 39
107 43
107 53
107 62
107 63
107 68
107 69
107 74
107 77
107 78
107 80
107 82
107 97
107 102
107 105
107 115
107 118
107 120
107 135
107 137
107 138
107 141
107 146
107 152
107 154
107 159
107 172
107 176
107 182
107 190
107 193
107 198
107 208
107 210
107 214
107 220
107 231
107 232
107 233
107 234
107 238
107 239
108 0
108 17
108 19
108 23
108 25
108 26
108 33
108 38
108 40
108 45
108 46
108 56
108 69
108 75
108 79
108 88
108 91
108 98
108 101
108 103
108 106
108 107
108 112
108 126
108 127
108 131
108 134
108 140
108 144
108 146
108 162
108 165
108 166
108 174
108 178
108 180
108 183
108 185
108 205
108 206
108 212
108 215
108 218
108 219
108 222
108 233
108 236
109 0
109 3
109 4
109 9
109 13
109 16
109 29
109 40
109 45
109 48
109 49
109 52
109 54
109 55
109 59
109 65
109 70
109 74
109 77
109 84
109 94
109 98
109 99
109 100
109 104
109 116
109 120
109 136
109 137
109 140
109 144
109 148
109 151
109 152
109 153
109 158
109 162
109 163
109 167
109 172
109 175
109 179
109 180
109 188
109 194
109 195
109 200
109 206
109 210
109 212
109 221
109 231
109 235
109 237
110 5
110 11
110 13
110 29
110 43
110 47
110 69
110 71
110 75
110 76
110 88
110 90
110 92
110 96
110 103
110 115
110 120
110 123
110 129
110 131
110 133
110 136
110 143
110 147
110 148
110 155
110 163
110 165
110 176
110 182
110 184
110 188
110 189
110 196
110 205
110 207
110 212
110 215
110 220
110 230
110 234
110 239
111 3
111 7
111 10
111 13
111 17
111 19
111 24
111 33
111 45
111 46
111 56
111 58
111 59
111 64
111 65
111 67
111 70
111 73
111 74
111 76
111 81
111 85
111 91
111 92
111 96
111 107
111 122
111 125
111 136
111 137
111 140
111 159
111 161
111 168
111 172
111 177
111 181
111 185
111 188
111 190
111 192
111 197
111 198
111 200
111 202
111 206
111 207
111 215
111 220
111 225
111 238
112 0
112 4
112 8
112 12
112 13
112 19
112 24
112 27
112 46
112 50
112 56
112 59
112 61
112 72
112 83
112 87
112 92
112 93
112 97
112 101
112 104
112 108
112 117
112 128
112 131
112 134
112 137
112 140
112 143
112 146
112 148
112 151
112 161
112 164
112 168
112 181
112 182
112 189
112 196
112 198
112 204
112 206
112 210
112 235
112 236
113 0
113 4
113 6
113 18
113 26
113 29
113 40
113 47
113 48
113 49
113 51
113 53
113 66
113 92
113 94
113 105
113 108
113 111
113 114
113 116
113 121
113 125
113 130
113 131
113 133
113 135
113 139
113 140
113 149
113 150
113 160
113 164
113 167
113 168
113 179
113 186
113 189
113 190
113 192
113 193
113 195
113 196
113 197
113 199
113 200
113 203
113 207
113 208
113 210
113 212
113 224
113 227
113 228
113 238
114 3
114 12
114 14
114 16
114 34
114 41
114 46
114 47
114 53
114 56
114 72
114 73
114 76
114 83
114 92
114 100
114 102
114 110
114 111
114 116
114 119
114 122
114 123
114 130
114 133
114 144
114 149
114 151
114 154
114 159
114 163
114 176
114 178
114 190
114 195
114 197
114 199
114 218
114 224
114 231
114 234
114 236
115 15
115 16
115 20
115 21
115 44
115 46
115 47
115 50
115 53
115 57
115 58
115 59
115 64
115 72
115 76
115 80
115 82
115 87
115 89
115 91
115 94
115 108
115 111
115 126
115 128
115 136
115 138
115 143
115 148
115 149
115 150
115 160
115 171
115 187
115 188
115 190
115 194
115 202
115 215
115 216
115 220
115 221
115 226
115 229
115 239
116 10
116 15
116 27
116 29
116 39
116 41
116 44
116 57
116 59
116 61
116 62
116 69
116 70
116 72
116 73
116 76
116 94
116 97
116 101
116 117
116 122
116 123
116 125
116 126
116 128
116 129
116 138
116 146
116 148
116 157
116 160
116 169
116 172
116 174
116 179
116 185
116 186
116 187
116 188
116 191
116 193
116 197
116 200
116 204
116 210
116 218
116 222
116 235
116 236
116 237
116 238
117 0
117 2
117 7
117 8
117 10
117 12
117 14
117 27
117 37
117 52
117 54
117 68
117 69
117 79
117 80
117 83
117 90
117 101
117 103
117 104
117 108
117 112
117 116
117 129
117 131
117 132
117 133
117 135
117 138
117 144
117 147
117 152
117 154
117 162
117 167
117 171
117 174
117 180
117 182
117 197
117 205
117 215
117 216
117 224
117 230
117 237
117 239
118 5
118 18
118 29
118 34
118 36
118 41
118 43
118 53
118 81
118 83
118 90
118 91
118 93
118 107
118 109
118 112
118 113
118 117
118 124
118 125
118 127
118 129
118 133
118 135
118 145
118 152
118 158
118 164
118 173
118 175
118 176
118 183
118 184
118 186
118 188
118 192
118 195
118 196
118 199
118 205
118 214
118 216
118 227
118 233
118 234
119 4
119 9
119 12
119 15
119 21
119 23
119 24
119 50
119 55
119 57
119 68
119 71
119 72
119 78
119 82
119 83
119 84
119 89
119 92
119 94
119 97
119 116
119 118
119 121
119 123
119 128
119 131
119 137
119 152
119 154
119 155
119 156
119 163
119 182
119 190
119 193
119 207
119 213
119 221
119 229
119 230
119 233
119 234
119 235
119 239
120 1
120 3
120 6
120 8
120 10
120 12
120 14
120 20
120 21
120 26
120 38
120 41
120 53
120 55
120 62
120 67
120 72
120 88
120 94
120 96
120 99
120 103
120 105
120 106
120 111
120 115
120 117
120 118
120 121
120 129
120 130
120 149
120 150
120 151
120 165
120 168
120 169
120 178
120 180
120 183
120 191
120 192
120 196
120 200
120 201
120 209
120 210
120 218
120 224
120 232
120 235
120 237
120 239
121 4
121 5
121 8
121 10
121 14
121 18
121 19
121 20
121 22
121 23
121 30
121 39
121 45
121 48
121 54
121 56
121 57
121 60
121 63
121 64
121 67
121 71
121 73
121 80
121 83
121 85
121 97
121 105
121 109
121 112
121 123
121 127
121 128
121 131
121 134
121 139
121 145
121 146
121 148
121 156
121 160
121 171
121 172
121 177
121 179
121 181
121 189
121 193
121 215
121 216
121 218
121 220
121 225
121 226
121 232
122 0
122 4
122 12
122 13
122 14
122 19
122 27
122 29
122 40
122 42
122 46
122 48
122 50
122 52
122 55
122 60
122 74
122 76
122 79
122 82
122 88
122 98
122 102
122 103
122 107
122 113
122 116
122 120
122 123
122 125
122 126
122 133
122 135
122 137
122 139
122 140
122 145
122 147
122 154
122 157
122 162
122 169
122 172
122 173
122 174
122 179
122 180
122 182
122 185
122 209
122 215
122 218
122 220
122 222
122 225
122 229
122 235
122 239
123 15
123 22
123 29
123 30
123 32
123 35
123 45
123 47
123 64
123 68
123 69
123 74
123 79
123 89
123 103
123 115
123 122
123 125
123 128
123 133
123 134
123 137
123 138
123 140
123 141
123 143
123 148
123 149
123 150
123 152
123 157
123 177
123 182
123 183
123 184
123 185
123 190
123 191
123 198
123 203
123 207
123 212
123 216
123 217
123 221
123 223
123 234
123 235
123 237
124 12
124 17
124 20
124 33
124 34
124 40
124 42
124 83
124 93
124 103
124 104
124 106
124 109
124 112
124 115
124 123
124 125
124 130
124 144
124 149
124 151
124 152
124 153
124 157
124 158
124 174
124 183
124 184
124 188
124 192
124 195
124 197
124 205
124 208
124 209
124 210
124 223
124 227
124 230
124 232
124 234
124 236
125 1
125 2
125 3
125 4
125 14
125 19
125 22
125 28
125 30
125 31
125 37
125 38
125 40
125 51
125 63
125 69
125 77
125 82
125 88
125 89
125 92
125 100
125 102
125 103
125 106
125 107
125 108
125 115
125 123
125 132
125 134
125 136
125 140
125 141
125 153
125 158
125 162
125 163
125 165
125 168
125 169
125 173
125 175
125 180
125 191
125 192
125 194
125 195
125 197
125 201
125 203
125 206
125 211
125 217
125 218
125 233
125 236
126 2
126 9
126 12
126 17
126 18
126 19
126 23
126 25
126 27
126 32
126 33
126 36
126 54
126 57
126 60
126 67
126 68
126 71
126 79
126 83
126 94
126 95
126 97
126 102
126 107
126 109
126 114
126 115
126 119
126 123
126 124
126 125
126 129
126 133
126 137
126 139
126 144
126 149
126 153
126 157
126 158
126 168
126 174
126 180
126 188
126 195
126 197
126 207
126 208
126 209
126 210
126 217
126 228
126 230
126 231
126 236
127 3
127 15
127 18
127 19
127 26
127 27
127 37
127 39
127 41
127 42
127 45
127 50
127 58
127 60
127 61
127 62
127 66
127 72
127 73
127 74
127 77
127 81
127 85
127 86
127 89
127 90
127 95
127 97
127 110
127 113
127 117
127 119
127 124
127 140
127 146
127 149
127 151
127 164
127 169
127 170
127 172
127 176
127 183
127 192
127 194
127 198
127 202
127 210
127 213
127 219
127 234
128 11
128 12
128 13
128 21
128 22
128 35
128 38
128 40
128 42
128 43
128 47
128 60
128 61
128 62
128 64
128 66
128 70
128 72
128 73
128 74
128 81
128 84
128 85
128 96
128 101
128 104
128 111
128 115
128 119
128 141
128 151
128 152
128 161
128 164
128 165
128 170
128 173
128 176
128 177
128 181
128 184
128 186
128 193
128 202
128 208
128 209
128 216
128 217
128 238
129 11
129 12
129 13
129 22
129 30
129 40
129 45
129 47
129 53
129 61
129 64
129 68
129 70
129 86
129 91
129 99
129 105
129 106
129 108
129 114
129 115
129 121
129 128
129 131
129 136
129 142
129 150
129 151
129 154
129 158
129 160
129 166
129 172
129 176
129 193
129 200
129 207
129 213
129 215
129 219
129 227
129 230
130 7
130 10
130 12
130 16
130 22
130 40
130 47
130 48
130 50
130 57
130 63
130 64
130 67
130 76
130 77
130 81
130 85
130 94
130 98
130 105
130 108
130 109
130 117
130 121
130 126
130 127
130 128
130 132
130 138
130 140
130 141
130 142
130 143
130 144
130 150
130 162
130 172
130 174
130 181
130 182
130 186
130 195
130 200
130 203
130 204
130 206
130 211
130 220
130 221
130 223
130 226
130 229
130 230
130 232
130 236
131 16
131 18
131 21
131 24
131 26
131 30
131 33
131 44
131 45
131 48
131 50
131 51
131 53
131 56
131 59
131 65
131 67
131 78
131 80
131 81
131 83
131 84
131 92
131 102
131 104
131 105
131 109
131 110
131 111
131 113
131 123
131 133
131 136
131 145
131 150
131 157
131 166
131 167
131 170
131 177
131 189
131 201
131 212
131 213
131 215
131 217
131 221
131 224
131 232
131 237
132 9
132 10
132 14
132 17
132 19
132 25
132 32
132 33
132 38
132 40
132 51
132 53
132 56
132 59
132 60
132 76
132 80
132 85
132 91
132 103
132 112
132 118
132 121
132 123
132 131
132 134
132 140
132 143
132 147
132 159
132 163
132 178
132 179
132 180
132 181
132 183
132 186
132 188
132 190
132 193
132 195
132 201
132 202
132 206
132 210
132 211
132 223
132 224
132 225
132 228
132 231
132 232
132 235
133 6
133 8
133 10
133 19
133 29
133 31
133 35
133 42
133 46
133 47
133 51
133 53
133 61
133 86
133 89
133 90
133 91
133 92
133 98
133 107
133 117
133 122
133 124
133 131
133 132
133 138
133 139
133 140
133 145
133 149
133 150
133 159
133 173
133 180
133 190
133 198
133 203
133 207
133 217
133 218
133 228
133 232
133 233
133 235
134 4
134 9
134 10
134 22
134 25
134 28
134 32
134 38
134 41
134 42
134 43
134 56
134 57
134 58
134 59
134 60
134 62
134 66
134 72
134 80
134 81
134 86
134 89
134 90
134 98
134 104
134 109
134 112
134 117
134 119
134 122
134 132
134 137
134 138
134 141
134 153
134 159
134 161
134 168
134 174
134 184
134 195
134 201
134 207
134 211
134 212
134 213
134 215
134 216
134 226
134 229
134 231
134 236
134 238
134 239
135 3
135 13
135 23
135 25
135 27
135 30
135 32
135 33
135 36
135 40
135 61
135 76
135 90
135 92
135 94
135 96
135 101
135 104
135 114
135 118
135 120
135 121
135 132
135 137
135 140
135 145
135 154
135 157
135 159
135 163
135 165
135 178
135 179
135 187
135 188
135 193
135 196
135 206
135 207
135 209
135 210
135 211
135 221
135 234
135 239
136 0
136 2
136 6
136 10
136 22
136 25
136 26
136 30
136 36
136 39
136 50
136 51
136 53
136 61
136 67
136 86
136 89
136 94
136 98
136 100
136 104
136 111
136 129
136 130
136 132
136 146
136 161
136 164
136 167
136 170
136 172
136 183
136 185
136 188
136 196
136 197
136 200
136 205
136 213
136 215
136 220
136 224
136 225
136 229
136 230
136 234
136 239
137 5
137 13
137 29
137 40
137 41
137 42
137 48
137 51
137 54
137 57
137 58
137 62
137 63
137 73
137 74
137 77
137 81
137 86
137 87
137 91
137 115
137 116
137 124
137 125
137 127
137 132
137 136
137 142
137 143
137 146
137 148
137 154
137 156
137 157
137 162
137 163
137 166
137 182
137 183
137 185
137 187
137 198
137 200
137 202
137 204
137 218
137 220
137 233
137 239
138 1
138 3
138 11
138 23
138 45
138 50
138 59
138 67
138 74
138 75
138 78
138 79
138 80
138 89
138 91
138 97
138 109
138 110
138 112
138 114
138 117
138 122
138 128
138 130
138 132
138 134
138 137
138 158
138 161
138 166
138 171
138 172
138 190
138 202
138 209
138 214
138 217
138 218
138 220
138 222
138 225
138 228
138 233
138 237
139 2
139 4
139 22
139 23
139 28
139 33
139 49
139 57
139 59
139 64
139 66
139 73
139 74
139 75
139 84
139 85
139 89
139 94
139 108
139 113
139 121
139 129
139 134
139 138
139 149
139 153
139 161
139 164
139 175
139 180
139 181
139 183
139 185
139 186
139 188
139 191
139 220
139 226
139 234
139 235
139 238
140 3
140 11
140 18
140 19
140 21
140 22
140 24
140 26
140 33
140 41
140 43
140 52
140 53
140 60
140 65
140 66
140 71
140 74
140 75
140 77
140 81
140 83
140 85
140 92
140 118
140 131
140 137
140 143
140 150
140 151
140 153
140 154
140 160
140 172
140 173
140 175
140 176
140 178
140 179
140 185
140 186
140 189
140 190
140 193
140 195
140 211
140 226
140 237
140 238
141 3
141 5
141 8
141 13
141 18
141 23
141 26
141 31
141 34
141 47
141 50
141 67
141 71
141 74
141 87
141 98
141 104
141 131
141 139
141 143
141 148
141 156
141 158
141 159
141 160
141 161
141 162
141 171
141 182
141 183
141 185
141 186
141 187
141 188
141 197
141 199
141 211
141 217
141 219
141 222
141 232
141 235
141 236
141 237
142 1
142 2
142 5
142 7
142 8
142 13
142 15
142 19
142 20
142 26
142 29
142 44
142 50
142 54
142 56
142 58
142 59
142 61
142 66
142 70
142 71
142 75
142 77
142 78
142 85
142 86
142 90
142 91
142 100
142 102
142 109
142 117
142 119
142 123
142 133
142 135
142 143
142 148
142 149
142 150
142 155
142 157
142 158
142 177
142 178
142 183
142 187
142 191
142 200
142 202
142 204
142 207
142 209
142 224
142 226
142 228
142 232
142 234
142 235
143 0
143 3
143 4
143 5
143 7
143 11
143 35
143 36
143 37
143 40
143 42
143 43
143 46
143 53
143 55
143 62
143 69
143 70
143 71
143 75
143 78
143 82
143 85
143 92
143 97
143 115
143 120
143 122
143 126
143 128
143 131
143 138
143 147
143 148
143 158
143 173
143 181
143 184
143 188
143 189
143 194
143 195
143 198
143 200
143 205
143 213
143 227
143 229
143 232
143 233
143 234
143 237
144 3
144 5
144 11
144 12
144 20
144 21
144 24
144 31
144 33
144 34
144 44
144 45
144 51
144 57
144 58
144 60
144 69
144 93
144 100
144 104
144 106
144 110
144 111
144 127
144 135
144 143
144 148
144 152
144 158
144 159
144 163
144 171
144 172
144 174
144 175
144 177
144 180
144 185
144 189
144 190
144 193
144 194
144 197
144 200
144 203
144 208
144 211
144 212
144 213
144 219
144 220
144 231
144 232
144 234
144 239
145 8
145 9
145 16
145 18
145 21
145 27
145 31
145 40
145 41
145 44
145 62
145 67
145 69
145 76
145 83
145 88
145 93
145 94
145 99
145 102
145 107
145 108
145 109
145 119
145 123
145 127
145 128
145 129
145 134
145 139
145 147
145 159
145 160
145 177
145 179
145 183
145 185
145 194
145 201
145 203
145 205
145 213
145 215
145 216
145 221
145 226
145 230
146 5
146 28
146 29
146 30
146 39
146 52
146 55
146 57
146 58
146 59
146 64
146 86
146 89
146 92
146 109
146 110
146 114
146 118
146 129
146 135
146 136
146 140
146 150
146 155
146 169
146 172
146 177
146 181
146 182
146 189
146 205
146 208
146 223
146 232
146 236
147 0
147 3
147 10
147 26
147 28
147 33
147 35
147 36
147 38
147 42
147 45
147 46
147 48
147 55
147 56
147 59
147 60
147 62
147 67
147 71
147 78
147 79
147 88
147 91
147 94
147 103
147 113
147 117
147 118
147 121
147 122
147 125
147 127
147 132
147 136
147 141
147 143
147 146
147 153
147 163
147 169
147 181
147 183
147 184
147 185
147 196
147 200
147 205
147 208
147 222
147 227
148 4
148 8
148 29
148 34
148 36
148 42
148 53
148 60
148 65
148 72
148 74
148 80
148 83
148 88
148 91
148 109
148 123
148 130
148 149
148 152
148 162
148 174
148 183
148 184
148 186
148 204
148 205
148 206
148 211
148 213
148 235
149 1
149 5
149 15
149 26
149 27
149 33
149 35
149 37
149 38
149 47
149 63
149 67
149 71
149 74
149 82
149 88
149 95
149 100
149 114
149 119
149 126
149 127
149 131
149 135
149 156
149 157
149 158
149 161
149 166
149 170
149 171
149 178
149 185
149 191
149 196
149 200
149 201
149 210
149 216
149 217
149 218
149 226
150 3
150 4
150 5
150 13
150 17
150 20
150 21
150 24
150 33
150 34
150 35
150 40
150 41
150 52
150 57
150 60
150 62
150 65
150 70
150 72
150 82
150 89
150 94
150 100
150 111
150 116
150 121
150 123
150 132
150 135
150 139
150 141
150 146
150 149
150 160
150 167
150 170
150 173
150 177
150 178
150 181
150 184
150 187
150 197
150 201
150 213
150 221
150 223
150 229
150 231
151 17
151 20
151 28
151 29
151 36
151 39
151 43
151 47
151 51
151 54
151 60
151 64
151 71
151 79
151 86
151 89
151 96
151 99
151 113
151 116
151 117
151 120
151 121
151 137
151 147
151 148
151 150
151 155
151 158
151 165
151 170
151 177
151 179
151 184
151 188
151 195
151 198
151 209
151 222
151 227
152 0
152 4
152 10
152 15
152 18
152 24
152 35
152 42
152 46
152 48
152 51
152 53
152 58
152 68
152 69
152 72
152 81
152 87
152 92
152 93
152 120
152 123
152 134
152 144
152 149
152 150
152 157
152 163
152 165
152 170
152 173
152 176
152 187
152 194
152 195
152 197
152 198
152 202
152 204
152 206
152 207
152 208
152 209
152 211
152 215
152 223
152 238
153 35
153 39
153 46
153 54
153 59
153 64
153 69
153 75
153 78
153 83
153 85
153 94
153 109
153 113
153 123
153 127
153 130
153 132
153 137
153 146
153 147
153 151
153 155
153 156
153 160
153 163
153 181
153 196
153 206
153 211
153 226
153 238
154 2
154 3
154 10
154 16
154 17
154 18
154 19
154 22
154 39
154 43
154 49
154 55
154 56
154 60
154 63
154 75
154 82
154 84
154 88
154 91
154 95
154 97
154 101
154 104
154 107
154 113
154 118
154 120
154 121
154 128
154 133
154 135
154 140
154 141
154 147
154 156
154 157
154 158
154 170
154 172
154 173
154 182
154 184
154 198
154 207
154 209
154 213
154 220
154 223
154 227
154 234
154 238
155 0
155 3
155 4
155 6
155 20
155 46
155 47
155 48
155 51
155 58
155 63
155 66
155 68
155 71
155 75
155 78
155 85
155 91
155 100
155 101
155 103
155 104
155 107
155 116
155 118
155 120
155 122
155 123
155 127
155 130
155 132
155 133
155 143
155 153
155 154
155 161
155 166
155 170
155 173
155 176
155 179
155 189
155 190
155 196
155 198
155 204
155 217
155 218
155 221
155 233
155 237
155 239
156 3
156 4
156 10
156 11
156 18
156 20
156 29
156 35
156 40
156 43
156 45
156 50
156 51
156 53
156 55
156 58
156 59
156 66
156 74
156 80
156 81
156 83
156 84
156 89
156 93
156 95
156 97
156 98
156 104
156 106
156 115
156 116
156 117
156 119
156 123
156 127
156 131
156 133
156 140
156 143
156 144
156 158
156 160
156 163
156 171
156 190
156 191
156 194
156 196
156 201
156 207
156 218
156 219
156 221
156 223
156 226
156 235
156 238
157 2
157 5
157 9
157 13
157 17
157 19
157 21
157 24
157 25
157 29
157 36
157 40
157 43
157 44
157 52
157 58
157 63
157 64
157 75
157 78
157 87
157 109
157 112
157 118
157 121
157 127
157 138
157 142
157 173
157 177
157 182
157 184
157 197
157 205
157 208
157 209
157 213
157 218
157 219
157 220
157 226
157 239
158 9
158 14
158 21
158 22
158 32
158 39
158 41
158 52
158 66
158 76
158 77
158 79
158 87
158 89
158 101
158 103
158 107
158 108
158 121
158 127
158 133
158 143
158 144
158 148
158 149
158 151
158 157
158 166
158 170
158 172
158 176
158 179
158 182
158 187
158 188
158 189
158 190
158 192
158 194
158 199
158 202
158 205
158 209
158 210
158 211
158 217
158 237
158 238
158 239
159 19
159 22
159 24
159 25
159 26
159 30
159 33
159 37
159 44
159 46
159 48
159 54
159 56
159 63
159 66
159 70
159 72
159 74
159 87
159 99
159 102
159 105
159 111
159 121
159 126
159 131
159 138
159 145
159 151
159 161
159 169
159 178
159 188
159 193
159 199
159 201
159 208
159 211
159 213
159 215
159 219
159 220
159 222
159 226
160 3
160 9
160 10
160 11
160 16
160 23
160 27
160 34
160 51
160 55
160 56
160 63
160 65
160 67
160 69
160 77
160 79
160 80
160 84
160 87
160 92
160 102
160 106
160 109
160 117
160 130
160 132
160 133
160 143
160 144
160 146
160 149
160 159
160 167
160 170
160 180
160 182
160 183
160 185
160 186
160 192
160 207
160 208
160 210
160 222
160 227
160 228
160 230
160 234
161 3
161 8
161 9
161 18
161 24
161 33
161 34
161 37
161 41
161 43
161 44
161 46
161 50
161 55
161 57
161 60
161 61
161 70
161 76
161 78
161 82
161 83
161 106
161 108
161 111
161 117
161 119
161 124
161 125
161 130
161 135
161 136
161 138
161 141
161 145
161 148
161 149
161 154
161 162
161 165
161 168
161 170
161 177
161 181
161 186
161 192
161 195
161 205
161 208
161 209
161 210
161 211
161 222
161 228
161 231
161 233
162 6
162 18
162 20
162 26
162 27
162 28
162 33
162 34
162 41
162 46
162 56
162 62
162 64
162 68
162 72
162 78
162 80
162 83
162 85
162 92
162 95
162 101
162 105
162 111
162 112
162 113
162 115
162 122
162 124
162 126
162 140
162 143
162 147
162 149
162 152
162 163
162 170
162 175
162 182
162 183
162 184
162 188
162 191
162 196
162 211
162 222
162 226
162 232
162 234
163 0
163 2
163 7
163 13
163 18
163 23
163 31
163 38
163 42
163 47
163 48
163 53
163 54
163 70
163 74
163 75
163 82
163 86
163 89
163 108
163 115
163 123
163 138
163 140
163 147
163 157
163 159
163 169
163 176
163 177
163 178
163 185
163 191
163 194
163 197
163 203
163 216
163 221
163 237
164 5
164 26
164 33
164 34
164 36
164 42
164 46
164 48
164 49
164 62
164 65
164 68
164 76
164 83
164 85
164 105
164 113
164 115
164 119
164 127
164 129
164 135
164 139
164 142
164 143
164 151
164 152
164 156
164 166
164 175
164 177
164 182
164 183
164 188
164 190
164 204
164 209
164 211
164 224
165 8
165 25
165 27
165 32
165 33
165 35
165 43
165 49
165 53
165 59
165 62
165 81
165 83
165 85
165 91
165 93
165 107
165 115
165 119
165 121
165 122
165 123
165 124
165 127
165 140
165 143
165 145
165 147
165 149
165 153
165 155
165 156
165 160
165 161
165 168
165 169
165 173
165 179
165 181
165 200
165 208
165 211
165 218
165 219
165 222
165 225
165 227
165 235
165 239
166 3
166 8
166 10
166 25
166 50
166 72
166 93
166 99
166 100
166 103
166 104
166 107
166 109
166 126
166 132
166 141
166 142
166 150
166 151
166 163
166 170
166 171
166 175
166 191
166 197
166 202
166 203
166 209
166 216
166 219
166 220
166 225
166 230
166 232
166 237
167 1
167 2
167 6
167 8
167 10
167 24
167 35
167 40
167 49
167 53
167 58
167 59
167 65
167 67
167 72
167 73
167 90
167 95
167 101
167 104
167 110
167 116
167 144
167 145
167 152
167 153
167 160
167 161
167 166
167 176
167 177
167 181
167 182
167 188
167 190
167 191
167 194
167 195
167 208
167 209
167 227
167 228
167 232
167 233
167 234
168 5
168 10
168 13
168 16
168 21
168 28
168 29
168 31
168 35
168 45
168 47
168 54
168 55
168 56
168 57
168 60
168 62
168 64
168 67
168 70
168 75
168 80
168 82
168 83
168 90
168 91
168 93
168 94
168 95
168 96
168 99
168 107
168 109
168 114
168 120
168 127
168 129
168 131
168 133
168 135
168 138
168 140
168 145
168 146
168 153
168 157
168 164
168 173
168 186
168 199
168 211
168 214
168 218
168 219
168 238
169 11
169 13
169 17
169 26
169 27
169 34
169 38
169 39
169 40
169 47
169 54
169 56
169 60
169 61
169 70
169 77
169 78
169 82
169 94
169 95
169 98
169 102
169 105
169 106
169 115
169 125
169 129
169 131
169 138
169 139
169 140
169 142
169 149
169 156
169 161
169 170
169 173
169 174
169 181
169 184
169 186
169 188
169 199
169 204
169 206
169 217
169 239
170 8
170 20
170 22
170 27
170 33
170 39
170 45
170 48
170 50
170 51
170 53
170 59
170 73
170 77
170 90
170 96
170 103
170 104
170 109
170 112
170 116
170 123
170 126
170 145
170 149
170 153
170 158
170 160
170 166
170 174
170 175
170 177
170 182
170 185
170 188
170 199
170 204
170 206
170 210
170 212
170 215
170 217
170 225
170 234
171 1
171 5
171 10
171 11
171 13
171 14
171 22
171 27
171 28
171 32
171 37
171 39
171 41
171 44
171 46
171 56
171 57
171 59
171 79
171 82
171 88
171 95
171 97
171 101
171 103
171 104
171 113
171 115
171 123
171 130
171 132
171 134
171 148
171 155
171 159
171 165
171 174
171 188
171 194
171 196
171 199
171 201
171 205
171 213
171 217
171 229
171 232
172 8
172 23
172 25
172 51
172 52
172 59
172 61
172 66
172 67
172 68
172 76
172 83
172 91
172 92
172 97
172 98
172 99
172 100
172 105
172 108
172 109
172 111
172 112
172 114
172 133
172 134
172 149
172 151
172 159
172 160
172 166
172 167
172 169
172 171
172 174
172 180
172 183
172 191
172 194
172 204
172 210
172 216
172 218
172 219
172 220
172 228
172 230
173 10
173 11
173 17
173 21
173 28
173 40
173 42
173 43
173 49
173 54
173 58
173 66
173 69
173 70
173 74
173 75
173 78
173 81
173 83
173 92
173 94
173 103
173 106
173 109
173 110
173 113
173 121
173 124
173 125
173 127
173 129
173 130
173 137
173 142
173 146
173 150
173 151
173 153
173 161
173 162
173 165
173 169
173 183
173 195
173 197
173 200
173 206
173 207
173 214
173 218
173 221
173 228
173 232
174 1
174 2
174 6
174 8
174 9
174 16
174 17
174 21
174 23
174 24
174 25
174 36
174 37
174 52
174 55
174 61
174 63
174 67
174 76
174 79
174 81
174 82
174 90
174 91
174 103
174 104
174 106
174 112
174 113
174 119
174 122
174 125
174 126
174 132
174 136
174 143
174 144
174 152
174 155
174 160
174 162
174 167
174 172
174 179
174 186
174 189
174 197
174 198
174 202
174 207
174 213
174 214
174 215
174 216
174 220
174 223
174 232
175 0
175 3
175 10
175 27
175 28
175 29
175 36
175 38
175 45
175 51
175 56
175 67
175 69
175 71
175 72
175 80
175 85
175 98
175 104
175 109
175 113
175 120
175 121
175 126
175 128
175 129
175 131
175 136
175 137
175 138
175 141
175 143
175 148
175 158
175 166
175 174
175 183
175 184
175 187
175 191
175 192
175 195
175 196
175 198
175 201
175 205
175 228
175 238
176 6
176 8
176 10
176 12
176 13
176 16
176 24
176 27
176 28
176 29
176 35
176 37
176 39
176 42
176 52
176 55
176 64
176 65
176 68
176 76
176 81
176 82
176 83
176 86
176 87
176 89
176 93
176 100
176 109
176 110
176 116
176 117
176 121
176 127
176 129
176 136
176 139
176 141
176 154
176 164
176 170
176 171
176 177
176 181
176 189
176 197
176 198
176 207
176 215
176 217
176 218
176 220
176 231
177 6
177 7
177 8
177 11
177 12
177 13
177 28
177 34
177 36
177 44
177 54
177 65
177 67
177 76
177 78
177 80
177 84
177 96
177 98
177 106
177 110
177 114
177 116
177 117
177 130
177 132
177 140
177 148
177 154
177 159
177 186
177 190
177 193
177 199
177 205
177 220
177 229
177 231
177 232
177 233
178 2
178 9
178 16
178 22
178 23
178 24
178 25
178 28
178 42
178 47
178 48
178 54
178 60
178 61
178 68
178 71
178 75
178 77
178 83
178 86
178 99
178 112
178 130
178 137
178 140
178 144
178 147
178 159
178 160
178 163
178 164
178 174
178 181
178 187
178 188
178 192
178 208
178 214
178 219
178 227
178 231
178 237
179 2
179 3
179 6
179 23
179 24
179 28
179 30
179 31
179 33
179 36
179 44
179 51
179 59
179 65
179 73
179 76
179 78
179 84
179 88
179 89
179 90
179 92
179 93
179 97
179 98
179 99
179 102
179 112
179 127
179 129
179 131
179 150
179 166
179 167
179 186
179 188
179 191
179 193
179 194
179 196
179 204
179 208
179 209
179 210
179 211
179 214
179 228
179 231
179 236
179 237
180 1
180 22
180 24
180 29
180 39
180 45
180 47
180 53
180 55
180 69
180 70
180 71
180 75
180 77
180 78
180 80
180 81
180 85
180 90
180 94
180 100
180 101
180 106
180 109
180 113
180 115
180 129
180 130
180 131
180 134
180 142
180 145
180 148
180 153
180 155
180 162
180 165
180 168
180 169
180 177
180 178
180 183
180 185
180 192
180 200
180 204
180 212
180 213
180 224
180 228
180 231
180 232
180 234
181 0
181 1
181 9
181 27
181 32
181 33
181 34
181 45
181 47
181 48
181 51
181 54
181 62
181 65
181 69
181 77
181 82
181 84
181 90
181 95
181 100
181 108
181 109
181 110
181 111
181 117
181 119
181 121
181 134
181 139
181 140
181 158
181 162
181 163
181 170
181 174
181 176
181 183
181 184
181 185
181 187
181 191
181 192
181 193
181 195
181 197
181 203
181 208
181 218
181 226
182 0
182 8
182 12
182 14
182 17
182 25
182 32
182 42
182 52
182 56
182 61
182 62
182 63
182 65
182 69
182 71
182 73
182 74
182 84
182 88
182 92
182 93
182 95
182 97
182 98
182 108
182 109
182 112
182 121
182 128
182 129
182 130
182 131
182 132
182 135
182 136
182 162
182 163
182 164
182 172
182 178
182 179
182 183
182 186
182 197
182 203
182 207
182 215
182 219
182 222
182 223
182 231
182 238
183 0
183 4
183 5
183 16
183 17
183 19
183 31
183 33
183 34
183 38
183 42
183 48
183 50
183 61
183 65
183 76
183 78
183 80
183 82
183 90
183 91
183 96
183 100
183 102
183 104
183 123
183 128
183 130
183 133
183 143
183 144
183 145
183 149
183 151
183 153
183 160
183 161
183 162
183 174
183 176
183 177
183 187
183 201
183 204
183 207
183 209
183 218
183 219
183 222
183 223
183 226
183 229
183 231
183 234
184 5
184 15
184 16
184 17
184 18
184 19
184 21
184 24
184 25
184 48
184 55
184 60
184 78
184 82
184 83
184 96
184 102
184 107
184 123
184 128
184 130
184 135
184 139
184 141
184 147
184 150
184 153
184 154
184 159
184 161
184 171
184 173
184 174
184 175
184 186
184 187
184 195
184 198
184 205
184 218
184 223
184 229
184 237
184 239
185 5
185 7
185 14
185 15
185 19
185 20
185 22
185 23
185 24
185 29
185 30
185 34
185 40
185 44
185 47
185 51
185 53
185 55
185 62
185 64
185 66
185 70
185 73
185 74
185 85
185 102
185 109
185 112
185 121
185 123
185 137
185 139
185 144
185 145
185 148
185 154
185 156
185 161
185 162
185 164
185 165
185 166
185 167
185 175
185 182
185 184
185 190
185 200
185 213
185 220
185 223
185 226
185 230
185 232
185 234
186 1
186 9
186 10
186 12
186 14
186 17
186 28
186 37
186 38
186 41
186 43
186 47
186 51
186 55
186 74
186 77
186 88
186 92
186 98
186 99
186 107
186 119
186 121
186 128
186 136
186 139
186 144
186 151
186 167
186 174
186 175
186 177
186 182
186 188
186 203
186 204
186 213
186 215
186 220
186 222
186 224
186 228
186 231
186 237
187 8
187 12
187 14
187 17
187 23
187 24
187 35
187 38
187 39
187 40
187 41
187 44
187 46
187 47
187 48
187 53
187 54
187 59
187 67
187 70
187 72
187 73
187 74
187 81
187 82
187 85
187 96
187 108
187 121
187 138
187 142
187 157
187 162
187 173
187 183
187 189
187 190
187 198
187 199
187 206
187 207
187 213
187 216
187 220
187 229
187 231
187 234
188 6
188 19
188 23
188 29
188 37
188 39
188 41
188 49
188 51
188 52
188 63
188 65
188 66
188 70
188 71
188 73
188 78
188 84
188 88
188 98
188 100
188 101
188 113
188 120
188 124
188 125
188 133
188 136
188 138
188 140
188 153
188 158
188 168
188 171
188 175
188 179
188 183
188 187
188 201
188 202
188 203
188 217
188 220
188 222
188 228
188 231
188 234
188 239
189 6
189 10
189 12
189 13
189 14
189 45
189 56
189 60
189 61
189 64
189 68
189 74
189 85
189 86
189 90
189 103
189 139
189 153
189 155
189 161
189 164
189 167
189 172
189 177
189 187
189 190
189 199
189 203
189 206
189 207
189 210
189 227
189 234
189 236
190 9
190 11
190 21
190 24
190 30
190 47
190 51
190 54
190 55
190 63
190 69
190 77
190 84
190 85
190 89
190 90
190 99
190 104
190 105
190 107
190 112
190 117
190 119
190 124
190 125
190 127
190 133
190 161
190 164
190 168
190 177
190 189
190 193
190 194
190 195
190 198
190 200
190 202
190 208
190 209
190 211
190 218
190 223
190 226
190 228
190 229
190 237
191 11
191 21
191 24
191 27
191 29
191 39
191 45
191 47
191 54
191 59
191 63
191 69
191 71
191 73
191 81
191 82
191 83
191 93
191 107
191 113
191 118
191 122
191 124
191 129
191 132
191 143
191 154
191 193
191 195
191 208
191 209
191 215
191 230
191 231
191 235
192 0
192 16
192 17
192 33
192 41
192 49
192 53
192 57
192 64
192 86
192 88
192 98
192 100
192 103
192 114
192 119
192 120
192 122
192 123
192 125
192 130
192 131
192 134
192 135
192 136
192 138
192 140
192 141
192 143
192 146
192 148
192 155
192 163
192 164
192 165
192 172
192 173
192 174
192 176
192 179
192 199
192 211
192 216
192 221
192 225
192 227
192 228
192 231
192 235
193 4
193 16
193 19
193 24
193 29
193 34
193 42
193 49
193 63
193 69
193 73
193 75
193 83
193 85
193 97
193 100
193 101
193 102
193 119
193 122
193 128
193 148
193 154
193 156
193 159
193 164
193 167
193 168
193 169
193 170
193 172
193 183
193 186
193 191
193 201
193 205
193 206
193 207
193 209
193 218
193 221
193 222
193 224
193 225
193 231
194 2
194 5
194 9
194 15
194 17
194 29
194 30
194 31
194 34
194 38
194 39
194 43
194 45
194 52
194 56
194 61
194 69
194 71
194 72
194 75
194 79
194 83
194 85
194 96
194 99
194 106
194 108
194 119
194 122
194 127
194 134
194 137
194 143
194 151
194 161
194 162
194 164
194 165
194 172
194 178
194 183
194 190
194 191
194 193
194 196
194 197
194 198
194 211
194 213
194 215
194 218
194 222
194 224
194 230
194 234
194 237
195 6
195 7
195 9
195 13
195 18
195 21
195 29
195 36
195 38
195 41
195 44
195 48
195 50
195 53
195 56
195 62
195 64
195 79
195 80
195 86
195 94
195 95
195 96
195 98
195 99
195 102
195 116
195 119
195 123
195 125
195 126
195 130
195 139
195 141
195 145
195 146
195 151
195 154
195 159
195 165
195 181
195 186
195 201
195 207
195 210
195 211
195 212
195 228
195 230
195 233
195 237
196 7
196 11
196 23
196 24
196 33
196 40
196 44
196 46
196 48
196 49
196 51
196 54
196 59
196 61
196 63
196 67
196 84
196 86
196 101
196 103
196 109
196 110
196 111
196 117
196 119
196 126
196 134
196 136
196 138
196 142
196 148
196 149
196 154
196 158
196 159
196 165
196 167
196 170
196 171
196 176
196 181
196 187
196 192
196 193
196 199
196 202
196 206
196 212
196 232
197 3
197 14
197 19
197 32
197 37
197 39
197 42
197 51
197 56
197 72
197 79
197 81
197 83
197 84
197 97
197 99
197 100
197 105
197 107
197 113
197 115
197 117
197 120
197 121
197 127
197 134
197 137
197 140
197 149
197 152
197 154
197 156
197 164
197 166
197 173
197 175
197 178
197 187
197 224
197 230
197 234
197 237
198 5
198 14
198 15
198 22
198 28
198 30
198 37
198 50
198 63
198 66
198 72
198 76
198 77
198 79
198 87
198 88
198 89
198 93
198 94
198 97
198 98
198 99
198 102
198 107
198 111
198 120
198 122
198 123
198 130
198 133
198 135
198 141
198 142
198 145
198 146
198 151
198 159
198 160
198 162
198 166
198 169
198 170
198 171
198 176
198 181
198 184
198 185
198 191
198 200
198 205
198 208
198 211
198 220
198 221
198 226
198 235
199 2
199 4
199 6
199 14
199 23
199 24
199 25
199 35
199 38
199 39
199 43
199 44
199 46
199 49
199 56
199 63
199 65
199 67
199 72
199 73
199 76
199 85
199 93
199 96
199 98
199 99
199 100
199 101
199 109
199 117
199 121
199 128
199 129
199 134
199 144
199 147
199 155
199 160
199 165
199 166
199 168
199 176
199 185
199 188
199 190
199 196
199 205
199 212
199 219
199 220
199 238
200 0
200 2
200 3
200 7
200 8
200 12
200 15
200 16
200 24
200 28
200 35
200 39
200 42
200 61
200 65
200 68
200 70
200 71
200 77
200 78
200 80
200 85
200 88
200 90
200 92
200 95
200 97
200 112
200 122
200 126
200 143
200 148
200 152
200 153
200 155
200 160
200 161
200 162
200 164
200 167
200 169
200 204
200 209
200 210
200 214
200 218
200 226
200 230
200 232
200 233
200 238
201 4
201 6
201 17
201 25
201 30
201 31
201 40
201 41
201 46
201 47
201 51
201 57
201 60
201 71
201 72
201 82
201 83
201 93
201 111
201 112
201 116
201 119
201 125
201 132
201 141
201 149
201 153
201 156
201 160
201 162
201 187
201 189
201 196
201 198
201 200
201 220
201 222
201 231
202 4
202 12
202 23
202 25
202 28
202 31
202 33
202 37
202 39
202 43
202 46
202 47
202 50
202 51
202 52
202 55
202 57
202 65
202 70
202 73
202 74
202 80
202 81
202 84
202 85
202 96
202 99
202 109
202 110
202 116
202 127
202 130
202 141
202 147
202 149
202 151
202 159
202 162
202 170
202 174
202 181
202 190
202 192
202 194
202 203
202 206
202 208
202 209
202 211
202 224
202 227
202 229
202 234
203 3
203 7
203 17
203 19
203 25
203 26
203 33
203 40
203 42
203 47
203 52
203 68
203 69
203 70
203 71
203 80
203 82
203 88
203 91
203 97
203 98
203 100
203 107
203 113
203 114
203 116
203 118
203 132
203 141
203 146
203 150
203 154
203 156
203 160
203 170
203 176
203 181
203 191
203 204
203 209
203 210
203 212
203 215
203 226
203 238
203 239
204 8
204 22
204 35
204 37
204 40
204 47
204 49
204 56
204 60
204 61
204 62
204 68
204 75
204 86
204 90
204 92
204 97
204 98
204 106
204 108
204 109
204 110
204 113
204 117
204 122
204 125
204 126
204 131
204 135
204 137
204 142
204 143
204 157
204 159
204 170
204 180
204 183
204 185
204 186
204 191
204 202
204 206
204 208
204 209
204 210
204 212
204 213
204 215
204 235
204 238
204 239
205 0
205 1
205 5
205 6
205 11
205 12
205 18
205 21
205 26
205 31
205 36
205 42
205 47
205 54
205 55
205 63
205 66
205 67
205 71
205 77
205 90
205 91
205 94
205 106
205 115
205 119
205 122
205 124
205 129
205 131
205 137
205 145
205 146
205 160
205 161
205 162
205 168
205 171
205 174
205 192
205 198
205 207
205 212
205 223
205 226
205 229
205 230
205 231
205 234
206 2
206 6
206 8
206 10
206 12
206 13
206 16
206 23
206 35
206 36
206 40
206 42
206 44
206 51
206 54
206 75
206 76
206 81
206 86
206 91
206 100
206 104
206 107
206 117
206 125
206 126
206 129
206 130
206 131
206 139
206 140
206 143
206 145
206 150
206 156
206 163
206 169
206 174
206 175
206 177
206 182
206 184
206 186
206 193
206 195
206 197
206 202
206 203
206 204
206 211
206 212
206 217
206 219
206 231
207 1
207 5
207 13
207 16
207 17
207 18
207 21
207 23
207 24
207 27
207 36
207 37
207 43
207 44
207 48
207 54
207 58
207 67
207 73
207 76
207 96
207 98
207 111
207 114
207 119
207 122
207 125
207 128
207 132
207 134
207 143
207 149
207 155
207 163
207 164
207 170
207 179
207 180
207 188
207 190
207 191
207 200
207 204
207 214
207 221
207 226
207 229
207 232
207 236
207 239
208 4
208 12
208 15
208 24
208 27
208 40
208 43
208 50
208 51
208 57
208 64
208 69
208 72
208 80
208 82
208 87
208 103
208 108
208 112
208 113
208 117
208 121
208 124
208 126
208 128
208 130
208 131
208 140
208 144
208 154
208 161
208 165
208 168
208 169
208 171
208 174
208 177
208 182
208 194
208 204
208 214
208 221
208 227
208 228
208 235
208 236
209 4
209 8
209 11
209 18
209 20
209 21
209 22
209 23
209 24
209 25
209 29
209 42
209 49
209 64
209 70
209 73
209 85
209 89
209 96
209 102
209 104
209 105
209 121
209 125
209 130
209 136
209 139
209 143
209 145
209 153
209 154
209 166
209 169
209 170
209 173
209 185
209 190
209 195
209 199
209 205
209 206
209 214
209 215
209 228
209 238
209 239
210 15
210 16
210 23
210 24
210 31
210 45
210 46
210 50
210 52
210 77
210 78
210 82
210 92
210 94
210 99
210 100
210 105
210 123
210 125
210 126
210 128
210 136
210 137
210 153
210 155
210 156
210 164
210 171
210 172
210 186
210 205
210 208
210 220
210 230
210 232
210 235
211 6
211 9
211 17
211 20
211 25
211 28
211 31
211 41
211 55
211 62
211 70
211 74
211 82
211 90
211 94
211 96
211 97
211 99
211 100
211 104
211 120
211 126
211 127
211 128
211 133
211 140
211 144
211 153
211 162
211 173
211 174
211 175
211 178
211 191
211 195
211 196
211 201
211 202
211 205
211 220
211 222
212 0
212 9
212 16
212 19
212 25
212 32
212 33
212 36
212 38
212 41
212 49
212 51
212 66
212 79
212 82
212 86
212 96
212 101
212 107
212 108
212 110
212 112
212 113
212 118
212 121
212 122
212 128
212 131
212 134
212 142
212 144
212 150
212 157
212 158
212 161
212 162
212 168
212 169
212 170
212 178
212 185
212 189
212 194
212 209
212 222
212 223
212 226
212 229
212 231
212 232
213 4
213 10
213 12
213 21
213 27
213 39
213 42
213 45
213 51
213 57
213 61
213 64
213 65
213 77
213 78
213 83
213 84
213 86
213 93
213 96
213 97
213 99
213 103
213 105
213 113
213 116
213 117
213 126
213 132
213 136
213 149
213 162
213 169
213 175
213 180
213 184
213 186
213 189
213 193
213 199
213 220
213 221
213 223
213 224
213 227
213 230
213 233
213 236
214 2
214 4
214 8
214 16
214 17
214 22
214 24
214 27
214 33
214 46
214 52
214 55
214 62
214 65
214 67
214 71
214 72
214 78
214 84
214 86
214 110
214 111
214 123
214 135
214 140
214 151
214 154
214 164
214 166
214 169
214 171
214 176
214 179
214 180
214 185
214 193
214 199
214 200
214 209
214 217
214 224
214 228
214 233
215 2
215 6
215 20
215 23
215 25
215 28
215 31
215 42
215 43
215 46
215 50
215 52
215 53
215 59
215 61
215 65
215 70
215 71
215 73
215 81
215 83
215 86
215 116
215 122
215 126
215 132
215 134
215 136
215 144
215 149
215 153
215 172
215 176
215 181
215 182
215 185
215 195
215 197
215 198
215 208
215 213
215 216
215 226
215 229
215 236
216 11
216 12
216 17
216 19
216 20
216 23
216 32
216 38
216 40
216 41
216 46
216 49
216 57
216 59
216 61
216 65
216 67
216 68
216 75
216 78
216 80
216 104
216 110
216 118
216 122
216 126
216 139
216 146
216 159
216 160
216 163
216 170
216 174
216 179
216 180
216 192
216 202
216 205
216 207
216 208
216 220
216 228
217 7
217 16
217 19
217 21
217 23
217 28
217 30
217 33
217 34
217 37
217 38
217 40
217 43
217 51
217 56
217 57
217 66
217 70
217 73
217 76
217 78
217 91
217 101
217 102
217 103
217 105
217 107
217 112
217 118
217 119
217 123
217 129
217 134
217 143
217 156
217 157
217 160
217 161
217 163
217 164
217 165
217 171
217 175
217 191
217 193
217 194
217 199
217 201
217 203
217 204
217 210
217 231
218 30
218 52
218 56
218 79
218 83
218 87
218 89
218 90
218 92
218 94
218 96
218 97
218 103
218 106
218 108
218 118
218 121
218 124
218 129
218 130
218 140
218 147
218 150
218 163
218 168
218 171
218 173
218 175
218 181
218 188
218 194
218 196
218 209
218 210
218 216
218 219
218 223
218 229
218 231
218 238
219 1
219 3
219 5
219 10
219 14
219 21
219 25
219 33
219 34
219 47
219 51
219 52
219 58
219 60
219 63
219 65
219 66
219 72
219 85
219 88
219 90
219 93
219 102
219 109
219 110
219 111
219 117
219 121
219 123
219 127
219 140
219 141
219 143
219 147
219 151
219 155
219 168
219 171
219 172
219 177
219 182
219 183
219 188
219 195
219 205
219 209
219 226
219 229
219 230
219 231
219 237
219 238
220 8
220 15
220 18
220 32
220 33
220 41
220 45
220 46
220 50
220 54
220 61
220 63
220 68
220 73
220 78
220 79
220 82
220 90
220 93
220 101
220 103
220 104
220 110
220 113
220 127
220 129
220 134
220 143
220 148
220 149
220 156
220 158
220 172
220 177
220 178
220 179
220 180
220 183
220 193
220 196
220 208
220 211
220 222
220 230
220 232
220 233
220 236
221 2
221 6
221 7
221 16
221 17
221 19
221 37
221 41
221 46
221 53
221 59
221 62
221 63
221 75
221 81
221 84
221 85
221 95
221 98
221 101
221 102
221 105
221 109
221 118
221 119
221 122
221 125
221 141
221 145
221 148
221 149
221 152
221 157
221 163
221 171
221 173
221 180
221 182
221 192
221 201
221 203
221 207
221 218
221 225
221 227
221 229
221 236
221 239
222 6
222 18
222 20
222 21
222 22
222 25
222 28
222 32
222 47
222 48
222 49
222 50
222 51
222 57
222 66
222 67
222 76
222 87
222 94
222 97
222 104
222 105
222 107
222 122
222 127
222 135
222 138
222 139
222 150
222 153
222 155
222 165
222 172
222 181
222 182
222 190
222 191
222 198
222 200
222 202
222 212
222 213
222 214
222 218
222 220
222 227
222 236
222 238
223 2
223 5
223 14
223 17
223 18
223 37
223 38
223 43
223 44
223 53
223 54
223 58
223 60
223 74
223 75
223 76
223 77
223 85
223 89
223 90
223 102
223 108
223 118
223 120
223 133
223 137
223 138
223 144
223 145
223 146
223 152
223 153
223 172
223 182
223 183
223 207
223 210
223 216
223 217
223 220
223 232
223 236
223 237
224 12
224 13
224 15
224 16
224 23
224 24
224 27
224 36
224 41
224 45
224 47
224 50
224 59
224 68
224 69
224 79
224 83
224 86
224 87
224 89
224 98
224 99
224 103
224 106
224 109
224 118
224 121
224 124
224 125
224 129
224 134
224 136
224 143
224 154
224 155
224 156
224 160
224 170
224 192
224 201
224 208
224 209
224 210
224 211
224 212
224 220
224 226
224 227
224 228
224 234
224 238
225 3
225 5
225 6
225 8
225 11
225 14
225 20
225 22
225 24
225 27
225 35
225 38
225 45
225 47
225 50
225 54
225 59
225 63
225 67
225 70
225 77
225 78
225 81
225 82
225 83
225 84
225 86
225 92
225 94
225 102
225 104
225 107
225 108
225 109
225 111
225 116
225 117
225 120
225 122
225 128
225 130
225 136
225 142
225 151
225 152
225 159
225 178
225 179
225 182
225 185
225 188
225 189
225 197
225 200
225 201
225 207
225 209
225 219
225 220
225 226
225 236
226 1
226 6
226 12
226 18
226 27
226 28
226 49
226 54
226 56
226 57
226 58
226 60
226 64
226 75
226 77
226 82
226 86
226 95
226 97
226 98
226 102
226 103
226 109
226 113
226 118
226 122
226 128
226 137
226 140
226 147
226 149
226 150
226 151
226 158
226 159
226 162
226 171
226 173
226 176
226 186
226 196
226 197
226 201
226 217
226 219
226 227
226 228
226 237
227 10
227 11
227 25
227 28
227 33
227 39
227 43
227 45
227 46
227 50
227 52
227 60
227 64
227 69
227 72
227 73
227 76
227 78
227 82
227 91
227 95
227 101
227 102
227 103
227 105
227 110
227 116
227 118
227 119
227 123
227 131
227 135
227 136
227 138
227 140
227 142
227 143
227 149
227 155
227 157
227 158
227 159
227 160
227 164
227 169
227 171
227 174
227 180
227 181
227 192
227 195
227 204
227 206
227 212
227 232
228 1
228 2
228 3
228 7
228 10
228 16
228 17
228 25
228 29
228 44
228 53
228 54
228 55
228 59
228 62
228 76
228 79
228 81
228 86
228 109
228 110
228 125
228 126
228 136
228 137
228 138
228 147
228 154
228 159
228 162
228 163
228 164
228 175
228 181
228 184
228 196
228 198
228 201
228 202
228 209
228 214
228 226
228 231
228 239
229 0
229 1
229 19
229 21
229 24
229 25
229 31
229 37
229 45
229 47
229 53
229 54
229 59
229 66
229 67
229 75
229 84
229 86
229 94
229 101
229 106
229 108
229 113
229 114
229 118
229 127
229 128
229 130
229 135
229 136
229 137
229 144
229 145
229 147
229 151
229 160
229 163
229 166
229 177
229 179
229 180
229 186
229 189
229 194
229 200
229 218
229 222
229 224
229 227
229 232
229 233
229 234
229 238
230 3
230 7
230 13
230 21
230 29
230 42
230 53
230 54
230 57
230 63
230 64
230 75
230 77
230 78
230 79
230 88
230 92
230 93
230 94
230 97
230 99
230 106
230 107
230 110
230 113
230 115
230 116
230 123
230 138
230 150
230 152
230 153
230 156
230 168
230 169
230 189
230 192
230 195
230 216
230 222
230 227
230 231
230 236
231 0
231 2
231 6
231 17
231 18
231 19
231 23
231 24
231 33
231 34
231 35
231 36
231 38
231 40
231 42
231 46
231 49
231 50
231 53
231 55
231 74
231 82
231 87
231 93
231 105
231 108
231 110
231 119
231 120
231 124
231 126
231 134
231 136
231 140
231 145
231 151
231 157
231 161
231 175
231 181
231 186
231 191
231 194
231 195
231 201
231 219
231 224
231 226
231 228
231 233
231 239
232 1
232 4
232 5
232 11
232 12
232 27
232 30
232 32
232 38
232 45
232 49
232 52
232 53
232 55
232 57
232 64
232 67
232 68
232 71
232 80
232 81
232 89
232 90
232 99
232 102
232 110
232 115
232 116
232 117
232 122
232 133
232 134
232 142
232 146
232 155
232 156
232 163
232 167
232 171
232 178
232 179
232 180
232 181
232 184
232 190
232 192
232 195
232 199
232 201
232 204
232 206
232 220
232 224
232 228
232 233
233 0
233 11
233 12
233 13
233 17
233 28
233 31
233 39
233 43
233 44
233 49
233 57
233 58
233 61
233 63
233 66
233 70
233 72
233 73
233 80
233 81
233 83
233 84
233 87
233 88
233 93
233 95
233 96
233 106
233 120
233 130
233 132
233 134
233 145
233 148
233 151
233 155
233 163
233 166
233 172
233 176
233 177
233 206
233 210
233 221
233 222
233 228
233 230
233 231
233 237
234 6
234 8
234 15
234 17
234 19
234 22
234 34
234 42
234 45
234 48
234 51
234 52
234 56
234 57
234 72
234 74
234 79
234 90
234 107
234 113
234 123
234 126
234 134
234 135
234 151
234 152
234 154
234 159
234 169
234 171
234 173
234 179
234 189
234 208
234 209
234 212
234 215
234 224
234 227
234 239
235 1
235 18
235 20
235 31
235 32
235 51
235 64
235 65
235 74
235 80
235 90
235 98
235 99
235 102
235 103
235 104
235 118
235 125
235 127
235 128
235 133
235 134
235 142
235 144
235 146
235 157
235 160
235 165
235 180
235 185
235 187
235 191
235 195
235 203
235 204
235 205
235 207
235 213
235 214
235 219
235 223
235 233
236 1
236 5
236 11
236 18
236 21
236 33
236 44
236 50
236 51
236 52
236 55
236 57
236 63
236 66
236 69
236 79
236 84
236 88
236 95
236 105
236 106
236 109
236 111
236 113
236 116
236 128
236 139
236 143
236 145
236 147
236 157
236 161
236 172
236 178
236 181
236 189
236 202
236 205
236 207
236 212
236 215
236 221
236 234
237 3
237 6
237 28
237 36
237 55
237 61
237 62
237 70
237 71
237 79
237 82
237 89
237 90
237 98
237 101
237 113
237 114
237 123
237 125
237 131
237 134
237 142
237 148
237 150
237 152
237 158
237 159
237 169
237 174
237 182
237 183
237 184
237 193
237 194
237 195
237 201
237 205
237 211
237 218
237 222
237 223
237 226
237 234
237 239
238 0
238 5
238 6
238 7
238 14
238 15
238 16
238 17
238 18
238 20
238 28
238 34
238 35
238 43
238 45
238 46
238 56
238 57
238 59
238 64
238 66
238 71
238 76
238 82
238 90
238 94
238 104
238 106
238 111
238 112
238 113
238 120
238 132
238 136
238 138
238 143
238 151
238 157
238 159
238 169
238 173
238 174
238 175
238 187
238 189
238 193
238 197
238 202
238 209
238 213
238 214
238 220
238 225
238 226
238 230
238 239
239 5
239 11
239 12
239 15
239 17
239 20
239 23
239 34
239 35
239 42
239 44
239 47
239 53
239 58
239 60
239 62
239 72
239 86
239 99
239 106
239 109
239 115
239 117
239 122
239 124
239 126
239 136
239 139
239 140
239 141
239 143
239 157
239 162
239 167
239 169
239 174
239 178
239 183
239 186
239 188
239 189
239 196
239 208
239 209
239 219
239 228
239 234
239 236
